Node/Edge,1000,7094
Step/Entity,1600,10
meet_step
0,0,0,69,29,34,0,53,51,15,0,
1,0,0,0,1,0,24,0,0,0,9,
2,69,0,0,19,28,0,49,48,17,4,
3,29,1,19,0,19,1,22,27,7,0,
4,34,0,28,19,0,0,31,32,15,0,
5,0,24,0,1,0,0,0,0,0,13,
6,53,0,49,22,31,0,0,40,15,2,
7,51,0,48,27,32,0,40,0,16,1,
8,15,0,17,7,15,0,15,16,0,0,
9,0,9,4,0,0,13,2,1,0,0,
0,0,43,0,49,45,13,23,32,0,0,
1,43,0,0,41,32,10,13,26,0,0,
2,0,0,0,0,0,13,0,0,1,25,
3,49,41,0,0,30,4,13,27,0,0,
4,45,32,0,30,0,16,12,26,0,0,
5,13,10,13,4,16,0,4,5,0,16,
6,23,13,0,13,12,4,0,19,0,0,
7,32,26,0,27,26,5,19,0,0,0,
8,0,0,1,0,0,0,0,0,0,1,
9,0,0,25,0,0,16,0,0,1,0,
0,0,15,25,0,0,30,31,0,0,0,
1,15,0,16,0,0,14,12,0,0,0,
2,25,16,0,0,24,40,59,27,7,13,
3,0,0,0,0,21,0,0,10,4,4,
4,0,0,24,21,0,2,7,46,15,16,
5,30,14,40,0,2,0,38,4,0,9,
6,31,12,59,0,7,38,0,7,5,16,
7,0,0,27,10,46,4,7,0,15,17,
8,0,0,7,4,15,0,5,15,0,4,
9,0,0,13,4,16,9,16,17,4,0,
0,0,2,33,1,0,41,4,0,8,12,
1,2,0,1,25,0,4,0,11,7,6,
2,33,1,0,3,1,27,12,0,0,1,
3,1,25,3,0,0,3,1,29,19,4,
4,0,0,1,0,0,3,11,0,0,1,
5,41,4,27,3,3,0,24,0,3,14,
6,4,0,12,1,11,24,0,0,0,11,
7,0,11,0,29,0,0,0,0,36,13,
8,8,7,0,19,0,3,0,36,0,4,
9,12,6,1,4,1,14,11,13,4,0,
0,0,0,0,0,46,0,0,5,51,5,
1,0,0,9,35,2,11,44,28,0,26,
2,0,9,0,11,0,4,9,7,0,2,
3,0,35,11,0,0,11,30,23,0,18,
4,46,2,0,0,0,0,0,31,62,16,
5,0,11,4,11,0,0,9,5,0,7,
6,0,44,9,30,0,9,0,14,1,20,
7,5,28,7,23,31,5,14,0,38,42,
8,51,0,0,0,62,0,1,38,0,22,
9,5,26,2,18,16,7,20,42,22,0,
0,0,6,3,9,18,15,22,3,8,19,
1,6,0,33,62,2,16,23,13,0,1,
2,3,33,0,25,2,12,7,50,0,0,
3,9,62,25,0,7,22,27,13,0,6,
4,18,2,2,7,0,15,15,6,1,27,
5,15,16,12,22,15,0,25,5,3,10,
6,22,23,7,27,15,25,0,9,3,9,
7,3,13,50,13,6,5,9,0,0,2,
8,8,0,0,0,1,3,3,0,0,1,
9,19,1,0,6,27,10,9,2,1,0,
0,0,0,27,17,15,8,2,7,0,1,
1,0,0,0,3,4,29,8,6,6,32,
2,27,0,0,1,1,2,0,3,0,2,
3,17,3,1,0,19,13,12,24,2,2,
4,15,4,1,19,0,6,6,14,3,5,
5,8,29,2,13,6,0,8,10,7,10,
6,2,8,0,12,6,8,0,36,1,2,
7,7,6,3,24,14,10,36,0,0,6,
8,0,6,0,2,3,7,1,0,0,11,
9,1,32,2,2,5,10,2,6,11,0,
0,0,16,10,16,15,12,21,2,11,18,
1,16,0,2,8,38,12,24,5,9,8,
2,10,2,0,27,1,35,14,0,25,40,
3,16,8,27,0,8,26,19,1,42,3,
4,15,38,1,8,0,8,15,7,3,9,
5,12,12,35,26,8,0,26,0,15,37,
6,21,24,14,19,15,26,0,2,18,26,
7,2,5,0,1,7,0,2,0,1,0,
8,11,9,25,42,3,15,18,1,0,15,
9,18,8,40,3,9,37,26,0,15,0,
0,0,21,0,0,30,23,0,0,3,0,
1,21,0,0,0,28,59,0,1,15,0,
2,0,0,0,36,0,0,38,24,0,17,
3,0,0,36,0,0,0,29,22,0,23,
4,30,28,0,0,0,42,0,0,16,0,
5,23,59,0,0,42,0,0,0,14,0,
6,0,0,38,29,0,0,0,22,0,26,
7,0,1,24,22,0,0,22,0,0,43,
8,3,15,0,0,16,14,0,0,0,0,
9,0,0,17,23,0,0,26,43,0,0,
0,0,1,0,14,0,3,0,0,18,0,
1,1,0,90,9,27,1,53,60,1,49,
2,0,90,0,5,42,1,55,64,0,45,
3,14,9,5,0,9,5,5,6,2,1,
4,0,27,42,9,0,3,30,23,0,21,
5,3,1,1,5,3,0,0,0,15,0,
6,0,53,55,5,30,0,0,41,0,46,
7,0,60,64,6,23,0,41,0,0,31,
8,18,1,0,2,0,15,0,0,0,0,
9,0,49,45,1,21,0,46,31,0,0,
0,0,1,0,6,4,1,10,12,4,0,
1,1,0,0,10,18,26,11,10,36,22,
2,0,0,0,0,0,2,0,0,3,28,
3,6,10,0,0,3,2,4,8,4,0,
4,4,18,0,3,0,14,16,22,25,22,
5,1,26,2,2,14,0,3,9,25,5,
6,10,11,0,4,16,3,0,25,17,6,
7,12,10,0,8,22,9,25,0,27,16,
8,4,36,3,4,25,25,17,27,0,22,
9,0,22,28,0,22,5,6,16,22,0,
0,0,4,8,12,6,8,21,13,13,9,
1,4,0,1,0,55,10,2,15,0,41,
2,8,1,0,33,1,0,7,9,11,0,
3,12,0,33,0,1,1,11,5,24,0,
4,6,55,1,1,0,20,3,37,2,69,
5,8,10,0,1,20,0,3,27,4,20,
6,21,2,7,11,3,3,0,2,13,4,
7,13,15,9,5,37,27,2,0,7,33,
8,13,0,11,24,2,4,13,7,0,0,
9,9,41,0,0,69,20,4,33,0,0,
0,0,34,65,55,30,12,36,23,36,46,
1,34,0,50,46,25,21,38,35,28,34,
2,65,50,0,89,40,5,48,49,70,76,
3,55,46,89,0,28,10,41,49,61,74,
4,30,25,40,28,0,24,43,33,35,31,
5,12,21,5,10,24,0,13,13,5,1,
6,36,38,48,41,43,13,0,55,58,46,
7,23,35,49,49,33,13,55,0,52,38,
8,36,28,70,61,35,5,58,52,0,50,
9,46,34,76,74,31,1,46,38,50,0,
0,0,0,3,1,52,1,40,37,56,25,
1,0,0,15,25,0,30,0,2,0,21,
2,3,15,0,9,5,1,4,6,3,4,
3,1,25,9,0,1,12,1,0,2,12,
4,52,0,5,1,0,15,51,62,62,32,
5,1,30,1,12,15,0,6,7,15,27,
6,40,0,4,1,51,6,0,33,44,16,
7,37,2,6,0,62,7,33,0,45,19,
8,56,0,3,2,62,15,44,45,0,28,
9,25,21,4,12,32,27,16,19,28,0,
0,0,49,0,0,0,2,70,4,0,0,
1,49,0,0,0,0,0,62,1,0,0,
2,0,0,0,2,23,44,0,38,62,28,
3,0,0,2,0,20,4,0,7,4,6,
4,0,0,23,20,0,12,0,10,12,5,
5,2,0,44,4,12,0,0,16,59,39,
6,70,62,0,0,0,0,0,3,0,0,
7,4,1,38,7,10,16,3,0,40,17,
8,0,0,62,4,12,59,0,40,0,22,
9,0,0,28,6,5,39,0,17,22,0,
0,0,2,5,4,4,8,10,17,3,6,
1,2,0,7,6,10,5,0,20,7,14,
2,5,7,0,23,3,6,0,2,12,10,
3,4,6,23,0,3,5,0,2,8,7,
4,4,10,3,3,0,5,7,22,6,12,
5,8,5,6,5,5,0,0,9,17,27,
6,10,0,0,0,7,0,0,2,0,1,
7,17,20,2,2,22,9,2,0,6,10,
8,3,7,12,8,6,17,0,6,0,17,
9,6,14,10,7,12,27,1,10,17,0,
0,0,2,20,21,0,2,21,1,27,11,
1,2,0,3,3,10,32,3,31,3,3,
2,20,3,0,13,1,2,9,2,13,33,
3,21,3,13,0,4,0,7,6,16,7,
4,0,10,1,4,0,13,5,10,0,0,
5,2,32,2,0,13,0,0,15,1,0,
6,21,3,9,7,5,0,0,7,15,7,
7,1,31,2,6,10,15,7,0,5,0,
8,27,3,13,16,0,1,15,5,0,15,
9,11,3,33,7,0,0,7,0,15,0,
0,0,38,6,2,5,0,0,1,10,32,
1,38,0,1,0,1,0,0,1,0,44,
2,6,1,0,3,0,10,3,0,11,0,
3,2,0,3,0,4,12,12,0,1,0,
4,5,1,0,4,0,0,0,87,3,1,
5,0,0,10,12,0,0,15,0,3,0,
6,0,0,3,12,0,15,0,0,1,0,
7,1,1,0,0,87,0,0,0,0,2,
8,10,0,11,1,3,3,1,0,0,0,
9,32,44,0,0,1,0,0,2,0,0,
0,0,10,18,16,23,0,3,0,14,18,
1,10,0,10,12,7,0,2,1,20,11,
2,18,10,0,18,12,0,1,0,5,1,
3,16,12,18,0,18,0,1,2,16,14,
4,23,7,12,18,0,6,6,3,10,18,
5,0,0,0,0,6,0,14,19,5,0,
6,3,2,1,1,6,14,0,33,1,3,
7,0,1,0,2,3,19,33,0,0,1,
8,14,20,5,16,10,5,1,0,0,13,
9,18,11,1,14,18,0,3,1,13,0,
0,0,0,3,33,1,3,4,2,1,1,
1,0,0,0,0,1,0,1,0,1,2,
2,3,0,0,1,29,0,23,0,9,18,
3,33,0,1,0,0,8,0,1,0,0,
4,1,1,29,0,0,0,24,0,10,141,
5,3,0,0,8,0,0,0,53,0,0,
6,4,1,23,0,24,0,0,0,17,33,
7,2,0,0,1,0,53,0,0,0,0,
8,1,1,9,0,10,0,17,0,0,8,
9,1,2,18,0,141,0,33,0,8,0,
0,0,3,7,0,22,11,19,1,0,13,
1,3,0,9,0,5,12,14,2,0,3,
2,7,9,0,2,4,5,30,3,3,13,
3,0,0,2,0,0,1,0,14,10,0,
4,22,5,4,0,0,3,15,0,0,10,
5,11,12,5,1,3,0,32,0,0,13,
6,19,14,30,0,15,32,0,2,0,30,
7,1,2,3,14,0,0,2,0,5,10,
8,0,0,3,10,0,0,0,5,0,0,
9,13,3,13,0,10,13,30,10,0,0,
0,0,16,2,0,4,0,0,0,15,0,
1,16,0,5,0,0,2,14,0,16,2,
2,2,5,0,0,0,5,11,2,5,14,
3,0,0,0,0,0,20,0,49,0,12,
4,4,0,0,0,0,0,0,0,6,0,
5,0,2,5,20,0,0,14,39,2,27,
6,0,14,11,0,0,14,0,2,9,7,
7,0,0,2,49,0,39,2,0,1,21,
8,15,16,5,0,6,2,9,1,0,1,
9,0,2,14,12,0,27,7,21,1,0,
0,0,3,0,0,0,0,0,0,0,0,
1,3,0,0,0,0,0,0,0,0,0,
2,0,0,0,18,23,13,27,57,28,14,
3,0,0,18,0,25,25,1,8,17,4,
4,0,0,23,25,0,33,7,16,33,1,
5,0,0,13,25,33,0,5,20,9,5,
6,0,0,27,1,7,5,0,26,27,8,
7,0,0,57,8,16,20,26,0,32,5,
8,0,0,28,17,33,9,27,32,0,6,
9,0,0,14,4,1,5,8,5,6,0,
0,0,3,8,0,3,3,4,9,8,5,
1,3,0,51,11,20,12,39,25,47,9,
2,8,51,0,9,39,11,60,28,43,20,
3,0,11,9,0,19,61,21,8,16,2,
4,3,20,39,19,0,22,29,31,31,12,
5,3,12,11,61,22,0,8,2,18,0,
6,4,39,60,21,29,8,0,41,41,22,
7,9,25,28,8,31,2,41,0,24,18,
8,8,47,43,16,31,18,41,24,0,6,
9,5,9,20,2,12,0,22,18,6,0,
0,0,9,0,13,19,0,46,33,38,0,
1,9,0,3,33,17,0,23,31,43,0,
2,0,3,0,0,0,1,0,0,0,1,
3,13,33,0,0,16,0,32,41,50,0,
4,19,17,0,16,0,0,32,20,31,0,
5,0,0,1,0,0,0,0,0,0,67,
6,46,23,0,32,32,0,0,66,88,0,
7,33,31,0,41,20,0,66,0,79,0,
8,38,43,0,50,31,0,88,79,0,0,
9,0,0,1,0,0,67,0,0,0,0,
0,0,7,0,1,10,0,0,16,0,12,
1,7,0,3,8,9,2,0,17,1,10,
2,0,3,0,52,3,57,30,1,48,21,
3,1,8,52,0,3,28,27,0,24,24,
4,10,9,3,3,0,6,4,9,3,4,
5,0,2,57,28,6,0,42,0,25,16,
6,0,0,30,27,4,42,0,3,34,24,
7,16,17,1,0,9,0,3,0,0,7,
8,0,1,48,24,3,25,34,0,0,28,
9,12,10,21,24,4,16,24,7,28,0,
0,0,4,1,50,0,1,60,1,0,54,
1,4,0,67,0,19,3,16,37,3,0,
2,1,67,0,2,1,13,0,2,0,1,
3,50,0,2,0,0,1,55,1,0,64,
4,0,19,1,0,0,17,6,37,26,0,
5,1,3,13,1,17,0,0,26,13,2,
6,60,16,0,55,6,0,0,9,0,59,
7,1,37,2,1,37,26,9,0,24,1,
8,0,3,0,0,26,13,0,24,0,0,
9,54,0,1,64,0,2,59,1,0,0,
0,0,12,0,0,3,0,2,19,2,0,
1,12,0,4,0,7,0,6,13,5,5,
2,0,4,0,1,7,19,26,5,22,36,
3,0,0,1,0,1,1,6,4,6,1,
4,3,7,7,1,0,1,13,5,11,20,
5,0,0,19,1,1,0,8,2,4,12,
6,2,6,26,6,13,8,0,1,24,50,
7,19,13,5,4,5,2,1,0,0,3,
8,2,5,22,6,11,4,24,0,0,23,
9,0,5,36,1,20,12,50,3,23,0,
0,0,25,40,7,2,2,5,3,0,0,
1,25,0,15,35,0,3,37,0,0,1,
2,40,15,0,9,0,2,1,0,0,0,
3,7,35,9,0,1,0,26,2,0,0,
4,2,0,0,1,0,22,6,15,46,12,
5,2,3,2,0,22,0,8,32,0,60,
6,5,37,1,26,6,8,0,6,1,7,
7,3,0,0,2,15,32,6,0,0,33,
8,0,0,0,0,46,0,1,0,0,1,
9,0,1,0,0,12,60,7,33,1,0,
0,0,34,1,0,1,32,0,9,0,20,
1,34,0,0,0,0,54,0,7,0,6,
2,1,0,0,0,67,0,0,15,0,0,
3,0,0,0,0,0,0,40,0,31,0,
4,1,0,67,0,0,0,0,10,0,0,
5,32,54,0,0,0,0,0,7,0,20,
6,0,0,0,40,0,0,0,0,35,0,
7,9,7,15,0,10,7,0,0,0,6,
8,0,0,0,31,0,0,35,0,0,0,
9,20,6,0,0,0,20,0,6,0,0,
0,0,1,36,0,14,9,5,23,40,4,
1,1,0,0,0,0,0,9,0,0,7,
2,36,0,0,0,17,7,2,20,19,1,
3,0,0,0,0,0,0,0,0,0,0,
4,14,0,17,0,0,3,7,30,25,14,
5,9,0,7,0,3,0,0,1,4,0,
6,5,9,2,0,7,0,0,3,2,42,
7,23,0,20,0,30,1,3,0,32,4,
8,40,0,19,0,25,4,2,32,0,0,
9,4,7,1,0,14,0,42,4,0,0,
0,0,21,10,11,0,6,0,0,13,10,
1,21,0,15,30,0,10,0,0,29,55,
2,10,15,0,3,0,4,1,0,14,18,
3,11,30,3,0,3,32,8,0,23,30,
4,0,0,0,3,0,2,32,10,2,0,
5,6,10,4,32,2,0,3,0,13,14,
6,0,0,1,8,32,3,0,0,0,0,
7,0,0,0,0,10,0,0,0,0,0,
8,13,29,14,23,2,13,0,0,0,36,
9,10,55,18,30,0,14,0,0,36,0,
0,0,0,0,62,14,30,0,0,4,68,
1,0,0,1,0,0,0,3,16,0,0,
2,0,1,0,2,3,0,38,18,21,1,
3,62,0,2,0,21,26,2,0,15,64,
4,14,0,3,21,0,12,2,0,6,12,
5,30,0,0,26,12,0,0,0,2,44,
6,0,3,38,2,2,0,0,10,18,0,
7,0,16,18,0,0,0,10,0,11,0,
8,4,0,21,15,6,2,18,11,0,8,
9,68,0,1,64,12,44,0,0,8,0,
0,0,18,8,19,3,17,14,8,3,13,
1,18,0,23,3,2,0,0,12,4,32,
2,8,23,0,4,2,0,0,21,3,18,
3,19,3,4,0,26,18,18,7,30,2,
4,3,2,2,26,0,1,4,0,66,0,
5,17,0,0,18,1,0,48,0,4,0,
6,14,0,0,18,4,48,0,3,1,0,
7,8,12,21,7,0,0,3,0,0,22,
8,3,4,3,30,66,4,1,0,0,3,
9,13,32,18,2,0,0,0,22,3,0,
0,0,18,7,6,8,23,21,0,10,0,
1,18,0,6,13,5,17,30,0,10,2,
2,7,6,0,12,41,37,25,0,23,0,
3,6,13,12,0,23,11,20,0,11,0,
4,8,5,41,23,0,26,6,0,31,0,
5,23,17,37,11,26,0,24,0,53,0,
6,21,30,25,20,6,24,0,0,20,0,
7,0,0,0,0,0,0,0,0,0,13,
8,10,10,23,11,31,53,20,0,0,0,
9,0,2,0,0,0,0,0,13,0,0,
0,0,0,36,10,14,30,1,0,0,21,
1,0,0,0,7,31,1,12,34,2,3,
2,36,0,0,11,5,29,0,2,0,15,
3,10,7,11,0,22,12,1,8,0,12,
4,14,31,5,22,0,17,4,29,0,4,
5,30,1,29,12,17,0,0,1,0,19,
6,1,12,0,1,4,0,0,10,4,0,
7,0,34,2,8,29,1,10,0,0,10,
8,0,2,0,0,0,0,4,0,0,0,
9,21,3,15,12,4,19,0,10,0,0,
0,0,2,2,7,0,9,4,6,5,2,
1,2,0,10,17,0,1,15,21,0,23,
2,2,10,0,7,0,5,11,10,0,3,
3,7,17,7,0,0,0,14,12,0,12,
4,0,0,0,0,0,2,0,0,2,0,
5,9,1,5,0,2,0,5,2,10,0,
6,4,15,11,14,0,5,0,13,4,7,
7,6,21,10,12,0,2,13,0,0,18,
8,5,0,0,0,2,10,4,0,0,0,
9,2,23,3,12,0,0,7,18,0,0,
0,0,25,83,61,87,3,0,0,0,0,
1,25,0,22,17,23,1,0,0,0,0,
2,83,22,0,52,66,1,0,0,0,0,
3,61,17,52,0,48,1,0,0,0,0,
4,87,23,66,48,0,3,0,0,0,0,
5,3,1,1,1,3,0,2,2,4,3,
6,0,0,0,0,0,2,0,2,23,24,
7,0,0,0,0,0,2,2,0,8,8,
8,0,0,0,0,0,4,23,8,0,22,
9,0,0,0,0,0,3,24,8,22,0,
0,0,36,0,33,33,42,0,1,0,3,
1,36,0,0,19,24,43,0,6,0,3,
2,0,0,0,0,0,0,57,9,31,7,
3,33,19,0,0,30,29,1,9,0,1,
4,33,24,0,30,0,19,0,13,0,3,
5,42,43,0,29,19,0,0,6,1,5,
6,0,0,57,1,0,0,0,4,38,5,
7,1,6,9,9,13,6,4,0,7,13,
8,0,0,31,0,0,1,38,7,0,5,
9,3,3,7,1,3,5,5,13,5,0,
0,0,0,12,12,31,33,18,28,6,5,
1,0,0,13,0,4,3,0,0,0,0,
2,12,13,0,0,4,3,1,13,0,0,
3,12,0,0,0,3,0,37,5,43,29,
4,31,4,4,3,0,33,3,25,2,21,
5,33,3,3,0,33,0,6,35,2,17,
6,18,0,1,37,3,6,0,2,46,35,
7,28,0,13,5,25,35,2,0,3,22,
8,6,0,0,43,2,2,46,3,0,49,
9,5,0,0,29,21,17,35,22,49,0,
0,0,3,5,3,8,2,10,4,4,5,
1,3,0,0,0,0,0,1,1,62,0,
2,5,0,0,32,29,20,36,35,0,15,
3,3,0,32,0,11,24,26,26,0,6,
4,8,0,29,11,0,5,31,13,0,14,
5,2,0,20,24,5,0,16,20,0,7,
6,10,1,36,26,31,16,0,17,1,22,
7,4,1,35,26,13,20,17,0,1,4,
8,4,62,0,0,0,0,1,1,0,0,
9,5,0,15,6,14,7,22,4,0,0,
0,0,6,9,22,30,24,33,17,41,23,
1,6,0,0,8,15,2,21,21,0,14,
2,9,0,0,3,8,12,15,1,10,2,
3,22,8,3,0,22,36,43,22,22,16,
4,30,15,8,22,0,19,16,17,10,18,
5,24,2,12,36,19,0,53,1,49,23,
6,33,21,15,43,16,53,0,10,28,21,
7,17,21,1,22,17,1,10,0,2,12,
8,41,0,10,22,10,49,28,2,0,14,
9,23,14,2,16,18,23,21,12,14,0,
0,0,0,16,8,11,13,7,1,5,1,
1,0,0,0,0,4,3,1,24,57,18,
2,16,0,0,0,0,3,0,1,0,0,
3,8,0,0,0,7,30,5,0,1,0,
4,11,4,0,7,0,15,11,10,1,2,
5,13,3,3,30,15,0,9,7,2,3,
6,7,1,0,5,11,9,0,33,11,11,
7,1,24,1,0,10,7,33,0,32,22,
8,5,57,0,1,1,2,11,32,0,37,
9,1,18,0,0,2,3,11,22,37,0,
0,0,0,2,37,14,8,0,6,2,0,
1,0,0,8,0,2,8,16,0,8,1,
2,2,8,0,0,2,16,9,0,30,9,
3,37,0,0,0,18,1,2,3,0,0,
4,14,2,2,18,0,1,0,4,0,0,
5,8,8,16,1,1,0,14,29,10,0,
6,0,16,9,2,0,14,0,0,6,3,
7,6,0,0,3,4,29,0,0,0,0,
8,2,8,30,0,0,10,6,0,0,32,
9,0,1,9,0,0,0,3,0,32,0,
0,0,31,16,23,34,52,35,46,42,19,
1,31,0,17,25,20,40,27,30,34,31,
2,16,17,0,18,15,10,13,10,18,16,
3,23,25,18,0,15,22,23,19,31,23,
4,34,20,15,15,0,28,35,28,24,9,
5,52,40,10,22,28,0,43,40,54,15,
6,35,27,13,23,35,43,0,27,42,24,
7,46,30,10,19,28,40,27,0,50,25,
8,42,34,18,31,24,54,42,50,0,44,
9,19,31,16,23,9,15,24,25,44,0,
0,0,2,0,1,12,5,15,0,0,0,
1,2,0,17,16,7,14,3,8,13,1,
2,0,17,0,26,24,21,4,18,31,12,
3,1,16,26,0,13,6,0,7,36,18,
4,12,7,24,13,0,12,21,22,13,1,
5,5,14,21,6,12,0,13,10,6,9,
6,15,3,4,0,21,13,0,0,1,0,
7,0,8,18,7,22,10,0,0,18,16,
8,0,13,31,36,13,6,1,18,0,17,
9,0,1,12,18,1,9,0,16,17,0,
0,0,0,37,1,0,5,23,32,0,1,
1,0,0,0,53,22,34,2,0,35,0,
2,37,0,0,0,0,4,19,39,0,5,
3,1,53,0,0,26,39,6,0,45,0,
4,0,22,0,26,0,9,2,0,17,0,
5,5,34,4,39,9,0,53,3,20,0,
6,23,2,19,6,2,53,0,7,4,0,
7,32,0,39,0,0,3,7,0,0,7,
8,0,35,0,45,17,20,4,0,0,0,
9,1,0,5,0,0,0,0,7,0,0,
0,0,23,1,0,3,2,0,1,11,1,
1,23,0,3,1,0,2,2,0,5,1,
2,1,3,0,0,0,93,0,0,49,0,
3,0,1,0,0,35,0,71,56,0,47,
4,3,0,0,35,0,0,52,51,0,32,
5,2,2,93,0,0,0,0,0,41,0,
6,0,2,0,71,52,0,0,75,0,68,
7,1,0,0,56,51,0,75,0,0,51,
8,11,5,49,0,0,41,0,0,0,0,
9,1,1,0,47,32,0,68,51,0,0,
0,0,16,29,34,12,0,46,26,30,24,
1,16,0,21,27,6,0,32,28,45,30,
2,29,21,0,34,44,0,47,42,39,32,
3,34,27,34,0,6,0,42,27,48,33,
4,12,6,44,6,0,0,21,17,14,12,
5,0,0,0,0,0,0,0,0,0,0,
6,46,32,47,42,21,0,0,39,51,32,
7,26,28,42,27,17,0,39,0,44,29,
8,30,45,39,48,14,0,51,44,0,31,
9,24,30,32,33,12,0,32,29,31,0,
0,0,12,2,1,8,15,5,17,29,17,
1,12,0,0,7,19,4,1,32,42,16,
2,2,0,0,0,7,52,35,8,1,0,
3,1,7,0,0,1,3,0,1,0,7,
4,8,19,7,1,0,16,20,36,12,9,
5,15,4,52,3,16,0,34,11,14,7,
6,5,1,35,0,20,34,0,10,0,3,
7,17,32,8,1,36,11,10,0,25,20,
8,29,42,1,0,12,14,0,25,0,20,
9,17,16,0,7,9,7,3,20,20,0,
0,0,0,0,23,0,0,4,0,4,31,
1,0,0,9,0,3,9,11,19,17,1,
2,0,9,0,3,1,16,8,9,17,1,
3,23,0,3,0,0,2,18,8,9,29,
4,0,3,1,0,0,4,0,2,0,0,
5,0,9,16,2,4,0,14,18,12,2,
6,4,11,8,18,0,14,0,33,11,39,
7,0,19,9,8,2,18,33,0,20,8,
8,4,17,17,9,0,12,11,20,0,6,
9,31,1,1,29,0,2,39,8,6,0,
0,0,6,5,2,35,5,8,5,58,31,
1,6,0,17,4,1,20,3,28,4,3,
2,5,17,0,5,0,12,15,16,6,10,
3,2,4,5,0,0,9,9,7,0,13,
4,35,1,0,0,0,1,1,8,55,30,
5,5,20,12,9,1,0,13,24,4,20,
6,8,3,15,9,1,13,0,9,4,15,
7,5,28,16,7,8,24,9,0,14,0,
8,58,4,6,0,55,4,4,14,0,30,
9,31,3,10,13,30,20,15,0,30,0,
0,0,0,58,64,0,33,0,8,8,45,
1,0,0,3,1,33,12,36,0,9,5,
2,58,3,0,39,0,30,0,5,3,38,
3,64,1,39,0,4,37,3,3,6,43,
4,0,33,0,4,0,4,20,0,12,1,
5,33,12,30,37,4,0,7,6,4,20,
6,0,36,0,3,20,7,0,0,3,2,
7,8,0,5,3,0,6,0,0,0,2,
8,8,9,3,6,12,4,3,0,0,22,
9,45,5,38,43,1,20,2,2,22,0,
0,0,7,35,8,8,0,1,1,15,15,
1,7,0,6,0,3,0,0,4,2,14,
2,35,6,0,9,16,0,0,2,8,18,
3,8,0,9,0,0,102,102,0,0,11,
4,8,3,16,0,0,1,0,5,34,22,
5,0,0,0,102,1,0,88,0,0,0,
6,1,0,0,102,0,88,0,0,0,0,
7,1,4,2,0,5,0,0,0,2,0,
8,15,2,8,0,34,0,0,2,0,32,
9,15,14,18,11,22,0,0,0,32,0,
0,0,1,0,0,6,0,0,0,0,28,
1,1,0,16,19,17,2,14,3,12,1,
2,0,16,0,30,12,6,46,0,25,1,
3,0,19,30,0,3,7,29,10,13,2,
4,6,17,12,3,0,0,2,0,1,5,
5,0,2,6,7,0,0,3,6,5,0,
6,0,14,46,29,2,3,0,0,10,0,
7,0,3,0,10,0,6,0,0,9,0,
8,0,12,25,13,1,5,10,9,0,0,
9,28,1,1,2,5,0,0,0,0,0,
0,0,9,8,25,9,23,0,29,24,21,
1,9,0,14,17,0,11,0,6,25,15,
2,8,14,0,10,2,25,0,13,15,23,
3,25,17,10,0,11,31,0,23,30,26,
4,9,0,2,11,0,7,0,5,2,9,
5,23,11,25,31,7,0,0,16,16,26,
6,0,0,0,0,0,0,0,0,0,0,
7,29,6,13,23,5,16,0,0,15,15,
8,24,25,15,30,2,16,0,15,0,18,
9,21,15,23,26,9,26,0,15,18,0,
0,0,0,25,22,68,0,60,56,0,28,
1,0,0,0,0,0,45,0,0,25,0,
2,25,0,0,12,33,1,17,34,0,19,
3,22,0,12,0,19,0,21,17,0,10,
4,68,0,33,19,0,0,51,40,0,28,
5,0,45,1,0,0,0,0,0,45,0,
6,60,0,17,21,51,0,0,42,0,21,
7,56,0,34,17,40,0,42,0,0,27,
8,0,25,0,0,0,45,0,0,0,0,
9,28,0,19,10,28,0,21,27,0,0,
0,0,6,24,4,0,14,10,12,0,8,
1,6,0,1,0,0,3,3,2,0,5,
2,24,1,0,10,2,22,10,13,0,19,
3,4,0,10,0,1,23,4,4,2,6,
4,0,0,2,1,0,0,0,0,32,0,
5,14,3,22,23,0,0,6,15,0,10,
6,10,3,10,4,0,6,0,6,0,11,
7,12,2,13,4,0,15,6,0,0,9,
8,0,0,0,2,32,0,0,0,0,0,
9,8,5,19,6,0,10,11,9,0,0,
0,0,1,0,5,4,0,2,4,1,0,
1,1,0,39,0,48,23,51,33,55,25,
2,0,39,0,0,52,31,44,53,44,55,
3,5,0,0,0,0,0,0,0,0,0,
4,4,48,52,0,0,36,61,29,67,22,
5,0,23,31,0,36,0,51,36,28,37,
6,2,51,44,0,61,51,0,35,51,38,
7,4,33,53,0,29,36,35,0,35,27,
8,1,55,44,0,67,28,51,35,0,40,
9,0,25,55,0,22,37,38,27,40,0,
0,0,43,12,0,42,8,26,0,2,32,
1,43,0,20,1,43,1,30,1,1,49,
2,12,20,0,7,25,5,12,2,1,18,
3,0,1,7,0,8,24,5,20,9,0,
4,42,43,25,8,0,6,42,4,2,43,
5,8,1,5,24,6,0,4,34,27,6,
6,26,30,12,5,42,4,0,16,6,24,
7,0,1,2,20,4,34,16,0,16,0,
8,2,1,1,9,2,27,6,16,0,3,
9,32,49,18,0,43,6,24,0,3,0,
0,0,1,12,24,29,12,1,26,34,29,
1,1,0,0,0,2,0,0,0,0,0,
2,12,0,0,23,11,17,12,32,19,27,
3,24,0,23,0,16,35,22,25,39,34,
4,29,2,11,16,0,20,5,19,21,20,
5,12,0,17,35,20,0,27,28,26,20,
6,1,0,12,22,5,27,0,23,16,24,
7,26,0,32,25,19,28,23,0,56,48,
8,34,0,19,39,21,26,16,56,0,41,
9,29,0,27,34,20,20,24,48,41,0,
0,0,21,11,15,22,13,0,4,17,24,
1,21,0,0,0,29,35,17,0,28,0,
2,11,0,0,23,5,0,0,0,5,41,
3,15,0,23,0,1,0,0,5,1,20,
4,22,29,5,1,0,60,25,0,17,0,
5,13,35,0,0,60,0,11,0,22,0,
6,0,17,0,0,25,11,0,0,9,0,
7,4,0,0,5,0,0,0,0,0,1,
8,17,28,5,1,17,22,9,0,0,1,
9,24,0,41,20,0,0,0,1,1,0,
0,0,0,3,0,0,1,12,41,6,71,
1,0,0,0,8,19,0,0,2,0,0,
2,3,0,0,0,0,11,20,14,5,2,
3,0,8,0,0,12,0,0,0,0,0,
4,0,19,0,12,0,0,0,1,0,0,
5,1,0,11,0,0,0,13,0,9,3,
6,12,0,20,0,0,13,0,8,16,5,
7,41,2,14,0,1,0,8,0,1,43,
8,6,0,5,0,0,9,16,1,0,4,
9,71,0,2,0,0,3,5,43,4,0,
0,0,2,0,18,3,27,29,24,0,5,
1,2,0,4,6,10,2,2,0,9,16,
2,0,4,0,1,15,2,0,0,19,20,
3,18,6,1,0,17,10,27,14,3,16,
4,3,10,15,17,0,3,8,4,9,12,
5,27,2,2,10,3,0,15,11,0,21,
6,29,2,0,27,8,15,0,21,0,19,
7,24,0,0,14,4,11,21,0,0,8,
8,0,9,19,3,9,0,0,0,0,6,
9,5,16,20,16,12,21,19,8,6,0,
0,0,2,0,2,3,2,14,15,0,3,
1,2,0,9,13,18,12,15,10,0,0,
2,0,9,0,14,38,10,13,9,2,0,
3,2,13,14,0,18,20,7,1,0,0,
4,3,18,38,18,0,21,39,15,0,0,
5,2,12,10,20,21,0,12,11,0,0,
6,14,15,13,7,39,12,0,61,0,0,
7,15,10,9,1,15,11,61,0,0,0,
8,0,0,2,0,0,0,0,0,0,38,
9,3,0,0,0,0,0,0,0,38,0,
0,0,4,0,2,15,2,0,1,9,1,
1,4,0,0,4,1,0,76,1,33,34,
2,0,0,0,3,1,8,0,10,0,0,
3,2,4,3,0,23,11,0,10,0,1,
4,15,1,1,23,0,10,1,10,2,2,
5,2,0,8,11,10,0,0,33,0,0,
6,0,76,0,0,1,0,0,0,59,41,
7,1,1,10,10,10,33,0,0,0,0,
8,9,33,0,0,2,0,59,0,0,26,
9,1,34,0,1,2,0,41,0,26,0,
0,0,0,0,0,33,0,1,70,0,22,
1,0,0,5,12,0,36,24,0,11,0,
2,0,5,0,3,0,11,36,0,37,0,
3,0,12,3,0,0,54,7,0,27,0,
4,33,0,0,0,0,0,0,26,0,29,
5,0,36,11,54,0,0,8,0,17,0,
6,1,24,36,7,0,8,0,0,36,1,
7,70,0,0,0,26,0,0,0,0,6,
8,0,11,37,27,0,17,36,0,0,0,
9,22,0,0,0,29,0,1,6,0,0,
0,0,0,2,0,51,0,58,0,64,0,
1,0,0,2,52,0,3,1,2,0,3,
2,2,2,0,3,1,20,0,62,0,27,
3,0,52,3,0,0,1,0,1,0,1,
4,51,0,1,0,0,0,69,0,83,0,
5,0,3,20,1,0,0,0,15,0,5,
6,58,1,0,0,69,0,0,0,79,0,
7,0,2,62,1,0,15,0,0,0,22,
8,64,0,0,0,83,0,79,0,0,0,
9,0,3,27,1,0,5,0,22,0,0,
0,0,0,1,13,0,0,7,3,1,12,
1,0,0,29,2,0,0,0,18,32,3,
2,1,29,0,5,0,0,1,10,17,17,
3,13,2,5,0,0,0,6,5,3,28,
4,0,0,0,0,0,60,0,0,0,0,
5,0,0,0,0,60,0,0,0,0,0,
6,7,0,1,6,0,0,0,1,1,3,
7,3,18,10,5,0,0,1,0,15,15,
8,1,32,17,3,0,0,1,15,0,6,
9,12,3,17,28,0,0,3,15,6,0,
0,0,0,0,35,0,5,2,0,0,0,
1,0,0,6,1,11,0,4,13,3,14,
2,0,6,0,0,35,0,18,23,65,50,
3,35,1,0,0,0,3,3,0,0,0,
4,0,11,35,0,0,0,5,19,22,32,
5,5,0,0,3,0,0,32,0,1,1,
6,2,4,18,3,5,32,0,2,28,6,
7,0,13,23,0,19,0,2,0,17,26,
8,0,3,65,0,22,1,28,17,0,38,
9,0,14,50,0,32,1,6,26,38,0,
0,0,0,0,36,0,2,11,21,10,2,
1,0,0,1,0,56,3,0,0,0,0,
2,0,1,0,0,0,22,0,0,0,1,
3,36,0,0,0,0,1,8,26,9,2,
4,0,56,0,0,0,0,0,0,0,0,
5,2,3,22,1,0,0,4,1,0,10,
6,11,0,0,8,0,4,0,2,8,15,
7,21,0,0,26,0,1,2,0,13,16,
8,10,0,0,9,0,0,8,13,0,24,
9,2,0,1,2,0,10,15,16,24,0,
0,0,0,0,0,0,0,0,0,0,0,
1,0,0,6,0,3,8,3,2,9,16,
2,0,6,0,5,29,5,7,19,3,1,
3,0,0,5,0,21,0,1,20,2,0,
4,0,3,29,21,0,0,1,29,3,3,
5,0,8,5,0,0,0,29,0,51,25,
6,0,3,7,1,1,29,0,1,15,14,
7,0,2,19,20,29,0,1,0,0,0,
8,0,9,3,2,3,51,15,0,0,50,
9,0,16,1,0,3,25,14,0,50,0,
0,0,21,13,13,14,0,17,30,28,10,
1,21,0,5,16,37,0,17,26,23,11,
2,13,5,0,8,21,2,5,11,14,11,
3,13,16,8,0,45,0,34,33,26,13,
4,14,37,21,45,0,1,48,48,45,34,
5,0,0,2,0,1,0,1,0,0,0,
6,17,17,5,34,48,1,0,44,39,18,
7,30,26,11,33,48,0,44,0,32,19,
8,28,23,14,26,45,0,39,32,0,11,
9,10,11,11,13,34,0,18,19,11,0,
0,0,0,0,0,0,0,0,0,0,0,
1,0,0,48,7,42,14,37,12,45,23,
2,0,48,0,33,20,20,43,11,34,24,
3,0,7,33,0,4,15,18,19,13,15,
4,0,42,20,4,0,21,5,1,5,10,
5,0,14,20,15,21,0,25,13,22,30,
6,0,37,43,18,5,25,0,23,39,29,
7,0,12,11,19,1,13,23,0,20,22,
8,0,45,34,13,5,22,39,20,0,35,
9,0,23,24,15,10,30,29,22,35,0,
0,0,0,17,0,0,19,16,0,19,2,
1,0,0,0,0,27,0,3,2,0,0,
2,17,0,0,2,0,18,37,2,1,0,
3,0,0,2,0,4,1,0,27,8,14,
4,0,27,0,4,0,0,0,3,0,0,
5,19,0,18,1,0,0,7,0,11,4,
6,16,3,37,0,0,7,0,9,7,2,
7,0,2,2,27,3,0,9,0,10,12,
8,19,0,1,8,0,11,7,10,0,18,
9,2,0,0,14,0,4,2,12,18,0,
0,0,67,43,47,3,4,0,52,2,14,
1,67,0,41,55,1,5,0,56,0,4,
2,43,41,0,41,3,1,1,39,1,0,
3,47,55,41,0,4,1,1,53,0,22,
4,3,1,3,4,0,29,42,5,31,34,
5,4,5,1,1,29,0,39,7,31,25,
6,0,0,1,1,42,39,0,2,34,57,
7,52,56,39,53,5,7,2,0,1,5,
8,2,0,1,0,31,31,34,1,0,27,
9,14,4,0,22,34,25,57,5,27,0,
0,0,16,4,19,16,1,2,4,12,5,
1,16,0,11,14,16,4,4,11,12,9,
2,4,11,0,2,5,5,33,6,3,9,
3,19,14,2,0,14,0,24,1,20,2,
4,16,16,5,14,0,42,1,14,8,20,
5,1,4,5,0,42,0,0,50,12,31,
6,2,4,33,24,1,0,0,1,5,0,
7,4,11,6,1,14,50,1,0,8,40,
8,12,12,3,20,8,12,5,8,0,17,
9,5,9,9,2,20,31,0,40,17,0,
0,0,13,3,1,8,0,14,6,6,14,
1,13,0,0,3,17,4,36,26,60,1,
2,3,0,0,0,0,0,0,0,0,10,
3,1,3,0,0,16,54,9,28,2,0,
4,8,17,0,16,0,1,25,57,30,0,
5,0,4,0,54,1,0,2,9,2,0,
6,14,36,0,9,25,2,0,22,26,2,
7,6,26,0,28,57,9,22,0,16,0,
8,6,60,0,2,30,2,26,16,0,2,
9,14,1,10,0,0,0,2,0,2,0,
0,0,3,2,0,0,0,0,0,45,3,
1,3,0,42,9,1,2,1,0,12,36,
2,2,42,0,41,1,22,1,0,3,39,
3,0,9,41,0,10,20,0,1,0,13,
4,0,1,1,10,0,11,12,17,0,1,
5,0,2,22,20,11,0,2,1,2,4,
6,0,1,1,0,12,2,0,30,0,0,
7,0,0,0,1,17,1,30,0,1,0,
8,45,12,3,0,0,2,0,1,0,10,
9,3,36,39,13,1,4,0,0,10,0,
0,0,0,30,4,35,0,42,16,56,0,
1,0,0,0,5,0,1,5,0,0,2,
2,30,0,0,1,27,0,17,43,35,0,
3,4,5,1,0,1,31,22,2,2,34,
4,35,0,27,1,0,3,35,30,33,0,
5,0,1,0,31,3,0,15,0,0,20,
6,42,5,17,22,35,15,0,15,41,6,
7,16,0,43,2,30,0,15,0,26,0,
8,56,0,35,2,33,0,41,26,0,0,
9,0,2,0,34,0,20,6,0,0,0,
0,0,4,0,9,15,5,10,6,8,2,
1,4,0,1,1,5,7,1,8,14,0,
2,0,1,0,0,0,12,0,61,0,0,
3,9,1,0,0,14,0,43,3,2,46,
4,15,5,0,14,0,2,10,6,16,3,
5,5,7,12,0,2,0,1,9,8,0,
6,10,1,0,43,10,1,0,2,2,36,
7,6,8,61,3,6,9,2,0,12,0,
8,8,14,0,2,16,8,2,12,0,0,
9,2,0,0,46,3,0,36,0,0,0,
0,0,0,2,20,0,8,44,24,0,0,
1,0,0,21,4,2,33,0,2,3,2,
2,2,21,0,10,0,37,0,7,2,0,
3,20,4,10,0,0,1,33,8,0,0,
4,0,2,0,0,0,2,0,0,24,39,
5,8,33,37,1,2,0,0,8,2,3,
6,44,0,0,33,0,0,0,16,0,0,
7,24,2,7,8,0,8,16,0,0,0,
8,0,3,2,0,24,2,0,0,0,31,
9,0,2,0,0,39,3,0,0,31,0,
0,0,19,19,40,46,25,41,0,0,57,
1,19,0,13,16,24,27,13,0,5,41,
2,19,13,0,16,27,10,10,0,14,5,
3,40,16,16,0,17,42,18,0,1,30,
4,46,24,27,17,0,10,29,0,4,40,
5,25,27,10,42,10,0,9,0,7,30,
6,41,13,10,18,29,9,0,0,0,31,
7,0,0,0,0,0,0,0,0,1,0,
8,0,5,14,1,4,7,0,1,0,1,
9,57,41,5,30,40,30,31,0,1,0,
0,0,0,1,2,0,3,4,4,4,5,
1,0,0,7,15,1,36,15,9,10,22,
2,1,7,0,0,31,0,0,0,0,20,
3,2,15,0,0,0,40,28,17,12,0,
4,0,1,31,0,0,1,0,0,0,10,
5,3,36,0,40,1,0,44,29,18,3,
6,4,15,0,28,0,44,0,18,12,4,
7,4,9,0,17,0,29,18,0,23,0,
8,4,10,0,12,0,18,12,23,0,5,
9,5,22,20,0,10,3,4,0,5,0,
0,0,18,27,1,0,0,35,33,0,12,
1,18,0,10,7,8,1,23,8,6,32,
2,27,10,0,0,4,0,16,10,0,7,
3,1,7,0,0,1,18,0,0,38,4,
4,0,8,4,1,0,1,11,4,0,7,
5,0,1,0,18,1,0,1,0,19,6,
6,35,23,16,0,11,1,0,15,0,28,
7,33,8,10,0,4,0,15,0,0,10,
8,0,6,0,38,0,19,0,0,0,4,
9,12,32,7,4,7,6,28,10,4,0,
0,0,0,0,1,0,0,0,32,1,1,
1,0,0,53,7,22,60,66,0,19,1,
2,0,53,0,10,23,27,70,0,19,5,
3,1,7,10,0,8,0,12,3,11,8,
4,0,22,23,8,0,11,20,0,7,0,
5,0,60,27,0,11,0,27,0,11,0,
6,0,66,70,12,20,27,0,0,19,0,
7,32,0,0,3,0,0,0,0,1,17,
8,1,19,19,11,7,11,19,1,0,6,
9,1,1,5,8,0,0,0,17,6,0,
0,0,33,19,36,21,2,22,0,0,32,
1,33,0,7,25,18,1,9,0,0,25,
2,19,7,0,14,9,0,8,0,1,14,
3,36,25,14,0,18,1,16,0,1,36,
4,21,18,9,18,0,0,8,0,0,14,
5,2,1,0,1,0,0,7,8,23,0,
6,22,9,8,16,8,7,0,1,1,7,
7,0,0,0,0,0,8,1,0,16,0,
8,0,0,1,1,0,23,1,16,0,0,
9,32,25,14,36,14,0,7,0,0,0,
0,0,16,1,18,1,1,6,13,32,4,
1,16,0,1,12,1,1,8,16,5,1,
2,1,1,0,7,22,15,4,7,4,14,
3,18,12,7,0,0,0,5,7,28,1,
4,1,1,22,0,0,44,12,13,0,44,
5,1,1,15,0,44,0,8,0,1,20,
6,6,8,4,5,12,8,0,4,6,9,
7,13,16,7,7,13,0,4,0,21,2,
8,32,5,4,28,0,1,6,21,0,7,
9,4,1,14,1,44,20,9,2,7,0,
0,0,43,2,0,0,55,0,0,0,0,
1,43,0,3,0,0,44,1,0,0,0,
2,2,3,0,15,1,0,3,0,0,0,
3,0,0,15,0,15,0,6,4,7,19,
4,0,0,1,15,0,0,16,10,9,11,
5,55,44,0,0,0,0,0,0,0,0,
6,0,1,3,6,16,0,0,19,19,16,
7,0,0,0,4,10,0,19,0,38,39,
8,0,0,0,7,9,0,19,38,0,53,
9,0,0,0,19,11,0,16,39,53,0,
0,0,4,3,0,10,5,25,6,44,12,
1,4,0,0,0,36,0,3,59,2,1,
2,3,0,0,9,1,17,0,0,4,41,
3,0,0,9,0,0,26,0,0,1,4,
4,10,36,1,0,0,6,4,33,13,4,
5,5,0,17,26,6,0,0,1,5,27,
6,25,3,0,0,4,0,0,4,37,2,
7,6,59,0,0,33,1,4,0,0,0,
8,44,2,4,1,13,5,37,0,0,11,
9,12,1,41,4,4,27,2,0,11,0,
0,0,12,22,16,10,28,15,26,6,10,
1,12,0,0,24,2,11,8,12,0,3,
2,22,0,0,1,19,0,28,0,8,9,
3,16,24,1,0,18,18,12,20,8,16,
4,10,2,19,18,0,6,5,9,14,10,
5,28,11,0,18,6,0,5,23,0,9,
6,15,8,28,12,5,5,0,10,15,3,
7,26,12,0,20,9,23,10,0,6,19,
8,6,0,8,8,14,0,15,6,0,6,
9,10,3,9,16,10,9,3,19,6,0,
0,0,40,0,0,0,4,18,0,1,0,
1,40,0,34,27,20,0,23,27,0,21,
2,0,34,0,91,68,0,1,90,0,48,
3,0,27,91,0,78,0,1,78,0,64,
4,0,20,68,78,0,0,1,68,1,67,
5,4,0,0,0,0,0,16,0,46,0,
6,18,23,1,1,1,16,0,0,5,0,
7,0,27,90,78,68,0,0,0,0,52,
8,1,0,0,0,1,46,5,0,0,4,
9,0,21,48,64,67,0,0,52,4,0,
0,0,0,0,12,0,3,3,40,31,64,
1,0,0,22,0,29,0,2,0,0,0,
2,0,22,0,1,24,4,2,0,0,0,
3,12,0,1,0,0,14,5,10,0,1,
4,0,29,24,0,0,0,1,0,0,0,
5,3,0,4,14,0,0,42,2,0,0,
6,3,2,2,5,1,42,0,0,0,0,
7,40,0,0,10,0,2,0,0,27,44,
8,31,0,0,0,0,0,0,27,0,63,
9,64,0,0,1,0,0,0,44,63,0,
0,0,16,19,13,15,19,25,13,18,4,
1,16,0,24,10,18,19,20,26,27,0,
2,19,24,0,12,36,47,12,33,68,4,
3,13,10,12,0,14,16,39,6,9,10,
4,15,18,36,14,0,26,20,13,37,1,
5,19,19,47,16,26,0,30,12,43,0,
6,25,20,12,39,20,30,0,7,15,29,
7,13,26,33,6,13,12,7,0,30,3,
8,18,27,68,9,37,43,15,30,0,3,
9,4,0,4,10,1,0,29,3,3,0,
0,0,0,30,21,5,17,0,0,11,52,
1,0,0,0,2,4,0,32,23,1,0,
2,30,0,0,22,17,13,0,0,10,47,
3,21,2,22,0,11,19,1,0,7,46,
4,5,4,17,11,0,4,13,0,37,9,
5,17,0,13,19,4,0,0,0,3,38,
6,0,32,0,1,13,0,0,7,0,0,
7,0,23,0,0,0,0,7,0,0,0,
8,11,1,10,7,37,3,0,0,0,5,
9,52,0,47,46,9,38,0,0,5,0,
0,0,2,1,0,0,0,0,0,1,0,
1,2,0,10,44,29,17,18,39,58,39,
2,1,10,0,5,25,10,17,9,20,7,
3,0,44,5,0,28,19,20,44,36,34,
4,0,29,25,28,0,18,29,33,40,12,
5,0,17,10,19,18,0,20,13,15,9,
6,0,18,17,20,29,20,0,26,29,20,
7,0,39,9,44,33,13,26,0,55,40,
8,1,58,20,36,40,15,29,55,0,29,
9,0,39,7,34,12,9,20,40,29,0,
0,0,2,19,0,0,29,0,0,24,19,
1,2,0,10,0,2,4,0,16,9,2,
2,19,10,0,0,0,43,14,0,6,30,
3,0,0,0,0,45,0,0,21,1,2,
4,0,2,0,45,0,0,0,11,0,0,
5,29,4,43,0,0,0,7,0,11,36,
6,0,0,14,0,0,7,0,0,0,24,
7,0,16,0,21,11,0,0,0,2,1,
8,24,9,6,1,0,11,0,2,0,4,
9,19,2,30,2,0,36,24,1,4,0,
0,0,26,6,1,8,10,0,27,0,20,
1,26,0,6,26,29,0,4,15,0,7,
2,6,6,0,14,11,0,10,4,0,1,
3,1,26,14,0,24,0,1,2,0,2,
4,8,29,11,24,0,0,0,8,0,3,
5,10,0,0,0,0,0,0,31,22,48,
6,0,4,10,1,0,0,0,0,0,0,
7,27,15,4,2,8,31,0,0,16,36,
8,0,0,0,0,0,22,0,16,0,3,
9,20,7,1,2,3,48,0,36,3,0,
0,0,12,9,36,24,2,20,21,40,0,
1,12,0,3,22,23,11,23,21,29,0,
2,9,3,0,5,20,6,13,11,8,7,
3,36,22,5,0,54,12,38,40,77,2,
4,24,23,20,54,0,10,30,26,53,2,
5,2,11,6,12,10,0,11,5,15,8,
6,20,23,13,38,30,11,0,29,43,2,
7,21,21,11,40,26,5,29,0,44,1,
8,40,29,8,77,53,15,43,44,0,2,
9,0,0,7,2,2,8,2,1,2,0,
0,0,1,20,3,27,0,2,7,25,0,
1,1,0,1,22,0,37,22,3,1,14,
2,20,1,0,1,15,0,0,7,16,0,
3,3,22,1,0,0,52,12,9,0,29,
4,27,0,15,0,0,0,2,9,20,0,
5,0,37,0,52,0,0,10,4,2,29,
6,2,22,0,12,2,10,0,0,6,1,
7,7,3,7,9,9,4,0,0,15,0,
8,25,1,16,0,20,2,6,15,0,2,
9,0,14,0,29,0,29,1,0,2,0,
