Node/Edge,1000,11707
Step/Entity,1600,10
meet_step
0,0,17,16,26,6,16,27,26,33,39,
1,17,0,10,12,1,13,11,5,24,30,
2,16,10,0,27,6,5,23,26,38,4,
3,26,12,27,0,9,10,22,22,31,24,
4,6,1,6,9,0,3,5,8,3,5,
5,16,13,5,10,3,0,20,13,21,26,
6,27,11,23,22,5,20,0,15,26,18,
7,26,5,26,22,8,13,15,0,14,22,
8,33,24,38,31,3,21,26,14,0,30,
9,39,30,4,24,5,26,18,22,30,0,
0,0,29,0,0,13,17,63,44,1,42,
1,29,0,0,4,11,44,38,42,16,25,
2,0,0,0,15,1,0,0,0,16,0,
3,0,4,15,0,9,6,0,0,11,0,
4,13,11,1,9,0,12,13,11,9,22,
5,17,44,0,6,12,0,21,28,23,19,
6,63,38,0,0,13,21,0,49,0,26,
7,44,42,0,0,11,28,49,0,1,40,
8,1,16,16,11,9,23,0,1,0,5,
9,42,25,0,0,22,19,26,40,5,0,
0,0,10,36,4,22,1,12,26,6,4,
1,10,0,19,9,5,26,26,18,37,7,
2,36,19,0,5,3,6,19,21,5,1,
3,4,9,5,0,62,59,7,11,21,44,
4,22,5,3,62,0,34,6,6,9,43,
5,1,26,6,59,34,0,11,17,29,36,
6,12,26,19,7,6,11,0,35,20,9,
7,26,18,21,11,6,17,35,0,27,10,
8,6,37,5,21,9,29,20,27,0,15,
9,4,7,1,44,43,36,9,10,15,0,
0,0,24,33,0,23,34,3,18,17,39,
1,24,0,27,0,27,46,8,9,20,35,
2,33,27,0,0,45,68,0,27,24,50,
3,0,0,0,0,0,0,16,0,0,0,
4,23,27,45,0,0,53,2,20,19,30,
5,34,46,68,0,53,0,5,22,30,56,
6,3,8,0,16,2,5,0,6,5,2,
7,18,9,27,0,20,22,6,0,10,35,
8,17,20,24,0,19,30,5,10,0,35,
9,39,35,50,0,30,56,2,35,35,0,
0,0,0,0,40,28,48,6,63,82,4,
1,0,0,6,1,0,3,5,3,0,4,
2,0,6,0,0,1,1,5,2,0,0,
3,40,1,0,0,8,37,20,31,31,8,
4,28,0,1,8,0,17,6,28,38,4,
5,48,3,1,37,17,0,6,29,43,7,
6,6,5,5,20,6,6,0,6,2,11,
7,63,3,2,31,28,29,6,0,78,3,
8,82,0,0,31,38,43,2,78,0,6,
9,4,4,0,8,4,7,11,3,6,0,
0,0,1,0,0,0,17,1,0,0,11,
1,1,0,12,3,5,0,3,18,23,0,
2,0,12,0,17,9,0,38,19,4,0,
3,0,3,17,0,18,0,37,4,15,0,
4,0,5,9,18,0,0,14,2,13,0,
5,17,0,0,0,0,0,0,0,0,42,
6,1,3,38,37,14,0,0,31,34,0,
7,0,18,19,4,2,0,31,0,33,3,
8,0,23,4,15,13,0,34,33,0,0,
9,11,0,0,0,0,42,0,3,0,0,
0,0,67,54,1,40,57,7,27,33,59,
1,67,0,44,3,42,37,9,43,30,36,
2,54,44,0,0,32,41,8,18,24,42,
3,1,3,0,0,3,0,39,14,4,1,
4,40,42,32,3,0,23,5,5,21,36,
5,57,37,41,0,23,0,6,25,10,50,
6,7,9,8,39,5,6,0,16,11,8,
7,27,43,18,14,5,25,16,0,10,35,
8,33,30,24,4,21,10,11,10,0,27,
9,59,36,42,1,36,50,8,35,27,0,
0,0,1,1,3,4,5,24,35,19,9,
1,1,0,22,23,21,18,7,0,1,8,
2,1,22,0,31,19,23,13,1,0,7,
3,3,23,31,0,16,36,6,4,2,7,
4,4,21,19,16,0,31,17,0,5,22,
5,5,18,23,36,31,0,12,2,7,22,
6,24,7,13,6,17,12,0,11,25,25,
7,35,0,1,4,0,2,11,0,4,12,
8,19,1,0,2,5,7,25,4,0,12,
9,9,8,7,7,22,22,25,12,12,0,
0,0,3,50,0,0,30,26,32,3,0,
1,3,0,5,15,9,15,3,6,24,17,
2,50,5,0,0,1,33,45,19,23,1,
3,0,15,0,0,34,4,0,3,6,35,
4,0,9,1,34,0,8,1,0,6,21,
5,30,15,33,4,8,0,41,21,7,2,
6,26,3,45,0,1,41,0,31,30,2,
7,32,6,19,3,0,21,31,0,1,0,
8,3,24,23,6,6,7,30,1,0,7,
9,0,17,1,35,21,2,2,0,7,0,
0,0,0,45,0,2,26,0,3,0,20,
1,0,0,1,50,14,0,39,6,71,2,
2,45,1,0,0,0,37,0,2,0,29,
3,0,50,0,0,20,0,70,2,74,0,
4,2,14,0,20,0,0,16,28,19,2,
5,26,0,37,0,0,0,0,10,0,28,
6,0,39,0,70,16,0,0,1,70,0,
7,3,6,2,2,28,10,1,0,3,8,
8,0,71,0,74,19,0,70,3,0,0,
9,20,2,29,0,2,28,0,8,0,0,
0,0,15,11,16,19,13,5,12,18,8,
1,15,0,50,5,1,45,0,41,0,1,
2,11,50,0,8,2,53,0,36,0,4,
3,16,5,8,0,24,12,5,9,29,16,
4,19,1,2,24,0,3,4,8,52,42,
5,13,45,53,12,3,0,0,39,1,2,
6,5,0,0,5,4,0,0,0,10,6,
7,12,41,36,9,8,39,0,0,4,1,
8,18,0,0,29,52,1,10,4,0,34,
9,8,1,4,16,42,2,6,1,34,0,
0,0,20,10,11,12,5,34,7,21,9,
1,20,0,33,26,18,2,26,20,45,20,
2,10,33,0,56,17,3,18,53,21,43,
3,11,26,56,0,17,0,12,47,9,37,
4,12,18,17,17,0,3,17,22,4,17,
5,5,2,3,0,3,0,8,1,9,1,
6,34,26,18,12,17,8,0,20,25,13,
7,7,20,53,47,22,1,20,0,16,30,
8,21,45,21,9,4,9,25,16,0,11,
9,9,20,43,37,17,1,13,30,11,0,
0,0,3,7,1,26,32,68,30,5,0,
1,3,0,13,55,4,10,6,7,34,59,
2,7,13,0,14,49,22,10,3,4,19,
3,1,55,14,0,4,4,2,2,41,51,
4,26,4,49,4,0,18,26,12,10,4,
5,32,10,22,4,18,0,53,28,1,5,
6,68,6,10,2,26,53,0,40,3,1,
7,30,7,3,2,12,28,40,0,4,3,
8,5,34,4,41,10,1,3,4,0,46,
9,0,59,19,51,4,5,1,3,46,0,
0,0,4,0,2,7,37,59,1,4,28,
1,4,0,11,7,16,5,6,41,52,15,
2,0,11,0,12,32,0,0,14,11,4,
3,2,7,12,0,6,1,1,2,12,5,
4,7,16,32,6,0,2,1,32,24,4,
5,37,5,0,1,2,0,70,3,2,34,
6,59,6,0,1,1,70,0,5,3,31,
7,1,41,14,2,32,3,5,0,27,5,
8,4,52,11,12,24,2,3,27,0,17,
9,28,15,4,5,4,34,31,5,17,0,
0,0,7,5,26,0,1,5,5,15,11,
1,7,0,26,2,0,0,9,56,2,2,
2,5,26,0,6,6,6,32,17,11,28,
3,26,2,6,0,34,15,7,5,26,18,
4,0,0,6,34,0,22,8,4,22,15,
5,1,0,6,15,22,0,15,1,15,17,
6,5,9,32,7,8,15,0,9,5,20,
7,5,56,17,5,4,1,9,0,9,3,
8,15,2,11,26,22,15,5,9,0,7,
9,11,2,28,18,15,17,20,3,7,0,
0,0,0,66,47,25,26,31,58,43,49,
1,0,0,0,0,0,0,1,0,0,1,
2,66,0,0,53,32,16,38,49,50,50,
3,47,0,53,0,42,41,34,80,56,55,
4,25,0,32,42,0,27,21,54,43,29,
5,26,0,16,41,27,0,25,49,44,25,
6,31,1,38,34,21,25,0,42,37,46,
7,58,0,49,80,54,49,42,0,64,66,
8,43,0,50,56,43,44,37,64,0,41,
9,49,1,50,55,29,25,46,66,41,0,
0,0,47,51,38,36,36,0,43,47,39,
1,47,0,35,22,29,26,1,16,22,21,
2,51,35,0,30,14,30,2,29,41,39,
3,38,22,30,0,12,32,0,13,28,20,
4,36,29,14,12,0,16,34,32,15,4,
5,36,26,30,32,16,0,0,20,42,40,
6,0,1,2,0,34,0,0,0,1,0,
7,43,16,29,13,32,20,0,0,13,28,
8,47,22,41,28,15,42,1,13,0,36,
9,39,21,39,20,4,40,0,28,36,0,
0,0,28,20,3,9,23,3,0,24,21,
1,28,0,23,3,6,19,2,0,35,34,
2,20,23,0,2,11,35,3,0,28,31,
3,3,3,2,0,30,1,19,7,0,0,
4,9,6,11,30,0,7,9,4,5,2,
5,23,19,35,1,7,0,2,2,42,29,
6,3,2,3,19,9,2,0,12,4,5,
7,0,0,0,7,4,2,12,0,0,0,
8,24,35,28,0,5,42,4,0,0,33,
9,21,34,31,0,2,29,5,0,33,0,
0,0,17,2,29,25,4,30,31,9,33,
1,17,0,7,45,17,7,45,35,9,25,
2,2,7,0,19,1,6,7,8,2,1,
3,29,45,19,0,20,1,43,50,14,27,
4,25,17,1,20,0,2,40,30,12,9,
5,4,7,6,1,2,0,1,4,0,3,
6,30,45,7,43,40,1,0,40,16,25,
7,31,35,8,50,30,4,40,0,20,21,
8,9,9,2,14,12,0,16,20,0,7,
9,33,25,1,27,9,3,25,21,7,0,
0,0,5,16,2,1,8,21,18,11,14,
1,5,0,9,10,10,12,27,6,9,3,
2,16,9,0,8,1,2,20,30,16,30,
3,2,10,8,0,33,45,0,0,3,1,
4,1,10,1,33,0,25,2,0,2,3,
5,8,12,2,45,25,0,3,7,8,7,
6,21,27,20,0,2,3,0,15,19,14,
7,18,6,30,0,0,7,15,0,7,24,
8,11,9,16,3,2,8,19,7,0,20,
9,14,3,30,1,3,7,14,24,20,0,
0,0,7,9,10,13,9,3,11,0,29,
1,7,0,22,44,0,59,0,44,0,6,
2,9,22,0,19,15,20,0,17,6,27,
3,10,44,19,0,0,39,0,60,0,14,
4,13,0,15,0,0,3,3,1,3,14,
5,9,59,20,39,3,0,0,36,1,15,
6,3,0,0,0,3,0,0,0,28,0,
7,11,44,17,60,1,36,0,0,0,12,
8,0,0,6,0,3,1,28,0,0,2,
9,29,6,27,14,14,15,0,12,2,0,
0,0,17,0,2,0,1,10,2,8,0,
1,17,0,6,38,25,16,14,22,34,44,
2,0,6,0,9,6,14,2,0,3,5,
3,2,38,9,0,27,14,8,14,27,47,
4,0,25,6,27,0,17,13,28,33,35,
5,1,16,14,14,17,0,26,24,7,24,
6,10,14,2,8,13,26,0,22,14,11,
7,2,22,0,14,28,24,22,0,28,31,
8,8,34,3,27,33,7,14,28,0,26,
9,0,44,5,47,35,24,11,31,26,0,
0,0,0,52,6,20,1,0,1,36,15,
1,0,0,0,23,13,32,4,20,3,11,
2,52,0,0,5,5,0,0,1,43,15,
3,6,23,5,0,17,10,0,23,12,13,
4,20,13,5,17,0,14,0,6,21,27,
5,1,32,0,10,14,0,19,48,1,7,
6,0,4,0,0,0,19,0,22,0,3,
7,1,20,1,23,6,48,22,0,0,6,
8,36,3,43,12,21,1,0,0,0,21,
9,15,11,15,13,27,7,3,6,21,0,
0,0,8,29,9,0,13,33,25,13,6,
1,8,0,16,33,9,19,20,16,11,11,
2,29,16,0,18,2,42,43,45,34,6,
3,9,33,18,0,6,7,9,19,22,12,
4,0,9,2,6,0,12,6,11,3,17,
5,13,19,42,7,12,0,36,26,17,8,
6,33,20,43,9,6,36,0,48,42,8,
7,25,16,45,19,11,26,48,0,32,13,
8,13,11,34,22,3,17,42,32,0,11,
9,6,11,6,12,17,8,8,13,11,0,
0,0,37,14,29,41,35,6,13,7,6,
1,37,0,16,18,29,36,5,8,9,0,
2,14,16,0,8,3,9,15,9,30,17,
3,29,18,8,0,38,22,6,5,14,1,
4,41,29,3,38,0,20,4,2,9,1,
5,35,36,9,22,20,0,3,7,10,3,
6,6,5,15,6,4,3,0,24,55,40,
7,13,8,9,5,2,7,24,0,6,13,
8,7,9,30,14,9,10,55,6,0,39,
9,6,0,17,1,1,3,40,13,39,0,
0,0,0,5,34,0,6,2,38,6,15,
1,0,0,3,1,88,33,27,0,1,3,
2,5,3,0,5,1,13,10,11,11,7,
3,34,1,5,0,0,0,0,54,27,9,
4,0,88,1,0,0,35,18,0,0,1,
5,6,33,13,0,35,0,58,1,0,1,
6,2,27,10,0,18,58,0,0,0,3,
7,38,0,11,54,0,1,0,0,25,6,
8,6,1,11,27,0,0,0,25,0,15,
9,15,3,7,9,1,1,3,6,15,0,
0,0,28,18,12,24,18,6,20,12,24,
1,28,0,15,3,16,35,13,7,1,13,
2,18,15,0,29,7,25,0,15,23,11,
3,12,3,29,0,7,14,2,12,21,7,
4,24,16,7,7,0,22,10,10,4,23,
5,18,35,25,14,22,0,5,22,4,17,
6,6,13,0,2,10,5,0,0,0,5,
7,20,7,15,12,10,22,0,0,12,31,
8,12,1,23,21,4,4,0,12,0,6,
9,24,13,11,7,23,17,5,31,6,0,
0,0,54,0,12,80,1,15,42,27,64,
1,54,0,1,9,63,0,8,32,20,43,
2,0,1,0,20,0,26,11,2,7,0,
3,12,9,20,0,10,22,9,4,3,7,
4,80,63,0,10,0,6,11,62,36,71,
5,1,0,26,22,6,0,17,3,8,0,
6,15,8,11,9,11,17,0,8,4,12,
7,42,32,2,4,62,3,8,0,25,63,
8,27,20,7,3,36,8,4,25,0,22,
9,64,43,0,7,71,0,12,63,22,0,
0,0,32,19,27,10,11,8,4,6,8,
1,32,0,27,42,30,7,7,4,10,9,
2,19,27,0,37,5,12,5,15,0,4,
3,27,42,37,0,28,10,3,1,11,12,
4,10,30,5,28,0,4,3,5,54,40,
5,11,7,12,10,4,0,36,30,0,4,
6,8,7,5,3,3,36,0,29,0,8,
7,4,4,15,1,5,30,29,0,0,3,
8,6,10,0,11,54,0,0,0,0,35,
9,8,9,4,12,40,4,8,3,35,0,
0,0,15,7,9,11,6,22,21,21,8,
1,15,0,22,8,20,2,11,0,24,18,
2,7,22,0,10,17,10,25,14,39,22,
3,9,8,10,0,7,3,14,0,23,28,
4,11,20,17,7,0,3,8,3,18,11,
5,6,2,10,3,3,0,6,42,2,4,
6,22,11,25,14,8,6,0,17,15,17,
7,21,0,14,0,3,42,17,0,1,2,
8,21,24,39,23,18,2,15,1,0,21,
9,8,18,22,28,11,4,17,2,21,0,
0,0,4,52,1,11,39,0,64,54,0,
1,4,0,11,36,24,5,27,4,12,33,
2,52,11,0,10,14,21,10,53,52,4,
3,1,36,10,0,40,5,54,3,15,47,
4,11,24,14,40,0,8,27,21,31,23,
5,39,5,21,5,8,0,12,46,27,5,
6,0,27,10,54,27,12,0,2,14,35,
7,64,4,53,3,21,46,2,0,59,3,
8,54,12,52,15,31,27,14,59,0,13,
9,0,33,4,47,23,5,35,3,13,0,
0,0,37,30,2,18,1,0,40,24,28,
1,37,0,46,1,36,0,0,44,25,55,
2,30,46,0,0,49,0,0,69,31,53,
3,2,1,0,0,3,25,39,4,6,0,
4,18,36,49,3,0,1,1,46,37,23,
5,1,0,0,25,1,0,35,0,1,0,
6,0,0,0,39,1,35,0,0,0,0,
7,40,44,69,4,46,0,0,0,38,35,
8,24,25,31,6,37,1,0,38,0,32,
9,28,55,53,0,23,0,0,35,32,0,
0,0,4,2,6,1,0,5,0,2,5,
1,4,0,0,69,0,0,0,0,0,98,
2,2,0,0,0,38,61,39,45,39,0,
3,6,69,0,0,0,0,0,0,0,58,
4,1,0,38,0,0,55,23,29,29,1,
5,0,0,61,0,55,0,35,41,23,1,
6,5,0,39,0,23,35,0,21,20,0,
7,0,0,45,0,29,41,21,0,22,0,
8,2,0,39,0,29,23,20,22,0,0,
9,5,98,0,58,1,1,0,0,0,0,
0,0,0,1,0,11,39,22,1,3,0,
1,0,0,22,30,4,0,0,20,5,30,
2,1,22,0,42,0,0,0,24,15,54,
3,0,30,42,0,0,0,0,9,9,67,
4,11,4,0,0,0,16,2,5,18,1,
5,39,0,0,0,16,0,13,0,4,0,
6,22,0,0,0,2,13,0,1,1,0,
7,1,20,24,9,5,0,1,0,15,13,
8,3,5,15,9,18,4,1,15,0,24,
9,0,30,54,67,1,0,0,13,24,0,
0,0,47,7,5,5,37,3,11,20,36,
1,47,0,11,6,5,55,6,17,30,35,
2,7,11,0,30,16,8,11,22,10,8,
3,5,6,30,0,29,2,29,33,7,2,
4,5,5,16,29,0,1,13,42,2,0,
5,37,55,8,2,1,0,0,0,42,60,
6,3,6,11,29,13,0,0,16,2,1,
7,11,17,22,33,42,0,16,0,2,0,
8,20,30,10,7,2,42,2,2,0,32,
9,36,35,8,2,0,60,1,0,32,0,
0,0,18,40,45,26,0,0,30,0,34,
1,18,0,26,16,3,1,1,9,12,28,
2,40,26,0,53,19,0,0,44,2,66,
3,45,16,53,0,17,0,0,33,0,46,
4,26,3,19,17,0,0,0,15,1,19,
5,0,1,0,0,0,0,33,3,10,0,
6,0,1,0,0,0,33,0,1,15,0,
7,30,9,44,33,15,3,1,0,5,28,
8,0,12,2,0,1,10,15,5,0,3,
9,34,28,66,46,19,0,0,28,3,0,
0,0,4,4,29,32,1,1,48,52,1,
1,4,0,23,2,0,21,17,0,0,18,
2,4,23,0,9,3,27,33,4,5,25,
3,29,2,9,0,34,1,3,24,43,6,
4,32,0,3,34,0,3,0,24,34,0,
5,1,21,27,1,3,0,32,1,0,28,
6,1,17,33,3,0,32,0,1,0,26,
7,48,0,4,24,24,1,1,0,42,3,
8,52,0,5,43,34,0,0,42,0,1,
9,1,18,25,6,0,28,26,3,1,0,
0,0,8,8,19,18,6,21,14,12,2,
1,8,0,15,21,16,24,31,22,8,1,
2,8,15,0,40,5,27,30,20,19,0,
3,19,21,40,0,8,14,32,31,41,0,
4,18,16,5,8,0,13,13,9,11,5,
5,6,24,27,14,13,0,26,14,14,1,
6,21,31,30,32,13,26,0,36,20,1,
7,14,22,20,31,9,14,36,0,19,0,
8,12,8,19,41,11,14,20,19,0,0,
9,2,1,0,0,5,1,1,0,0,0,
0,0,3,3,3,5,9,12,9,1,18,
1,3,0,6,27,29,9,5,24,22,6,
2,3,6,0,30,3,3,11,7,18,3,
3,3,27,30,0,29,6,13,26,12,1,
4,5,29,3,29,0,5,5,34,3,7,
5,9,9,3,6,5,0,5,7,2,17,
6,12,5,11,13,5,5,0,9,13,10,
7,9,24,7,26,34,7,9,0,8,3,
8,1,22,18,12,3,2,13,8,0,0,
9,18,6,3,1,7,17,10,3,0,0,
0,0,39,16,2,9,3,30,0,40,0,
1,39,0,7,1,7,2,14,1,23,0,
2,16,7,0,23,3,11,20,28,20,2,
3,2,1,23,0,30,56,3,54,1,14,
4,9,7,3,30,0,29,20,33,13,17,
5,3,2,11,56,29,0,5,55,2,13,
6,30,14,20,3,20,5,0,1,49,1,
7,0,1,28,54,33,55,1,0,2,15,
8,40,23,20,1,13,2,49,2,0,0,
9,0,0,2,14,17,13,1,15,0,0,
0,0,38,37,5,33,6,0,26,22,15,
1,38,0,26,15,33,5,1,30,22,14,
2,37,26,0,7,37,16,1,44,15,10,
3,5,15,7,0,12,10,5,15,17,9,
4,33,33,37,12,0,6,0,42,26,8,
5,6,5,16,10,6,0,1,15,13,13,
6,0,1,1,5,0,1,0,0,7,4,
7,26,30,44,15,42,15,0,0,19,10,
8,22,22,15,17,26,13,7,19,0,9,
9,15,14,10,9,8,13,4,10,9,0,
0,0,0,48,17,3,1,47,0,42,1,
1,0,0,0,3,22,22,0,9,0,36,
2,48,0,0,20,1,0,43,1,33,1,
3,17,3,20,0,12,7,13,24,18,2,
4,3,22,1,12,0,32,2,39,7,17,
5,1,22,0,7,32,0,0,26,3,10,
6,47,0,43,13,2,0,0,0,51,0,
7,0,9,1,24,39,26,0,0,4,8,
8,42,0,33,18,7,3,51,4,0,5,
9,1,36,1,2,17,10,0,8,5,0,
0,0,6,18,12,6,4,1,2,21,4,
1,6,0,1,1,28,41,28,32,0,49,
2,18,1,0,22,3,0,0,1,50,0,
3,12,1,22,0,0,0,0,1,22,0,
4,6,28,3,0,0,54,30,41,5,40,
5,4,41,0,0,54,0,54,57,0,55,
6,1,28,0,0,30,54,0,39,1,46,
7,2,32,1,1,41,57,39,0,0,50,
8,21,0,50,22,5,0,1,0,0,0,
9,4,49,0,0,40,55,46,50,0,0,
0,0,10,1,24,24,0,2,12,7,6,
1,10,0,0,2,28,0,0,26,2,11,
2,1,0,0,0,0,88,69,0,5,1,
3,24,2,0,0,5,1,1,3,9,2,
4,24,28,0,5,0,0,0,62,4,16,
5,0,0,88,1,0,0,100,0,7,0,
6,2,0,69,1,0,100,0,0,11,1,
7,12,26,0,3,62,0,0,0,2,29,
8,7,2,5,9,4,7,11,2,0,0,
9,6,11,1,2,16,0,1,29,0,0,
0,0,1,29,32,26,6,29,5,44,43,
1,1,0,2,13,37,39,3,32,0,8,
2,29,2,0,28,12,6,20,7,19,23,
3,32,13,28,0,18,13,22,22,35,24,
4,26,37,12,18,0,23,9,28,15,28,
5,6,39,6,13,23,0,7,38,4,14,
6,29,3,20,22,9,7,0,7,37,28,
7,5,32,7,22,28,38,7,0,3,2,
8,44,0,19,35,15,4,37,3,0,43,
9,43,8,23,24,28,14,28,2,43,0,
0,0,0,38,10,9,2,2,4,10,1,
1,0,0,3,5,33,50,11,33,2,28,
2,38,3,0,16,19,1,5,6,8,6,
3,10,5,16,0,23,11,21,8,34,21,
4,9,33,19,23,0,26,5,9,30,8,
5,2,50,1,11,26,0,12,15,5,27,
6,2,11,5,21,5,12,0,13,8,30,
7,4,33,6,8,9,15,13,0,1,17,
8,10,2,8,34,30,5,8,1,0,3,
9,1,28,6,21,8,27,30,17,3,0,
0,0,2,27,12,22,14,28,3,32,36,
1,2,0,1,12,4,22,3,0,7,4,
2,27,1,0,18,22,9,20,12,21,27,
3,12,12,18,0,27,11,13,0,11,18,
4,22,4,22,27,0,27,29,1,41,34,
5,14,22,9,11,27,0,10,3,24,16,
6,28,3,20,13,29,10,0,4,24,30,
7,3,0,12,0,1,3,4,0,5,3,
8,32,7,21,11,41,24,24,5,0,38,
9,36,4,27,18,34,16,30,3,38,0,
0,0,0,20,0,16,7,5,3,8,3,
1,0,0,0,31,2,0,21,6,9,4,
2,20,0,0,0,37,12,12,12,19,14,
3,0,31,0,0,0,5,14,6,5,4,
4,16,2,37,0,0,21,7,5,11,14,
5,7,0,12,5,21,0,23,27,31,37,
6,5,21,12,14,7,23,0,44,32,29,
7,3,6,12,6,5,27,44,0,20,28,
8,8,9,19,5,11,31,32,20,0,23,
9,3,4,14,4,14,37,29,28,23,0,
0,0,9,16,14,9,4,6,11,15,25,
1,9,0,23,27,17,8,22,12,2,9,
2,16,23,0,40,15,18,21,23,0,9,
3,14,27,40,0,12,8,26,34,2,11,
4,9,17,15,12,0,16,16,7,4,6,
5,4,8,18,8,16,0,13,13,2,2,
6,6,22,21,26,16,13,0,18,3,13,
7,11,12,23,34,7,13,18,0,0,13,
8,15,2,0,2,4,2,3,0,0,19,
9,25,9,9,11,6,2,13,13,19,0,
0,0,1,10,0,21,1,4,27,1,2,
1,1,0,3,80,1,43,53,3,84,58,
2,10,3,0,5,34,6,21,7,1,5,
3,0,80,5,0,1,46,50,1,106,81,
4,21,1,34,1,0,1,23,21,2,3,
5,1,43,6,46,1,0,50,4,75,49,
6,4,53,21,50,23,50,0,4,59,56,
7,27,3,7,1,21,4,4,0,2,2,
8,1,84,1,106,2,75,59,2,0,74,
9,2,58,5,81,3,49,56,2,74,0,
0,0,23,18,21,3,46,6,1,7,1,
1,23,0,9,7,1,15,0,9,11,1,
2,18,9,0,17,4,38,1,7,2,3,
3,21,7,17,0,0,13,3,3,4,2,
4,3,1,4,0,0,6,60,37,42,64,
5,46,15,38,13,6,0,17,3,19,1,
6,6,0,1,3,60,17,0,39,46,51,
7,1,9,7,3,37,3,39,0,36,28,
8,7,11,2,4,42,19,46,36,0,43,
9,1,1,3,2,64,1,51,28,43,0,
0,0,7,12,16,13,1,14,10,2,14,
1,7,0,2,2,14,29,23,9,33,15,
2,12,2,0,6,1,0,0,0,0,4,
3,16,2,6,0,15,0,12,0,3,48,
4,13,14,1,15,0,6,15,2,1,37,
5,1,29,0,0,6,0,24,13,33,6,
6,14,23,0,12,15,24,0,9,12,19,
7,10,9,0,0,2,13,9,0,8,1,
8,2,33,0,3,1,33,12,8,0,3,
9,14,15,4,48,37,6,19,1,3,0,
0,0,14,2,6,0,0,0,11,0,2,
1,14,0,3,7,6,15,2,21,3,1,
2,2,3,0,18,40,36,33,11,30,27,
3,6,7,18,0,8,8,11,28,12,9,
4,0,6,40,8,0,41,80,1,56,74,
5,0,15,36,8,41,0,37,6,39,32,
6,0,2,33,11,80,37,0,2,75,64,
7,11,21,11,28,1,6,2,0,3,0,
8,0,3,30,12,56,39,75,3,0,53,
9,2,1,27,9,74,32,64,0,53,0,
0,0,21,13,14,22,35,26,14,10,27,
1,21,0,12,8,24,43,16,17,2,33,
2,13,12,0,2,7,9,7,10,1,9,
3,14,8,2,0,2,10,6,5,25,10,
4,22,24,7,2,0,31,19,14,0,25,
5,35,43,9,10,31,0,20,29,2,44,
6,26,16,7,6,19,20,0,17,2,16,
7,14,17,10,5,14,29,17,0,3,32,
8,10,2,1,25,0,2,2,3,0,9,
9,27,33,9,10,25,44,16,32,9,0,
0,0,56,4,52,35,26,41,37,25,3,
1,56,0,2,61,40,29,24,49,32,4,
2,4,2,0,3,0,1,2,3,7,23,
3,52,61,3,0,41,31,37,58,24,2,
4,35,40,0,41,0,29,38,37,13,0,
5,26,29,1,31,29,0,27,22,13,3,
6,41,24,2,37,38,27,0,37,25,0,
7,37,49,3,58,37,22,37,0,13,3,
8,25,32,7,24,13,13,25,13,0,14,
9,3,4,23,2,0,3,0,3,14,0,
0,0,45,0,1,0,59,44,2,2,2,
1,45,0,1,0,0,23,26,0,0,2,
2,0,1,0,22,42,0,1,35,20,30,
3,1,0,22,0,12,1,1,32,23,35,
4,0,0,42,12,0,0,0,36,22,37,
5,59,23,0,1,0,0,28,5,2,4,
6,44,26,1,1,0,28,0,0,4,4,
7,2,0,35,32,36,5,0,0,25,38,
8,2,0,20,23,22,2,4,25,0,23,
9,2,2,30,35,37,4,4,38,23,0,
0,0,6,2,0,0,21,26,0,18,23,
1,6,0,6,0,5,22,25,0,28,21,
2,2,6,0,11,40,4,0,21,1,0,
3,0,0,11,0,27,0,0,67,0,0,
4,0,5,40,27,0,0,0,14,0,0,
5,21,22,4,0,0,0,31,1,38,27,
6,26,25,0,0,0,31,0,0,27,38,
7,0,0,21,67,14,1,0,0,0,0,
8,18,28,1,0,0,38,27,0,0,20,
9,23,21,0,0,0,27,38,0,20,0,
0,0,20,14,15,16,11,5,9,7,1,
1,20,0,28,13,20,34,2,6,10,2,
2,14,28,0,22,21,32,1,14,5,0,
3,15,13,22,0,14,11,9,4,10,5,
4,16,20,21,14,0,20,8,21,8,0,
5,11,34,32,11,20,0,2,7,7,0,
6,5,2,1,9,8,2,0,25,22,11,
7,9,6,14,4,21,7,25,0,22,3,
8,7,10,5,10,8,7,22,22,0,25,
9,1,2,0,5,0,0,11,3,25,0,
0,0,10,17,4,21,0,21,28,30,33,
1,10,0,1,7,3,1,20,37,2,4,
2,17,1,0,0,27,0,30,7,33,23,
3,4,7,0,0,0,28,1,6,0,0,
4,21,3,27,0,0,0,21,19,47,26,
5,0,1,0,28,0,0,1,3,0,1,
6,21,20,30,1,21,1,0,23,21,37,
7,28,37,7,6,19,3,23,0,8,13,
8,30,2,33,0,47,0,21,8,0,21,
9,33,4,23,0,26,1,37,13,21,0,
0,0,0,5,0,10,15,8,18,32,15,
1,0,0,10,39,5,0,28,0,0,0,
2,5,10,0,17,42,16,31,7,9,12,
3,0,39,17,0,1,0,22,1,0,0,
4,10,5,42,1,0,11,29,11,19,34,
5,15,0,16,0,11,0,10,20,9,16,
6,8,28,31,22,29,10,0,4,17,21,
7,18,0,7,1,11,20,4,0,19,7,
8,32,0,9,0,19,9,17,19,0,24,
9,15,0,12,0,34,16,21,7,24,0,
0,0,18,12,2,18,32,3,32,15,5,
1,18,0,14,0,17,19,4,10,4,10,
2,12,14,0,4,6,26,2,27,5,21,
3,2,0,4,0,0,6,24,9,22,9,
4,18,17,6,0,0,21,0,2,4,3,
5,32,19,26,6,21,0,3,53,14,15,
6,3,4,2,24,0,3,0,2,22,4,
7,32,10,27,9,2,53,2,0,10,20,
8,15,4,5,22,4,14,22,10,0,9,
9,5,10,21,9,3,15,4,20,9,0,
0,0,29,20,4,8,7,11,23,36,31,
1,29,0,7,1,19,4,1,16,13,14,
2,20,7,0,7,4,1,20,8,17,11,
3,4,1,7,0,0,0,27,0,5,0,
4,8,19,4,0,0,22,0,3,10,7,
5,7,4,1,0,22,0,0,13,1,10,
6,11,1,20,27,0,0,0,3,9,12,
7,23,16,8,0,3,13,3,0,23,32,
8,36,13,17,5,10,1,9,23,0,38,
9,31,14,11,0,7,10,12,32,38,0,
0,0,3,27,17,8,6,17,14,16,24,
1,3,0,7,2,16,0,0,5,20,4,
2,27,7,0,25,6,8,19,9,12,14,
3,17,2,25,0,0,34,32,3,8,32,
4,8,16,6,0,0,0,0,3,12,6,
5,6,0,8,34,0,0,29,15,3,15,
6,17,0,19,32,0,29,0,11,2,40,
7,14,5,9,3,3,15,11,0,7,13,
8,16,20,12,8,12,3,2,7,0,14,
9,24,4,14,32,6,15,40,13,14,0,
0,0,4,5,0,13,1,13,6,4,12,
1,4,0,11,0,6,1,29,2,9,5,
2,5,11,0,0,3,0,6,21,3,9,
3,0,0,0,0,0,7,0,0,0,0,
4,13,6,3,0,0,1,13,14,15,8,
5,1,1,0,7,1,0,1,1,1,0,
6,13,29,6,0,13,1,0,17,12,16,
7,6,2,21,0,14,1,17,0,15,28,
8,4,9,3,0,15,1,12,15,0,20,
9,12,5,9,0,8,0,16,28,20,0,
0,0,0,0,30,25,26,0,54,6,13,
1,0,0,50,2,5,0,21,0,29,2,
2,0,50,0,4,5,2,28,0,32,5,
3,30,2,4,0,33,35,1,37,7,23,
4,25,5,5,33,0,19,7,26,8,29,
5,26,0,2,35,19,0,1,37,1,17,
6,0,21,28,1,7,1,0,0,13,15,
7,54,0,0,37,26,37,0,0,8,14,
8,6,29,32,7,8,1,13,8,0,7,
9,13,2,5,23,29,17,15,14,7,0,
0,0,0,0,6,9,0,21,90,0,0,
1,0,0,52,3,0,35,2,0,19,34,
2,0,52,0,0,0,18,3,0,27,36,
3,6,3,0,0,25,0,36,6,4,3,
4,9,0,0,25,0,2,53,2,3,3,
5,0,35,18,0,2,0,0,0,15,31,
6,21,2,3,36,53,0,0,29,7,0,
7,90,0,0,6,2,0,29,0,0,0,
8,0,19,27,4,3,15,7,0,0,27,
9,0,34,36,3,3,31,0,0,27,0,
0,0,5,43,1,33,10,2,31,10,1,
1,5,0,7,6,8,4,7,7,29,2,
2,43,7,0,0,42,28,2,56,18,4,
3,1,6,0,0,0,5,9,1,9,18,
4,33,8,42,0,0,53,2,66,10,1,
5,10,4,28,5,53,0,9,52,20,4,
6,2,7,2,9,2,9,0,3,11,21,
7,31,7,56,1,66,52,3,0,10,0,
8,10,29,18,9,10,20,11,10,0,4,
9,1,2,4,18,1,4,21,0,4,0,
0,0,1,0,1,89,2,1,3,0,1,
1,1,0,11,12,0,30,15,35,41,31,
2,0,11,0,39,0,43,24,12,31,41,
3,1,12,39,0,0,14,10,5,29,16,
4,89,0,0,0,0,0,0,2,0,1,
5,2,30,43,14,0,0,17,48,45,22,
6,1,15,24,10,0,17,0,3,5,11,
7,3,35,12,5,2,48,3,0,29,16,
8,0,41,31,29,0,45,5,29,0,46,
9,1,31,41,16,1,22,11,16,46,0,
0,0,0,3,0,6,0,1,0,9,2,
1,0,0,9,34,18,27,14,23,11,43,
2,3,9,0,5,19,25,56,11,19,7,
3,0,34,5,0,26,13,5,32,4,34,
4,6,18,19,26,0,18,20,13,26,22,
5,0,27,25,13,18,0,19,17,18,11,
6,1,14,56,5,20,19,0,3,16,7,
7,0,23,11,32,13,17,3,0,3,28,
8,9,11,19,4,26,18,16,3,0,5,
9,2,43,7,34,22,11,7,28,5,0,
0,0,40,45,48,1,30,46,26,0,4,
1,40,0,31,32,0,19,25,12,1,2,
2,45,31,0,60,2,20,44,26,2,9,
3,48,32,60,0,3,38,34,25,0,4,
4,1,0,2,3,0,20,0,0,39,6,
5,30,19,20,38,20,0,21,25,17,9,
6,46,25,44,34,0,21,0,7,4,12,
7,26,12,26,25,0,25,7,0,1,4,
8,0,1,2,0,39,17,4,1,0,9,
9,4,2,9,4,6,9,12,4,9,0,
0,0,0,32,15,49,16,7,1,1,21,
1,0,0,0,0,0,0,0,24,26,0,
2,32,0,0,14,31,6,18,0,0,25,
3,15,0,14,0,18,20,57,0,1,17,
4,49,0,31,18,0,20,6,0,0,29,
5,16,0,6,20,20,0,26,2,0,5,
6,7,0,18,57,6,26,0,2,6,28,
7,1,24,0,0,0,2,2,0,30,3,
8,1,26,0,1,0,0,6,30,0,3,
9,21,0,25,17,29,5,28,3,3,0,
0,0,33,0,0,4,1,2,33,35,0,
1,33,0,5,1,13,15,15,2,14,14,
2,0,5,0,9,29,22,17,0,0,16,
3,0,1,9,0,8,7,11,3,3,4,
4,4,13,29,8,0,43,48,2,1,36,
5,1,15,22,7,43,0,39,0,0,28,
6,2,15,17,11,48,39,0,0,0,31,
7,33,2,0,3,2,0,0,0,30,0,
8,35,14,0,3,1,0,0,30,0,0,
9,0,14,16,4,36,28,31,0,0,0,
0,0,9,3,0,9,8,24,3,2,6,
1,9,0,17,13,7,16,2,28,25,13,
2,3,17,0,39,0,25,2,50,32,30,
3,0,13,39,0,0,28,4,38,22,40,
4,9,7,0,0,0,2,14,0,0,0,
5,8,16,25,28,2,0,3,28,21,23,
6,24,2,2,4,14,3,0,1,2,1,
7,3,28,50,38,0,28,1,0,38,41,
8,2,25,32,22,0,21,2,38,0,33,
9,6,13,30,40,0,23,1,41,33,0,
0,0,0,4,9,13,2,5,18,12,0,
1,0,0,25,9,4,59,33,1,19,33,
2,4,25,0,8,8,24,24,6,24,9,
3,9,9,8,0,10,7,3,15,10,4,
4,13,4,8,10,0,3,5,13,11,2,
5,2,59,24,7,3,0,24,0,18,27,
6,5,33,24,3,5,24,0,7,18,21,
7,18,1,6,15,13,0,7,0,12,2,
8,12,19,24,10,11,18,18,12,0,8,
9,0,33,9,4,2,27,21,2,8,0,
0,0,15,19,4,4,25,5,8,6,7,
1,15,0,13,40,30,9,24,9,20,47,
2,19,13,0,15,16,48,22,39,24,29,
3,4,40,15,0,5,9,12,5,14,30,
4,4,30,16,5,0,5,60,14,36,30,
5,25,9,48,9,5,0,16,29,11,17,
6,5,24,22,12,60,16,0,23,40,23,
7,8,9,39,5,14,29,23,0,20,12,
8,6,20,24,14,36,11,40,20,0,31,
9,7,47,29,30,30,17,23,12,31,0,
0,0,2,17,20,9,2,0,35,13,12,
1,2,0,7,0,15,23,28,2,0,10,
2,17,7,0,6,18,5,4,27,20,1,
3,20,0,6,0,0,0,0,14,2,13,
4,9,15,18,0,0,17,15,15,6,10,
5,2,23,5,0,17,0,48,2,0,23,
6,0,28,4,0,15,48,0,4,1,36,
7,35,2,27,14,15,2,4,0,10,9,
8,13,0,20,2,6,0,1,10,0,16,
9,12,10,1,13,10,23,36,9,16,0,
0,0,0,4,0,1,0,11,3,0,70,
1,0,0,8,24,39,56,3,7,37,0,
2,4,8,0,2,4,6,3,17,3,3,
3,0,24,2,0,39,31,0,1,24,0,
4,1,39,4,39,0,45,2,1,74,0,
5,0,56,6,31,45,0,2,2,61,0,
6,11,3,3,0,2,2,0,5,0,19,
7,3,7,17,1,1,2,5,0,1,1,
8,0,37,3,24,74,61,0,1,0,0,
9,70,0,3,0,0,0,19,1,0,0,
0,0,8,3,0,4,4,2,1,68,18,
1,8,0,40,3,2,13,19,5,4,7,
2,3,40,0,2,10,8,9,3,6,6,
3,0,3,2,0,9,13,8,9,0,0,
4,4,2,10,9,0,26,15,29,5,7,
5,4,13,8,13,26,0,11,12,8,4,
6,2,19,9,8,15,11,0,32,6,9,
7,1,5,3,9,29,12,32,0,1,18,
8,68,4,6,0,5,8,6,1,0,22,
9,18,7,6,0,7,4,9,18,22,0,
0,0,4,28,8,34,52,9,35,0,42,
1,4,0,42,54,31,6,35,34,0,29,
2,28,42,0,15,64,33,36,53,1,55,
3,8,54,15,0,12,7,17,9,0,8,
4,34,31,64,12,0,27,35,68,1,64,
5,52,6,33,7,27,0,6,27,0,31,
6,9,35,36,17,35,6,0,31,0,25,
7,35,34,53,9,68,27,31,0,2,48,
8,0,0,1,0,1,0,0,2,0,0,
9,42,29,55,8,64,31,25,48,0,0,
0,0,9,31,0,57,14,41,34,37,5,
1,9,0,6,0,4,20,6,4,3,2,
2,31,6,0,2,23,2,24,26,33,17,
3,0,0,2,0,1,0,0,24,0,8,
4,57,4,23,1,0,4,20,36,30,10,
5,14,20,2,0,4,0,9,12,3,0,
6,41,6,24,0,20,9,0,21,19,4,
7,34,4,26,24,36,12,21,0,36,17,
8,37,3,33,0,30,3,19,36,0,9,
9,5,2,17,8,10,0,4,17,9,0,
0,0,0,7,42,52,14,19,32,4,0,
1,0,0,0,0,0,1,1,0,64,46,
2,7,0,0,20,13,25,25,10,6,5,
3,42,0,20,0,45,12,12,49,0,0,
4,52,0,13,45,0,10,22,45,0,0,
5,14,1,25,12,10,0,13,16,4,0,
6,19,1,25,12,22,13,0,12,7,1,
7,32,0,10,49,45,16,12,0,0,1,
8,4,64,6,0,0,4,7,0,0,67,
9,0,46,5,0,0,0,1,1,67,0,
0,0,0,24,30,0,1,0,0,2,0,
1,0,0,5,0,5,3,28,21,9,58,
2,24,5,0,14,14,17,0,4,22,3,
3,30,0,14,0,2,3,0,0,12,0,
4,0,5,14,2,0,23,12,19,19,11,
5,1,3,17,3,23,0,3,6,45,3,
6,0,28,0,0,12,3,0,23,3,14,
7,0,21,4,0,19,6,23,0,2,7,
8,2,9,22,12,19,45,3,2,0,11,
9,0,58,3,0,11,3,14,7,11,0,
0,0,2,21,28,8,21,16,11,15,2,
1,2,0,18,17,12,7,26,6,11,14,
2,21,18,0,51,13,13,4,5,1,26,
3,28,17,51,0,20,23,8,0,1,20,
4,8,12,13,20,0,7,10,9,11,23,
5,21,7,13,23,7,0,16,17,7,17,
6,16,26,4,8,10,16,0,19,11,5,
7,11,6,5,0,9,17,19,0,28,6,
8,15,11,1,1,11,7,11,28,0,2,
9,2,14,26,20,23,17,5,6,2,0,
0,0,10,0,48,2,18,1,1,2,1,
1,10,0,10,3,12,8,5,8,10,9,
2,0,10,0,0,58,0,25,36,33,57,
3,48,3,0,0,0,36,0,0,1,2,
4,2,12,58,0,0,1,38,55,57,73,
5,18,8,0,36,1,0,0,0,1,3,
6,1,5,25,0,38,0,0,37,38,40,
7,1,8,36,0,55,0,37,0,37,57,
8,2,10,33,1,57,1,38,37,0,51,
9,1,9,57,2,73,3,40,57,51,0,
0,0,13,21,4,1,0,0,0,3,22,
1,13,0,12,6,3,1,5,0,4,40,
2,21,12,0,3,1,0,0,0,4,37,
3,4,6,3,0,44,4,27,23,20,10,
4,1,3,1,44,0,12,17,67,4,6,
5,0,1,0,4,12,0,19,39,21,5,
6,0,5,0,27,17,19,0,5,57,8,
7,0,0,0,23,67,39,5,0,1,0,
8,3,4,4,20,4,21,57,1,0,9,
9,22,40,37,10,6,5,8,0,9,0,
0,0,18,24,17,5,14,0,33,23,17,
1,18,0,24,4,2,18,0,35,16,24,
2,24,24,0,14,3,13,3,32,30,31,
3,17,4,14,0,17,20,6,29,17,17,
4,5,2,3,17,0,8,20,14,14,5,
5,14,18,13,20,8,0,4,49,15,19,
6,0,0,3,6,20,4,0,1,5,5,
7,33,35,32,29,14,49,1,0,57,71,
8,23,16,30,17,14,15,5,57,0,33,
9,17,24,31,17,5,19,5,71,33,0,
0,0,30,35,21,27,24,1,26,30,36,
1,30,0,9,37,32,14,0,20,5,4,
2,35,9,0,4,10,41,2,22,49,38,
3,21,37,4,0,50,15,15,11,3,4,
4,27,32,10,50,0,10,36,10,9,15,
5,24,14,41,15,10,0,7,21,42,15,
6,1,0,2,15,36,7,0,3,5,2,
7,26,20,22,11,10,21,3,0,22,22,
8,30,5,49,3,9,42,5,22,0,30,
9,36,4,38,4,15,15,2,22,30,0,
0,0,52,1,1,7,9,32,3,0,3,
1,52,0,0,1,9,16,41,0,0,1,
2,1,0,0,46,12,12,0,26,63,14,
3,1,1,46,0,23,26,0,29,54,11,
4,7,9,12,23,0,20,4,19,20,17,
5,9,16,12,26,20,0,23,24,30,10,
6,32,41,0,0,4,23,0,4,0,2,
7,3,0,26,29,19,24,4,0,31,21,
8,0,0,63,54,20,30,0,31,0,9,
9,3,1,14,11,17,10,2,21,9,0,
0,0,18,24,16,22,32,1,40,31,24,
1,18,0,18,10,23,16,4,19,9,25,
2,24,18,0,7,18,20,2,31,18,25,
3,16,10,7,0,12,21,0,22,19,9,
4,22,23,18,12,0,10,4,23,12,18,
5,32,16,20,21,10,0,1,42,19,16,
6,1,4,2,0,4,1,0,6,6,28,
7,40,19,31,22,23,42,6,0,33,18,
8,31,9,18,19,12,19,6,33,0,14,
9,24,25,25,9,18,16,28,18,14,0,
0,0,15,6,6,4,9,9,6,18,10,
1,15,0,25,54,35,57,1,31,27,0,
2,6,25,0,30,20,38,0,21,7,0,
3,6,54,30,0,54,72,1,31,27,0,
4,4,35,20,54,0,41,1,36,15,0,
5,9,57,38,72,41,0,1,27,11,2,
6,9,1,0,1,1,1,0,0,14,38,
7,6,31,21,31,36,27,0,0,7,2,
8,18,27,7,27,15,11,14,7,0,39,
9,10,0,0,0,0,2,38,2,39,0,
0,0,45,13,5,7,0,34,30,28,14,
1,45,0,43,10,15,0,68,18,44,42,
2,13,43,0,15,15,8,24,5,11,51,
3,5,10,15,0,5,23,8,4,2,13,
4,7,15,15,5,0,1,14,10,12,32,
5,0,0,8,23,1,0,0,0,0,2,
6,34,68,24,8,14,0,0,39,38,27,
7,30,18,5,4,10,0,39,0,25,14,
8,28,44,11,2,12,0,38,25,0,25,
9,14,42,51,13,32,2,27,14,25,0,
0,0,2,18,0,31,7,4,5,18,35,
1,2,0,1,0,2,14,1,0,11,11,
2,18,1,0,3,23,0,4,3,9,33,
3,0,0,3,0,0,2,32,32,0,2,
4,31,2,23,0,0,3,8,2,18,37,
5,7,14,0,2,3,0,1,0,13,6,
6,4,1,4,32,8,1,0,17,10,12,
7,5,0,3,32,2,0,17,0,1,2,
8,18,11,9,0,18,13,10,1,0,17,
9,35,11,33,2,37,6,12,2,17,0,
0,0,0,3,1,24,21,4,12,3,0,
1,0,0,3,37,0,0,0,0,7,4,
2,3,3,0,16,12,10,33,9,17,20,
3,1,37,16,0,0,1,2,1,9,16,
4,24,0,12,0,0,35,11,21,6,0,
5,21,0,10,1,35,0,21,19,15,16,
6,4,0,33,2,11,21,0,18,35,36,
7,12,0,9,1,21,19,18,0,12,6,
8,3,7,17,9,6,15,35,12,0,28,
9,0,4,20,16,0,16,36,6,28,0,
0,0,4,53,29,43,10,10,41,32,7,
1,4,0,3,59,1,52,4,2,5,0,
2,53,3,0,26,45,8,27,42,52,9,
3,29,59,26,0,37,75,8,38,36,3,
4,43,1,45,37,0,17,26,54,45,4,
5,10,52,8,75,17,0,5,17,14,2,
6,10,4,27,8,26,5,0,16,28,7,
7,41,2,42,38,54,17,16,0,45,2,
8,32,5,52,36,45,14,28,45,0,4,
9,7,0,9,3,4,2,7,2,4,0,
0,0,1,11,25,27,2,13,0,12,23,
1,1,0,15,16,17,3,13,4,22,17,
2,11,15,0,10,8,1,11,9,7,5,
3,25,16,10,0,20,0,24,1,27,26,
4,27,17,8,20,0,0,36,2,30,31,
5,2,3,1,0,0,0,0,35,10,24,
6,13,13,11,24,36,0,0,1,17,23,
7,0,4,9,1,2,35,1,0,10,13,
8,12,22,7,27,30,10,17,10,0,52,
9,23,17,5,26,31,24,23,13,52,0,
0,0,26,61,15,61,4,0,0,10,14,
1,26,0,28,21,19,33,0,0,22,45,
2,61,28,0,30,42,7,1,0,14,25,
3,15,21,30,0,18,13,0,1,16,22,
4,61,19,42,18,0,20,1,0,11,24,
5,4,33,7,13,20,0,1,1,43,20,
6,0,0,1,0,1,1,0,43,1,2,
7,0,0,0,1,0,1,43,0,0,1,
8,10,22,14,16,11,43,1,0,0,33,
9,14,45,25,22,24,20,2,1,33,0,
0,0,0,0,0,0,51,0,0,28,25,
1,0,0,25,27,65,7,18,33,0,1,
2,0,25,0,11,29,3,12,13,1,7,
3,0,27,11,0,25,1,34,34,0,2,
4,0,65,29,25,0,4,15,31,0,1,
5,51,7,3,1,4,0,2,3,37,11,
6,0,18,12,34,15,2,0,15,0,5,
7,0,33,13,34,31,3,15,0,0,4,
8,28,0,1,0,0,37,0,0,0,17,
9,25,1,7,2,1,11,5,4,17,0,
0,0,21,12,2,16,1,8,17,38,0,
1,21,0,15,1,12,0,14,17,14,0,
2,12,15,0,2,12,3,15,7,32,1,
3,2,1,2,0,13,22,2,0,10,41,
4,16,12,12,13,0,31,5,2,10,15,
5,1,0,3,22,31,0,1,3,4,60,
6,8,14,15,2,5,1,0,16,8,2,
7,17,17,7,0,2,3,16,0,9,0,
8,38,14,32,10,10,4,8,9,0,7,
9,0,0,1,41,15,60,2,0,7,0,
0,0,11,21,3,2,5,11,15,23,21,
1,11,0,0,24,0,1,0,0,24,18,
2,21,0,0,3,32,31,19,29,9,15,
3,3,24,3,0,3,8,7,2,19,32,
4,2,0,32,3,0,21,26,20,4,22,
5,5,1,31,8,21,0,27,23,10,17,
6,11,0,19,7,26,27,0,13,5,27,
7,15,0,29,2,20,23,13,0,3,14,
8,23,24,9,19,4,10,5,3,0,17,
9,21,18,15,32,22,17,27,14,17,0,
0,0,2,4,19,0,17,38,18,9,2,
1,2,0,44,0,31,0,0,1,3,46,
2,4,44,0,0,34,1,1,0,3,42,
3,19,0,0,0,1,51,38,37,24,0,
4,0,31,34,1,0,3,2,3,6,41,
5,17,0,1,51,3,0,63,69,33,0,
6,38,0,1,38,2,63,0,33,21,3,
7,18,1,0,37,3,69,33,0,32,1,
8,9,3,3,24,6,33,21,32,0,7,
9,2,46,42,0,41,0,3,1,7,0,
