Node/Edge,1000,5377
Step/Entity,1600,25
meet_step
0,0,17,51,94,25,45,0,2,0,9,0,0,0,0,0,79,0,64,53,65,70,108,0,1,0,
1,17,0,4,7,9,16,0,2,0,0,0,0,0,0,0,12,0,7,23,18,7,20,0,2,0,
2,51,4,0,71,0,2,0,5,0,2,0,0,0,0,0,50,0,54,30,44,46,64,0,0,0,
3,94,7,71,0,7,14,0,2,0,0,0,0,0,0,0,92,0,84,37,75,64,90,0,2,0,
4,25,9,0,7,0,34,0,2,0,0,0,0,0,0,0,20,0,0,27,11,2,25,0,140,0,
5,45,16,2,14,34,0,4,6,12,7,1,13,21,1,25,33,4,1,42,27,1,39,13,6,2,
6,0,0,0,0,0,4,0,8,9,0,8,2,6,51,5,0,60,0,0,0,1,0,4,0,21,
7,2,2,5,2,2,6,8,0,4,0,10,3,3,5,4,0,2,2,4,3,5,3,6,0,15,
8,0,0,0,0,0,12,9,4,0,0,1,51,78,3,90,0,29,0,0,0,0,0,49,0,0,
9,9,0,2,0,0,7,0,0,0,0,5,0,0,0,0,3,0,2,3,1,4,2,0,0,0,
10,0,0,0,0,0,1,8,10,1,5,0,0,0,4,0,0,4,0,0,0,0,0,0,0,22,
11,0,0,0,0,0,13,2,3,51,0,0,0,66,4,54,0,19,0,0,0,0,0,32,0,0,
12,0,0,0,0,0,21,6,3,78,0,0,66,0,9,86,0,30,0,0,0,0,0,45,0,1,
13,0,0,0,0,0,1,51,5,3,0,4,4,9,0,5,0,37,0,0,0,0,0,4,0,25,
14,0,0,0,0,0,25,5,4,90,0,0,54,86,5,0,0,28,0,0,0,0,0,57,0,0,
15,79,12,50,92,20,33,0,0,0,3,0,0,0,0,0,0,0,63,57,48,73,91,0,6,0,
16,0,0,0,0,0,4,60,2,29,0,4,19,30,37,28,0,0,0,0,0,0,0,24,0,8,
17,64,7,54,84,0,1,0,2,0,2,0,0,0,0,0,63,0,0,7,51,74,53,0,0,0,
18,53,23,30,37,27,42,0,4,0,3,0,0,0,0,0,57,0,7,0,91,9,87,0,0,0,
19,65,18,44,75,11,27,0,3,0,1,0,0,0,0,0,48,0,51,91,0,36,98,0,1,0,
20,70,7,46,64,2,1,1,5,0,4,0,0,0,0,0,73,0,74,9,36,0,74,0,0,0,
21,108,20,64,90,25,39,0,3,0,2,0,0,0,0,0,91,0,53,87,98,74,0,0,1,0,
22,0,0,0,0,0,13,4,6,49,0,0,32,45,4,57,0,24,0,0,0,0,0,0,0,1,
23,1,2,0,2,140,6,0,0,0,0,0,0,0,0,0,6,0,0,0,1,0,1,0,0,0,
24,0,0,0,0,0,2,21,15,0,0,22,0,1,25,0,0,8,0,0,0,0,0,1,0,0,
0,0,0,0,2,5,2,21,21,2,8,0,0,21,0,2,7,6,10,4,8,0,21,0,0,6,
1,0,0,27,0,0,0,0,0,1,0,0,32,0,13,4,0,0,0,0,0,40,0,52,27,2,
2,0,27,0,0,3,2,0,0,2,0,20,5,0,12,7,0,0,0,8,0,5,0,23,51,5,
3,2,0,0,0,17,11,12,6,19,13,3,0,11,7,18,18,1,7,28,12,0,4,0,6,20,
4,5,0,3,17,0,74,9,12,84,8,13,0,12,30,10,4,4,10,14,2,0,0,0,2,33,
5,2,0,2,11,74,0,0,0,94,0,47,0,18,48,3,0,0,0,9,3,0,0,2,0,48,
6,21,0,0,12,9,0,0,38,1,19,3,0,39,3,17,10,14,14,16,21,0,15,0,0,2,
7,21,0,0,6,12,0,38,0,1,14,3,0,51,1,11,11,11,12,18,18,0,25,0,0,0,
8,2,1,2,19,84,94,1,1,0,1,38,0,6,48,2,1,0,0,9,1,1,4,0,2,39,
9,8,0,0,13,8,0,19,14,1,0,1,0,16,0,11,66,10,31,21,27,0,11,0,0,0,
10,0,0,20,3,13,47,3,3,38,1,0,1,16,59,10,2,0,0,6,7,1,1,3,8,12,
11,0,32,5,0,0,0,0,0,0,0,1,0,0,1,1,0,0,0,0,0,39,0,55,6,0,
12,21,0,0,11,12,18,39,51,6,16,16,0,0,7,17,9,8,20,14,18,0,14,0,0,5,
13,0,13,12,7,30,48,3,1,48,0,59,1,7,0,15,2,0,0,21,3,2,0,7,15,23,
14,2,4,7,18,10,3,17,11,2,11,10,1,17,15,0,13,6,18,22,14,0,8,3,14,0,
15,7,0,0,18,4,0,10,11,1,66,2,0,9,2,13,0,3,52,20,14,1,4,0,0,2,
16,6,0,0,1,4,0,14,11,0,10,0,0,8,0,6,3,0,8,2,18,0,4,0,0,0,
17,10,0,0,7,10,0,14,12,0,31,0,0,20,0,18,52,8,0,12,10,0,7,0,0,0,
18,4,0,8,28,14,9,16,18,9,21,6,0,14,21,22,20,2,12,0,21,1,6,0,4,11,
19,8,0,0,12,2,3,21,18,1,27,7,0,18,3,14,14,18,10,21,0,0,6,0,0,2,
20,0,40,5,0,0,0,0,0,1,0,1,39,0,2,0,1,0,0,1,0,0,0,35,7,0,
21,21,0,0,4,0,0,15,25,4,11,1,0,14,0,8,4,4,7,6,6,0,0,0,0,4,
22,0,52,23,0,0,2,0,0,0,0,3,55,0,7,3,0,0,0,0,0,35,0,0,28,1,
23,0,27,51,6,2,0,0,0,2,0,8,6,0,15,14,0,0,0,4,0,7,0,28,0,5,
24,6,2,5,20,33,48,2,0,39,0,12,0,5,23,0,2,0,0,11,2,0,4,1,5,0,
0,0,0,0,0,0,1,0,0,2,31,2,0,0,2,0,1,22,0,1,0,0,0,9,0,0,
1,0,0,0,42,42,0,0,0,27,0,0,0,0,24,0,35,1,5,21,8,0,0,0,37,56,
2,0,0,0,0,0,12,0,18,0,3,15,20,16,0,21,0,0,0,0,0,12,1,3,0,0,
3,0,42,0,0,57,0,0,0,18,0,0,0,0,19,0,25,0,32,22,6,0,0,0,38,34,
4,0,42,0,57,0,0,0,0,28,0,0,0,0,26,0,53,0,11,34,8,0,0,0,47,66,
5,1,0,12,0,0,0,0,7,0,1,11,32,31,0,14,0,0,0,0,0,8,6,7,0,0,
6,0,0,0,0,0,0,0,1,0,1,1,0,2,0,0,0,0,0,0,0,11,16,0,0,0,
7,0,0,18,0,0,7,1,0,0,0,12,28,21,0,14,0,0,0,0,0,14,1,9,0,0,
8,2,27,0,18,28,0,0,0,0,1,0,0,0,22,0,25,0,10,27,3,0,0,0,8,38,
9,31,0,3,0,0,1,1,0,1,0,0,0,0,2,2,0,61,0,0,0,2,1,44,0,0,
10,2,0,15,0,0,11,1,12,0,0,0,6,10,0,9,0,0,0,0,0,43,16,3,0,0,
11,0,0,20,0,0,32,0,28,0,0,6,0,28,0,19,0,0,0,0,0,7,4,9,0,0,
12,0,0,16,0,0,31,2,21,0,0,10,28,0,0,20,0,0,0,0,0,5,4,7,0,0,
13,2,24,0,19,26,0,0,0,22,2,0,0,0,0,0,39,1,5,35,18,0,0,0,11,41,
14,0,0,21,0,0,14,0,14,0,2,9,19,20,0,0,0,1,0,0,0,10,6,2,0,0,
15,1,35,0,25,53,0,0,0,25,0,0,0,0,39,0,0,0,6,27,17,0,0,0,17,55,
16,22,1,0,0,0,0,0,0,0,61,0,0,0,1,1,0,0,0,0,1,0,0,20,0,1,
17,0,5,0,32,11,0,0,0,10,0,0,0,0,5,0,6,0,0,0,62,0,0,0,52,5,
18,1,21,0,22,34,0,0,0,27,0,0,0,0,35,0,27,0,0,0,12,0,0,0,22,36,
19,0,8,0,6,8,0,0,0,3,0,0,0,0,18,0,17,1,62,12,0,0,0,0,44,15,
20,0,0,12,0,0,8,11,14,0,2,43,7,5,0,10,0,0,0,0,0,0,17,8,0,0,
21,0,0,1,0,0,6,16,1,0,1,16,4,4,0,6,0,0,0,0,0,17,0,2,0,0,
22,9,0,3,0,0,7,0,9,0,44,3,9,7,0,2,0,20,0,0,0,8,2,0,0,0,
23,0,37,0,38,47,0,0,0,8,0,0,0,0,11,0,17,0,52,22,44,0,0,0,0,27,
24,0,56,0,34,66,0,0,0,38,0,0,0,0,41,0,55,1,5,36,15,0,0,0,27,0,
0,0,0,2,22,0,1,0,13,0,7,3,2,3,0,0,2,3,8,1,4,33,9,0,5,28,
1,0,0,4,0,0,20,0,0,2,0,0,3,6,0,73,0,0,0,32,0,0,0,25,0,0,
2,2,4,0,0,0,2,0,0,66,0,0,48,88,0,2,0,0,0,54,0,0,0,1,0,0,
3,22,0,0,0,0,0,5,16,7,4,11,0,0,1,0,10,6,17,1,7,46,8,0,3,24,
4,0,0,0,0,0,0,3,5,0,5,2,0,0,19,0,10,6,4,0,2,0,2,0,16,0,
5,1,20,2,0,0,0,0,0,4,0,0,2,4,0,19,0,0,0,12,0,0,0,69,0,0,
6,0,0,0,5,3,0,0,1,0,2,0,0,0,32,0,3,4,0,0,6,0,1,0,3,0,
7,13,0,0,16,5,0,1,0,0,10,26,0,0,1,0,1,10,25,0,22,22,13,0,6,13,
8,0,2,66,7,0,4,0,0,0,0,0,35,62,0,3,0,1,0,48,0,1,0,2,0,2,
9,7,0,0,4,5,0,2,10,0,0,11,0,0,2,0,1,6,12,0,8,2,3,0,7,7,
10,3,0,0,11,2,0,0,26,0,11,0,0,0,7,0,3,9,13,0,22,7,14,0,4,10,
11,2,3,48,0,0,2,0,0,35,0,0,0,50,0,1,0,0,0,41,0,1,0,0,0,0,
12,3,6,88,0,0,4,0,0,62,0,0,50,0,0,2,0,0,1,56,0,0,0,3,0,1,
13,0,0,0,1,19,0,32,1,0,2,7,0,0,0,0,11,4,1,0,2,0,0,0,8,0,
14,0,73,2,0,0,19,0,0,3,0,0,1,2,0,0,0,0,0,11,0,1,0,20,0,0,
15,2,0,0,10,10,0,3,1,0,1,3,0,0,11,0,0,10,3,0,4,1,8,0,12,7,
16,3,0,0,6,6,0,4,10,1,6,9,0,0,4,0,10,0,6,0,21,4,3,0,10,4,
17,8,0,0,17,4,0,0,25,0,12,13,0,1,1,0,3,6,0,0,12,18,2,0,15,16,
18,1,32,54,1,0,12,0,0,48,0,0,41,56,0,11,0,0,0,0,0,2,0,0,0,3,
19,4,0,0,7,2,0,6,22,0,8,22,0,0,2,0,4,21,12,0,0,5,20,0,9,11,
20,33,0,0,46,0,0,0,22,1,2,7,1,0,0,1,1,4,18,2,5,0,19,0,1,19,
21,9,0,0,8,2,0,1,13,0,3,14,0,0,0,0,8,3,2,0,20,19,0,0,4,14,
22,0,25,1,0,0,69,0,0,2,0,0,0,3,0,20,0,0,0,0,0,0,0,0,0,0,
23,5,0,0,3,16,0,3,6,0,7,4,0,0,8,0,12,10,15,0,9,1,4,0,0,1,
24,28,0,0,24,0,0,0,13,2,7,10,0,1,0,0,7,4,16,3,11,19,14,0,1,0,
0,0,38,0,28,0,0,0,13,29,0,28,16,0,29,0,7,16,2,0,39,27,31,0,0,0,
1,38,0,0,30,0,0,0,29,46,0,36,12,0,28,0,6,21,2,0,47,45,45,0,0,0,
2,0,0,0,0,4,5,10,0,0,7,1,0,24,0,0,0,1,1,0,1,0,0,14,0,0,
3,28,30,0,0,0,0,0,29,23,0,15,13,0,26,0,5,33,5,0,15,19,21,0,0,0,
4,0,0,4,0,0,39,17,0,0,39,0,0,5,2,0,0,0,0,0,0,0,0,7,2,0,
5,0,0,5,0,39,0,14,0,0,31,0,0,6,1,1,0,0,5,3,0,0,0,13,3,0,
6,0,0,10,0,17,14,0,0,0,7,0,0,45,2,0,0,0,2,0,0,0,0,10,1,0,
7,13,29,0,29,0,0,0,0,40,0,31,28,0,40,0,10,35,7,0,29,27,17,0,0,0,
8,29,46,0,23,0,0,0,40,0,0,35,26,0,55,0,5,27,9,0,64,46,37,0,0,0,
9,0,0,7,0,39,31,7,0,0,0,0,0,8,0,0,0,0,1,0,0,0,0,10,5,0,
10,28,36,1,15,0,0,0,31,35,0,0,31,0,29,0,8,24,1,0,23,56,26,0,0,0,
11,16,12,0,13,0,0,0,28,26,0,31,0,0,24,0,10,16,4,0,54,22,22,0,0,0,
12,0,0,24,0,5,6,45,0,0,8,0,0,0,0,0,0,0,2,0,0,0,0,25,0,0,
13,29,28,0,26,2,1,2,40,55,0,29,24,0,0,0,14,31,11,0,40,43,31,0,0,0,
14,0,0,0,0,0,1,0,0,0,0,0,0,0,0,0,0,0,0,67,0,0,0,0,49,80,
15,7,6,0,5,0,0,0,10,5,0,8,10,0,14,0,0,4,1,0,5,13,8,0,0,0,
16,16,21,1,33,0,0,0,35,27,0,24,16,0,31,0,4,0,6,0,17,15,34,0,0,0,
17,2,2,1,5,0,5,2,7,9,1,1,4,2,11,0,1,6,0,0,5,7,10,0,0,0,
18,0,0,0,0,0,3,0,0,0,0,0,0,0,0,67,0,0,0,0,0,0,0,1,73,108,
19,39,47,1,15,0,0,0,29,64,0,23,54,0,40,0,5,17,5,0,0,32,33,0,0,0,
20,27,45,0,19,0,0,0,27,46,0,56,22,0,43,0,13,15,7,0,32,0,34,0,0,0,
21,31,45,0,21,0,0,0,17,37,0,26,22,0,31,0,8,34,10,0,33,34,0,0,0,0,
22,0,0,14,0,7,13,10,0,0,10,0,0,25,0,0,0,0,0,1,0,0,0,0,13,1,
23,0,0,0,0,2,3,1,0,0,5,0,0,0,0,49,0,0,0,73,0,0,0,13,0,58,
24,0,0,0,0,0,0,0,0,0,0,0,0,0,0,80,0,0,0,108,0,0,0,1,58,0,
0,0,1,4,0,31,24,0,0,0,0,2,0,0,0,0,0,6,0,0,0,20,26,11,0,7,
1,1,0,11,0,0,6,0,0,1,0,12,1,4,0,0,1,5,0,8,38,21,47,39,0,20,
2,4,11,0,1,3,0,1,1,3,0,22,3,2,5,0,1,11,1,8,12,4,5,22,0,27,
3,0,0,1,0,0,0,32,39,26,42,0,46,32,43,8,34,30,42,7,0,0,0,0,50,0,
4,31,0,3,0,0,24,0,0,1,0,1,1,1,0,0,0,7,0,2,4,6,20,18,0,8,
5,24,6,0,0,24,0,0,0,0,0,2,1,0,0,0,0,0,0,0,7,7,10,10,0,2,
6,0,0,1,32,0,0,0,40,39,35,1,35,25,19,3,30,10,41,2,0,0,0,0,25,0,
7,0,0,1,39,0,0,40,0,65,43,0,41,35,38,35,40,23,58,2,0,0,0,0,39,2,
8,0,1,3,26,1,0,39,65,0,35,2,58,26,39,1,44,9,50,1,1,0,4,0,38,2,
9,0,0,0,42,0,0,35,43,35,0,0,36,31,59,5,28,25,53,1,0,0,0,0,34,0,
10,2,12,22,0,1,2,1,0,2,0,0,1,0,5,0,5,4,2,9,20,15,13,19,0,20,
11,0,1,3,46,1,1,35,41,58,36,1,0,40,35,15,44,18,59,8,0,0,0,0,32,1,
12,0,4,2,32,1,0,25,35,26,31,0,40,0,23,10,31,6,43,4,1,1,2,2,16,2,
13,0,0,5,43,0,0,19,38,39,59,5,35,23,0,3,29,22,38,3,1,0,0,0,44,3,
14,0,0,0,8,0,0,3,35,1,5,0,15,10,3,0,13,4,7,0,0,0,0,0,14,0,
15,0,1,1,34,0,0,30,40,44,28,5,44,31,29,13,0,14,50,1,1,0,0,1,38,5,
16,6,5,11,30,7,0,10,23,9,25,4,18,6,22,4,14,0,25,4,13,3,4,21,15,16,
17,0,0,1,42,0,0,41,58,50,53,2,59,43,38,7,50,25,0,3,0,0,0,0,42,0,
18,0,8,8,7,2,0,2,2,1,1,9,8,4,3,0,1,4,3,0,7,1,3,6,6,9,
19,0,38,12,0,4,7,0,0,1,0,20,0,1,1,0,1,13,0,7,0,18,22,50,0,34,
20,20,21,4,0,6,7,0,0,0,0,15,0,1,0,0,0,3,0,1,18,0,44,11,0,10,
21,26,47,5,0,20,10,0,0,4,0,13,0,2,0,0,0,4,0,3,22,44,0,31,0,12,
22,11,39,22,0,18,10,0,0,0,0,19,0,2,0,0,1,21,0,6,50,11,31,0,0,27,
23,0,0,0,50,0,0,25,39,38,34,0,32,16,44,14,38,15,42,6,0,0,0,0,0,0,
24,7,20,27,0,8,2,0,2,2,0,20,1,2,3,0,5,16,0,9,34,10,12,27,0,0,
0,0,0,0,0,5,11,0,11,0,0,16,1,10,4,13,17,12,1,16,6,0,11,14,13,0,
1,0,0,12,14,9,5,18,8,22,21,15,27,15,15,2,2,14,15,4,16,15,0,5,11,0,
2,0,12,0,40,2,0,24,0,39,14,0,24,0,11,0,11,0,34,0,5,49,0,0,4,2,
3,0,14,40,0,0,0,49,0,63,27,0,28,2,11,0,14,1,39,0,4,58,0,0,0,7,
4,5,9,2,0,0,6,1,7,2,1,20,5,8,6,4,1,12,0,2,5,0,1,7,6,0,
5,11,5,0,0,6,0,1,27,1,2,10,1,30,8,36,11,33,0,16,5,0,13,27,31,0,
6,0,18,24,49,1,1,0,2,53,21,0,33,4,24,0,6,0,25,1,16,52,0,0,1,3,
7,11,8,0,0,7,27,2,0,0,0,21,4,26,8,33,11,32,2,18,12,0,12,25,29,0,
8,0,22,39,63,2,1,53,0,0,37,0,35,1,30,1,26,0,34,0,10,67,0,0,3,14,
9,0,21,14,27,1,2,21,0,37,0,2,4,5,8,1,13,0,19,0,5,28,0,2,0,3,
10,16,15,0,0,20,10,0,21,0,2,0,9,23,3,14,10,25,1,16,18,0,5,15,25,0,
11,1,27,24,28,5,1,33,4,35,4,9,0,3,12,2,3,9,27,3,19,30,1,1,8,1,
12,10,15,0,2,8,30,4,26,1,5,23,3,0,10,47,15,39,1,28,15,2,6,29,33,0,
13,4,15,11,11,6,8,24,8,30,8,3,12,10,0,7,3,11,10,7,12,15,1,6,9,0,
14,13,2,0,0,4,36,0,33,1,1,14,2,47,7,0,21,34,1,29,3,0,15,39,18,0,
15,17,2,11,14,1,11,6,11,26,13,10,3,15,3,21,0,24,5,13,11,8,12,7,8,9,
16,12,14,0,1,12,33,0,32,0,0,25,9,39,11,34,24,0,2,22,6,0,9,36,35,0,
17,1,15,34,39,0,0,25,2,34,19,1,27,1,10,1,5,2,0,0,2,28,0,0,0,2,
18,16,4,0,0,2,16,1,18,0,0,16,3,28,7,29,13,22,0,0,8,0,5,16,24,0,
19,6,16,5,4,5,5,16,12,10,5,18,19,15,12,3,11,6,2,8,0,10,1,9,10,1,
20,0,15,49,58,0,0,52,0,67,28,0,30,2,15,0,8,0,28,0,10,0,0,0,1,1,
21,11,0,0,0,1,13,0,12,0,0,5,1,6,1,15,12,9,0,5,1,0,0,15,13,0,
22,14,5,0,0,7,27,0,25,0,2,15,1,29,6,39,7,36,0,16,9,0,15,0,33,0,
23,13,11,4,0,6,31,1,29,3,0,25,8,33,9,18,8,35,0,24,10,1,13,33,0,2,
24,0,0,2,7,0,0,3,0,14,3,0,1,0,0,0,9,0,2,0,1,1,0,0,2,0,
0,0,0,39,3,35,0,0,98,3,2,0,3,58,0,109,0,0,2,0,0,1,0,1,0,0,
1,0,0,0,30,3,19,28,0,1,23,2,1,2,43,0,3,42,5,65,36,8,64,29,54,30,
2,39,0,0,2,24,0,1,31,15,5,0,4,22,3,20,9,1,5,1,0,15,2,0,0,1,
3,3,30,2,0,1,9,15,0,4,25,0,6,2,21,0,2,25,1,46,27,4,34,23,39,19,
4,35,3,24,1,0,1,0,32,5,2,0,1,11,2,47,7,8,2,5,5,12,4,1,0,6,
5,0,19,0,9,1,0,14,0,3,13,35,0,3,4,0,3,7,2,17,14,1,9,7,5,3,
6,0,28,1,15,0,14,0,0,3,13,1,0,0,35,0,10,30,5,22,36,3,30,16,43,42,
7,98,0,31,0,32,0,0,0,1,0,0,4,53,0,74,4,0,4,0,0,3,0,0,0,0,
8,3,1,15,4,5,3,3,1,0,4,0,8,8,7,3,28,0,1,3,3,31,2,3,1,1,
9,2,23,5,25,2,13,13,0,4,0,2,0,20,15,3,12,31,2,34,31,3,28,21,28,5,
10,0,2,0,0,0,35,1,0,0,2,0,0,0,0,0,1,0,0,4,1,1,1,0,0,4,
11,3,1,4,6,1,0,0,4,8,0,0,0,1,2,10,5,1,1,1,2,8,0,1,0,0,
12,58,2,22,2,11,3,0,53,8,20,0,1,0,11,50,0,1,5,2,4,3,2,2,2,0,
13,0,43,3,21,2,4,35,0,7,15,0,2,11,0,0,15,33,9,32,27,3,41,21,46,32,
14,109,0,20,0,47,0,0,74,3,3,0,10,50,0,0,5,0,3,0,0,3,0,1,0,0,
15,0,3,9,2,7,3,10,4,28,12,1,5,0,15,5,0,7,5,5,13,23,6,2,7,8,
16,0,42,1,25,8,7,30,0,0,31,0,1,1,33,0,7,0,1,58,48,5,69,37,55,44,
17,2,5,5,1,2,2,5,4,1,2,0,1,5,9,3,5,1,0,3,5,6,2,4,6,5,
18,0,65,1,46,5,17,22,0,3,34,4,1,2,32,0,5,58,3,0,51,3,61,37,57,43,
19,0,36,0,27,5,14,36,0,3,31,1,2,4,27,0,13,48,5,51,0,5,40,28,40,33,
20,1,8,15,4,12,1,3,3,31,3,1,8,3,3,3,23,5,6,3,5,0,8,1,2,6,
21,0,64,2,34,4,9,30,0,2,28,1,0,2,41,0,6,69,2,61,40,8,0,26,48,25,
22,1,29,0,23,1,7,16,0,3,21,0,1,2,21,1,2,37,4,37,28,1,26,0,42,17,
23,0,54,0,39,0,5,43,0,1,28,0,0,2,46,0,7,55,6,57,40,2,48,42,0,25,
24,0,30,1,19,6,3,42,0,1,5,4,0,0,32,0,8,44,5,43,33,6,25,17,25,0,
0,0,4,0,0,0,0,4,5,0,0,0,0,0,4,6,0,2,0,0,0,0,0,3,2,2,
1,4,0,0,0,0,0,24,13,0,1,0,0,0,28,37,0,23,1,1,0,0,0,10,22,24,
2,0,0,0,15,44,23,0,0,11,25,37,10,0,1,0,45,0,18,22,29,9,28,0,0,0,
3,0,0,15,0,13,10,0,0,11,13,20,19,4,0,0,9,1,18,15,19,10,13,0,0,0,
4,0,0,44,13,0,18,0,0,11,17,25,22,0,0,0,36,0,16,31,25,4,19,0,0,0,
5,0,0,23,10,18,0,0,0,21,33,26,13,3,0,0,30,0,28,17,20,7,17,0,0,0,
6,4,24,0,0,0,0,0,32,0,0,0,0,0,10,9,0,15,1,0,0,0,0,5,5,8,
7,5,13,0,0,0,0,32,0,0,0,0,0,0,3,10,0,9,0,0,0,0,0,2,9,12,
8,0,0,11,11,11,21,0,0,0,11,13,10,4,0,0,12,0,10,11,12,8,12,0,0,0,
9,0,1,25,13,17,33,0,0,11,0,41,27,0,0,0,57,0,26,39,30,22,30,0,0,0,
10,0,0,37,20,25,26,0,0,13,41,0,23,4,0,0,44,0,21,26,32,15,21,0,0,0,
11,0,0,10,19,22,13,0,0,10,27,23,0,1,0,0,22,0,14,24,27,20,12,0,0,0,
12,0,0,0,4,0,3,0,0,4,0,4,1,0,0,0,2,0,0,1,0,2,1,0,0,0,
13,4,28,1,0,0,0,10,3,0,0,0,0,0,0,19,0,46,0,1,0,0,0,13,39,44,
14,6,37,0,0,0,0,9,10,0,0,0,0,0,19,0,0,7,0,0,0,0,0,17,19,41,
15,0,0,45,9,36,30,0,0,12,57,44,22,2,0,0,0,5,23,40,47,17,37,0,0,1,
16,2,23,0,1,0,0,15,9,0,0,0,0,0,46,7,5,0,0,0,1,0,0,11,39,31,
17,0,1,18,18,16,28,1,0,10,26,21,14,0,0,0,23,0,0,20,30,6,26,0,0,0,
18,0,1,22,15,31,17,0,0,11,39,26,24,1,1,0,40,0,20,0,36,15,33,0,0,0,
19,0,0,29,19,25,20,0,0,12,30,32,27,0,0,0,47,1,30,36,0,17,24,0,0,0,
20,0,0,9,10,4,7,0,0,8,22,15,20,2,0,0,17,0,6,15,17,0,8,0,1,0,
21,0,0,28,13,19,17,0,0,12,30,21,12,1,0,0,37,0,26,33,24,8,0,0,0,0,
22,3,10,0,0,0,0,5,2,0,0,0,0,0,13,17,0,11,0,0,0,0,0,0,25,16,
23,2,22,0,0,0,0,5,9,0,0,0,0,0,39,19,0,39,0,0,0,1,0,25,0,27,
24,2,24,0,0,0,0,8,12,0,0,0,0,0,44,41,1,31,0,0,0,0,0,16,27,0,
0,0,0,11,0,0,0,33,0,0,0,0,0,0,0,55,0,0,0,0,16,0,0,1,0,0,
1,0,0,0,11,4,36,0,22,5,0,25,3,3,26,0,1,2,2,13,17,13,0,41,8,20,
2,11,0,0,0,0,0,75,0,0,0,0,0,0,0,12,0,0,0,0,21,0,0,0,0,0,
3,0,11,0,0,11,27,0,25,17,5,15,23,12,17,0,20,10,19,24,0,9,13,29,13,33,
4,0,4,0,11,0,11,0,5,15,6,7,10,13,10,0,4,18,8,14,2,23,11,9,33,11,
5,0,36,0,27,11,0,0,55,31,2,55,18,23,59,0,16,9,1,38,30,11,0,77,6,62,
6,33,0,75,0,0,0,0,0,0,0,0,0,0,1,23,0,0,0,0,26,0,0,0,0,0,
7,0,22,0,25,5,55,0,0,19,3,27,18,13,39,1,13,4,2,34,7,20,0,56,4,43,
8,0,5,0,17,15,31,0,19,0,3,11,11,18,18,0,16,3,7,32,6,7,3,27,11,18,
9,0,0,0,5,6,2,0,3,3,0,3,10,5,1,0,8,15,8,2,6,11,7,1,12,0,
10,0,25,0,15,7,55,0,27,11,3,0,17,15,38,0,3,4,0,11,22,13,0,51,3,25,
11,0,3,0,23,10,18,0,18,11,10,17,0,19,18,0,16,8,11,23,4,7,2,17,12,22,
12,0,3,0,12,13,23,0,13,18,5,15,19,0,9,0,5,2,2,14,9,6,6,15,10,13,
13,0,26,0,17,10,59,1,39,18,1,38,18,9,0,1,13,5,0,27,13,8,0,46,3,35,
14,55,0,12,0,0,0,23,1,0,0,0,0,0,1,0,0,0,0,0,8,0,0,0,0,0,
15,0,1,0,20,4,16,0,13,16,8,3,16,5,13,0,0,13,10,13,1,7,9,13,17,18,
16,0,2,0,10,18,9,0,4,3,15,4,8,2,5,0,13,0,21,8,1,41,8,6,37,4,
17,0,2,0,19,8,1,0,2,7,8,0,11,2,0,0,10,21,0,6,0,14,12,1,26,1,
18,0,13,0,24,14,38,0,34,32,2,11,23,14,27,0,13,8,6,0,8,12,5,24,22,31,
19,16,17,21,0,2,30,26,7,6,6,22,4,9,13,8,1,1,0,8,0,1,0,24,3,14,
20,0,13,0,9,23,11,0,20,7,11,13,7,6,8,0,7,41,14,12,1,0,6,23,26,5,
21,0,0,0,13,11,0,0,0,3,7,0,2,6,0,0,9,8,12,5,0,6,0,0,7,0,
22,1,41,0,29,9,77,0,56,27,1,51,17,15,46,0,13,6,1,24,24,23,0,0,7,43,
23,0,8,0,13,33,6,0,4,11,12,3,12,10,3,0,17,37,26,22,3,26,7,7,0,3,
24,0,20,0,33,11,62,0,43,18,0,25,22,13,35,0,18,4,1,31,14,5,0,43,3,0,
0,0,0,0,0,10,22,0,0,26,0,40,33,0,4,14,0,8,0,22,0,0,5,1,0,0,
1,0,0,1,16,0,0,2,2,0,5,0,0,0,0,0,2,0,1,0,2,3,0,0,24,9,
2,0,1,0,3,0,0,0,57,0,4,0,0,0,0,0,101,0,95,0,0,76,0,0,1,47,
3,0,16,3,0,0,0,5,0,0,2,0,0,0,0,0,0,3,1,0,39,2,2,0,13,0,
4,10,0,0,0,0,5,1,0,13,0,12,9,27,41,27,0,1,0,8,3,0,0,0,0,0,
5,22,0,0,0,5,0,5,0,12,0,20,42,0,14,16,0,29,0,12,3,0,24,0,0,0,
6,0,2,0,5,1,5,0,0,1,0,0,11,0,0,1,0,16,0,1,9,0,20,0,0,0,
7,0,2,57,0,0,0,0,0,0,5,0,0,0,0,0,67,0,82,0,0,50,0,0,0,17,
8,26,0,0,0,13,12,1,0,0,0,38,44,2,15,51,0,6,0,12,0,0,3,2,0,0,
9,0,5,4,2,0,0,0,5,0,0,1,0,0,0,0,7,0,8,0,0,6,4,0,7,81,
10,40,0,0,0,12,20,0,0,38,1,0,23,0,5,36,0,1,0,24,0,0,1,0,0,0,
11,33,0,0,0,9,42,11,0,44,0,23,0,1,10,18,0,6,0,13,1,0,6,0,0,0,
12,0,0,0,0,27,0,0,0,2,0,0,1,0,37,12,0,0,0,1,0,0,0,0,0,0,
13,4,0,0,0,41,14,0,0,15,0,5,10,37,0,30,0,19,0,2,2,0,15,0,0,0,
14,14,0,0,0,27,16,1,0,51,0,36,18,12,30,0,0,4,0,15,0,0,2,0,0,0,
15,0,2,101,0,0,0,0,67,0,7,0,0,0,0,0,0,0,85,0,0,68,0,0,1,30,
16,8,0,0,3,1,29,16,0,6,0,1,6,0,19,4,0,0,0,3,6,0,46,0,0,1,
17,0,1,95,1,0,0,0,82,0,8,0,0,0,0,0,85,0,0,0,0,89,0,0,1,21,
18,22,0,0,0,8,12,1,0,12,0,24,13,1,2,15,0,3,0,0,0,0,3,1,0,0,
19,0,2,0,39,3,3,9,0,0,0,0,1,0,2,0,0,6,0,0,0,0,8,0,2,0,
20,0,3,76,2,0,0,0,50,0,6,0,0,0,0,0,68,0,89,0,0,0,0,0,1,22,
21,5,0,0,2,0,24,20,0,3,4,1,6,0,15,2,0,46,0,3,8,0,0,0,0,0,
22,1,0,0,0,0,0,0,0,2,0,0,0,0,0,0,0,0,0,1,0,0,0,0,0,0,
23,0,24,1,13,0,0,0,0,0,7,0,0,0,0,0,1,0,1,0,2,1,0,0,0,8,
24,0,9,47,0,0,0,0,17,0,81,0,0,0,0,0,30,1,21,0,0,22,0,0,8,0,
0,0,53,65,0,0,0,2,1,0,0,0,92,0,0,0,0,97,8,119,2,0,0,0,0,2,
1,53,0,84,0,0,0,3,1,1,0,0,70,0,0,0,0,62,10,74,0,0,0,0,0,1,
2,65,84,0,0,0,1,0,0,0,0,0,53,3,0,0,1,57,5,60,0,0,2,0,0,0,
3,0,0,0,0,15,19,0,5,0,0,30,0,20,0,21,21,0,0,0,14,0,20,0,41,2,
4,0,0,0,15,0,73,0,3,0,0,1,0,97,0,1,64,0,0,0,84,17,79,0,2,1,
5,0,0,1,19,73,0,0,5,0,0,0,0,141,0,0,104,0,0,0,117,9,155,0,1,1,
6,2,3,0,0,0,0,0,0,26,14,0,1,0,39,0,0,1,1,0,0,0,0,43,0,0,
7,1,1,0,5,3,5,0,0,0,0,0,1,3,0,0,2,0,0,0,2,11,2,0,0,148,
8,0,1,0,0,0,0,26,0,0,13,0,0,0,49,0,0,0,5,0,0,0,0,44,0,0,
9,0,0,0,0,0,0,14,0,13,0,0,0,0,11,0,0,0,0,0,0,0,0,33,0,0,
10,0,0,0,30,1,0,0,0,0,0,0,0,0,0,82,2,0,0,0,0,2,0,0,77,0,
11,92,70,53,0,0,0,1,1,0,0,0,0,0,0,0,0,79,10,91,0,0,0,0,0,0,
12,0,0,3,20,97,141,0,3,0,0,0,0,0,0,0,107,0,0,0,122,20,194,0,1,1,
13,0,0,0,0,0,0,39,0,49,11,0,0,0,0,0,0,0,6,0,0,0,0,70,0,0,
14,0,0,0,21,1,0,0,0,0,0,82,0,0,0,0,0,0,0,0,0,1,0,0,83,0,
15,0,0,1,21,64,104,0,2,0,0,2,0,107,0,0,0,0,0,0,95,10,101,0,3,1,
16,97,62,57,0,0,0,1,0,0,0,0,79,0,0,0,0,0,9,101,0,0,0,0,0,0,
17,8,10,5,0,0,0,1,0,5,0,0,10,0,6,0,0,9,0,5,0,1,0,6,0,0,
18,119,74,60,0,0,0,0,0,0,0,0,91,0,0,0,0,101,5,0,0,0,0,1,0,1,
19,2,0,0,14,84,117,0,2,0,0,0,0,122,0,0,95,0,0,0,0,6,112,0,2,0,
20,0,0,0,0,17,9,0,11,0,0,2,0,20,0,1,10,0,1,0,6,0,22,0,2,14,
21,0,0,2,20,79,155,0,2,0,0,0,0,194,0,0,101,0,0,0,112,22,0,0,1,0,
22,0,0,0,0,0,0,43,0,44,33,0,0,0,70,0,0,0,6,1,0,0,0,0,0,0,
23,0,0,0,41,2,1,0,0,0,0,77,0,1,0,83,3,0,0,0,2,2,1,0,0,0,
24,2,1,0,2,1,1,0,148,0,0,0,0,1,0,0,1,0,0,1,0,14,0,0,0,0,
0,0,6,55,4,3,8,0,84,62,0,38,0,3,18,0,6,33,58,0,62,0,1,0,58,0,
1,6,0,5,1,0,0,0,2,6,0,3,0,0,1,0,0,2,4,0,6,0,46,0,2,0,
2,55,5,0,11,0,2,1,60,41,0,28,0,0,13,0,0,36,52,1,67,0,1,0,36,0,
3,4,1,11,0,22,15,7,9,11,0,5,0,12,15,4,10,4,12,12,14,24,0,0,8,0,
4,3,0,0,22,0,11,13,1,0,4,2,0,15,8,11,17,2,3,11,0,16,0,0,2,0,
5,8,0,2,15,11,0,12,7,16,0,0,0,14,13,9,9,8,9,11,12,7,0,0,3,0,
6,0,0,1,7,13,12,0,1,0,0,0,0,24,2,18,20,0,2,13,1,16,0,1,0,0,
7,84,2,60,9,1,7,1,0,40,0,37,0,1,4,2,4,34,40,0,54,0,0,0,38,0,
8,62,6,41,11,0,16,0,40,0,1,31,0,1,18,0,1,18,31,0,36,2,0,0,31,0,
9,0,0,0,0,4,0,0,0,1,0,1,0,9,1,3,0,0,0,2,0,1,0,0,0,0,
10,38,3,28,5,2,0,0,37,31,1,0,0,2,7,0,2,21,23,1,31,0,0,0,22,0,
11,0,0,0,0,0,0,0,0,0,0,0,0,0,0,1,0,0,0,0,0,0,0,150,0,163,
12,3,0,0,12,15,14,24,1,1,9,2,0,0,4,26,19,2,4,9,4,8,0,0,2,1,
13,18,1,13,15,8,13,2,4,18,1,7,0,4,0,0,10,14,15,8,25,5,0,0,5,0,
14,0,0,0,4,11,9,18,2,0,3,0,1,26,0,0,10,0,0,9,0,18,0,2,0,2,
15,6,0,0,10,17,9,20,4,1,0,2,0,19,10,10,0,0,5,7,1,12,0,0,1,0,
16,33,2,36,4,2,8,0,34,18,0,21,0,2,14,0,0,0,26,0,28,2,0,0,44,0,
17,58,4,52,12,3,9,2,40,31,0,23,0,4,15,0,5,26,0,8,49,5,0,0,25,0,
18,0,0,1,12,11,11,13,0,0,2,1,0,9,8,9,7,0,8,0,0,13,0,0,0,0,
19,62,6,67,14,0,12,1,54,36,0,31,0,4,25,0,1,28,49,0,0,3,1,0,24,0,
20,0,0,0,24,16,7,16,0,2,1,0,0,8,5,18,12,2,5,13,3,0,0,0,1,0,
21,1,46,1,0,0,0,0,0,0,0,0,0,0,0,0,0,0,0,0,1,0,0,0,0,0,
22,0,0,0,0,0,0,1,0,0,0,0,150,0,0,2,0,0,0,0,0,0,0,0,0,139,
23,58,2,36,8,2,3,0,38,31,0,22,0,2,5,0,1,44,25,0,24,1,0,0,0,0,
24,0,0,0,0,0,0,0,0,0,0,0,163,1,0,2,0,0,0,0,0,0,0,139,0,0,
0,0,62,0,0,15,0,5,37,0,0,1,0,0,0,0,0,0,0,4,0,43,0,0,20,0,
1,62,0,0,0,41,0,5,90,0,0,0,1,0,0,0,0,0,0,7,0,95,0,0,42,0,
2,0,0,0,37,0,0,0,0,47,30,2,0,0,7,0,51,21,2,0,5,0,0,1,0,2,
3,0,0,37,0,0,3,1,0,40,22,7,1,0,13,4,22,18,4,0,12,0,1,0,0,5,
4,15,41,0,0,0,0,27,41,0,1,3,21,0,0,0,0,0,0,29,0,56,0,0,50,0,
5,0,0,0,3,0,0,0,0,0,0,0,0,8,9,41,1,0,39,0,15,0,43,33,0,33,
6,5,5,0,1,27,0,0,4,0,0,35,85,0,0,0,0,0,0,49,0,1,0,0,11,0,
7,37,90,0,0,41,0,4,0,0,0,0,5,0,0,0,0,0,0,9,0,82,0,0,41,0,
8,0,0,47,40,0,0,0,0,0,36,4,0,0,17,5,59,26,0,0,13,0,1,0,0,1,
9,0,0,30,22,1,0,0,0,36,0,34,1,0,8,0,37,24,0,2,2,0,0,0,1,0,
10,1,0,2,7,3,0,35,0,4,34,0,31,0,0,0,3,0,0,13,0,1,0,0,3,0,
11,0,1,0,1,21,0,85,5,0,1,31,0,0,0,0,0,0,0,41,0,2,0,0,16,0,
12,0,0,0,0,0,8,0,0,0,0,0,0,0,17,23,1,1,11,0,6,0,19,21,0,11,
13,0,0,7,13,0,9,0,0,17,8,0,0,17,0,23,23,16,14,0,1,0,9,6,0,20,
14,0,0,0,4,0,41,0,0,5,0,0,0,23,23,0,0,5,51,0,25,0,62,48,0,52,
15,0,0,51,22,0,1,0,0,59,37,3,0,1,23,0,0,32,1,0,7,0,0,0,0,2,
16,0,0,21,18,0,0,0,0,26,24,0,0,1,16,5,32,0,2,3,9,0,2,0,1,1,
17,0,0,2,4,0,39,0,0,0,0,0,0,11,14,51,1,2,0,0,17,0,61,28,0,34,
18,4,7,0,0,29,0,49,9,0,2,13,41,0,0,0,0,3,0,0,0,9,0,0,21,0,
19,0,0,5,12,0,15,0,0,13,2,0,0,6,1,25,7,9,17,0,0,0,33,22,0,18,
20,43,95,0,0,56,0,1,82,0,0,1,2,0,0,0,0,0,0,9,0,0,0,0,43,0,
21,0,0,0,1,0,43,0,0,1,0,0,0,19,9,62,0,2,61,0,33,0,0,41,0,47,
22,0,0,1,0,0,33,0,0,0,0,0,0,21,6,48,0,0,28,0,22,0,41,0,0,42,
23,20,42,0,0,50,0,11,41,0,1,3,16,0,0,0,0,1,0,21,0,43,0,0,0,0,
24,0,0,2,5,0,33,0,0,1,0,0,0,11,20,52,2,1,34,0,18,0,47,42,0,0,
0,0,0,0,1,0,0,0,0,0,4,0,4,5,1,1,0,88,4,0,2,0,0,3,0,1,
1,0,0,0,0,7,3,5,27,0,0,0,0,0,0,0,0,0,0,20,0,37,0,0,0,4,
2,0,0,0,16,8,18,0,0,6,7,43,14,8,5,13,11,1,25,0,13,0,15,12,34,18,
3,1,0,16,0,0,32,0,0,20,2,28,6,11,10,6,6,0,7,0,35,0,11,9,14,18,
4,0,7,8,0,0,14,10,23,0,0,0,0,0,0,0,0,0,0,9,0,13,0,0,2,2,
5,0,3,18,32,14,0,3,7,37,5,56,6,7,2,2,2,0,7,0,37,1,12,6,21,49,
6,0,5,0,0,10,3,0,46,0,0,0,0,0,0,0,0,0,0,27,0,39,0,0,0,5,
7,0,27,0,0,23,7,46,0,0,0,0,0,0,0,0,0,0,0,47,0,36,0,0,0,1,
8,0,0,6,20,0,37,0,0,0,5,17,7,1,14,2,21,0,4,0,24,0,9,0,5,10,
9,4,0,7,2,0,5,0,0,5,0,4,11,18,8,15,2,0,6,0,12,0,3,8,10,2,
10,0,0,43,28,0,56,0,0,17,4,0,5,7,4,8,8,0,6,0,26,0,14,9,23,39,
11,4,0,14,6,0,6,0,0,7,11,5,0,7,2,4,2,0,10,0,7,0,5,7,6,1,
12,5,0,8,11,0,7,0,0,1,18,7,7,0,4,8,30,0,10,0,7,0,9,9,13,3,
13,1,0,5,10,0,2,0,0,14,8,4,2,4,0,10,9,0,19,0,10,0,3,7,4,0,
14,1,0,13,6,0,2,0,0,2,15,8,4,8,10,0,3,0,14,0,4,0,5,5,3,0,
15,0,0,11,6,0,2,0,0,21,2,8,2,30,9,3,0,0,3,0,7,0,10,4,23,7,
16,88,0,1,0,0,0,0,0,0,0,0,0,0,0,0,0,0,0,0,0,0,0,0,0,0,
17,4,0,25,7,0,7,0,0,4,6,6,10,10,19,14,3,0,0,0,6,0,4,10,8,4,
18,0,20,0,0,9,0,27,47,0,0,0,0,0,0,0,0,0,0,0,0,28,1,0,0,1,
19,2,0,13,35,0,37,0,0,24,12,26,7,7,10,4,7,0,6,0,0,0,9,9,11,15,
20,0,37,0,0,13,1,39,36,0,0,0,0,0,0,0,0,0,0,28,0,0,0,0,1,3,
21,0,0,15,11,0,12,0,0,9,3,14,5,9,3,5,10,0,4,1,9,0,0,2,13,14,
22,3,0,12,9,0,6,0,0,0,8,9,7,9,7,5,4,0,10,0,9,0,2,0,16,6,
23,0,0,34,14,2,21,0,0,5,10,23,6,13,4,3,23,0,8,0,11,1,13,16,0,13,
24,1,4,18,18,2,49,5,1,10,2,39,1,3,0,0,7,0,4,1,15,3,14,6,13,0,
0,0,24,0,22,4,0,0,51,9,8,29,14,1,39,0,17,0,4,31,0,1,0,0,5,0,
1,24,0,0,35,7,0,0,43,34,0,50,33,0,43,0,11,0,2,29,0,1,0,0,1,0,
2,0,0,0,0,0,0,1,0,0,2,0,0,0,0,0,2,0,0,0,125,0,52,67,0,97,
3,22,35,0,0,8,0,0,49,33,2,49,18,2,32,0,16,0,3,33,0,3,0,0,13,0,
4,4,7,0,8,0,0,0,6,13,18,7,3,0,5,0,1,0,3,7,0,2,32,0,9,4,
5,0,0,0,0,0,0,81,0,0,1,0,0,0,0,61,0,85,0,0,0,0,0,46,0,8,
6,0,0,1,0,0,81,0,0,0,0,0,0,0,0,96,0,75,0,0,0,0,0,53,0,1,
7,51,43,0,49,6,0,0,0,36,2,66,26,0,51,0,29,0,1,73,0,0,0,0,5,0,
8,9,34,0,33,13,0,0,36,0,7,32,9,4,26,0,34,0,13,34,0,4,1,0,10,0,
9,8,0,2,2,18,1,0,2,7,0,4,0,8,2,0,3,0,5,2,2,6,1,2,16,2,
10,29,50,0,49,7,0,0,66,32,4,0,26,1,25,0,14,0,1,38,0,0,0,0,2,0,
11,14,33,0,18,3,0,0,26,9,0,26,0,0,30,0,9,0,3,16,0,2,0,0,3,0,
12,1,0,0,2,0,0,0,0,4,8,1,0,0,1,0,22,0,19,0,0,81,2,0,3,0,
13,39,43,0,32,5,0,0,51,26,2,25,30,1,0,0,21,0,0,47,0,0,0,0,3,0,
14,0,0,0,0,0,61,96,0,0,0,0,0,0,0,0,0,102,0,0,1,0,0,51,0,2,
15,17,11,2,16,1,0,0,29,34,3,14,9,22,21,0,0,0,20,25,1,27,0,1,4,0,
16,0,0,0,0,0,85,75,0,0,0,0,0,0,0,102,0,0,0,0,1,0,0,55,0,5,
17,4,2,0,3,3,0,0,1,13,5,1,3,19,0,0,20,0,0,1,0,43,1,0,5,0,
18,31,29,0,33,7,0,0,73,34,2,38,16,0,47,0,25,0,1,0,0,0,0,0,0,0,
19,0,0,125,0,0,0,0,0,0,2,0,0,0,0,1,1,1,0,0,0,0,42,67,1,80,
20,1,1,0,3,2,0,0,0,4,6,0,2,81,0,0,27,0,43,0,0,0,0,0,7,0,
21,0,0,52,0,32,0,0,0,1,1,0,0,2,0,0,0,0,1,0,42,0,0,2,0,38,
22,0,0,67,0,0,46,53,0,0,2,0,0,0,0,51,1,55,0,0,67,0,2,0,0,28,
23,5,1,0,13,9,0,0,5,10,16,2,3,3,3,0,4,0,5,0,1,7,0,0,0,0,
24,0,0,97,0,4,8,1,0,0,2,0,0,0,0,2,0,5,0,0,80,0,38,28,0,0,
0,0,7,0,5,14,0,19,0,15,22,0,0,4,3,0,13,12,0,0,0,0,4,0,0,0,
1,7,0,2,3,8,0,1,0,9,15,0,0,13,9,6,10,7,2,3,0,1,8,4,3,0,
2,0,2,0,0,0,16,0,13,0,0,17,0,0,6,0,0,0,36,24,44,7,0,3,3,15,
3,5,3,0,0,5,2,7,0,9,5,0,0,7,5,2,12,5,1,1,0,3,5,2,6,0,
4,14,8,0,5,0,0,12,0,31,64,0,0,56,4,0,50,10,0,0,0,2,3,0,1,0,
5,0,0,16,2,0,0,0,12,0,0,43,0,0,0,17,0,0,21,24,6,12,2,9,6,24,
6,19,1,0,7,12,0,0,0,21,15,0,0,4,2,0,3,8,0,0,0,0,5,0,3,0,
7,0,0,13,0,0,12,0,0,0,0,6,6,0,0,0,0,0,2,0,32,5,0,0,0,15,
8,15,9,0,9,31,0,21,0,0,37,0,0,11,3,0,17,13,0,0,0,0,5,0,1,0,
9,22,15,0,5,64,0,15,0,37,0,1,0,62,1,2,59,30,0,0,0,5,6,1,2,0,
10,0,0,17,0,0,43,0,6,0,1,0,0,0,2,25,0,0,31,21,11,7,4,9,5,49,
11,0,0,0,0,0,0,0,6,0,0,0,0,0,0,0,0,0,0,0,0,0,0,0,0,0,
12,4,13,0,7,56,0,4,0,11,62,0,0,0,1,0,44,40,0,0,0,3,0,2,1,0,
13,3,9,6,5,4,0,2,0,3,1,2,0,1,0,10,1,1,6,1,0,0,1,12,7,2,
14,0,6,0,2,0,17,0,0,0,2,25,0,0,10,0,0,0,10,7,2,4,7,14,10,16,
15,13,10,0,12,50,0,3,0,17,59,0,0,44,1,0,0,46,0,0,0,3,5,0,1,0,
16,12,7,0,5,10,0,8,0,13,30,0,0,40,1,0,46,0,0,0,0,1,8,1,0,0,
17,0,2,36,1,0,21,0,2,0,0,31,0,0,6,10,0,0,0,21,3,13,5,10,4,39,
18,0,3,24,1,0,24,0,0,0,0,21,0,0,1,7,0,0,21,0,4,17,6,8,7,21,
19,0,0,44,0,0,6,0,32,0,0,11,0,0,0,2,0,0,3,4,0,0,0,0,1,19,
20,0,1,7,3,2,12,0,5,0,5,7,0,3,0,4,3,1,13,17,0,0,15,15,29,10,
21,4,8,0,5,3,2,5,0,5,6,4,0,0,1,7,5,8,5,6,0,15,0,11,6,1,
22,0,4,3,2,0,9,0,0,0,1,9,0,2,12,14,0,1,10,8,0,15,11,0,21,9,
23,0,3,3,6,1,6,3,0,1,2,5,0,1,7,10,1,0,4,7,1,29,6,21,0,2,
24,0,0,15,0,0,24,0,15,0,0,49,0,0,2,16,0,0,39,21,19,10,1,9,2,0,
0,0,46,5,3,27,10,22,4,4,35,23,10,11,3,8,3,3,5,10,29,6,2,41,15,6,
1,46,0,1,9,40,1,19,10,1,49,14,3,10,2,8,2,4,6,1,41,3,7,55,12,7,
2,5,1,0,15,5,5,7,2,1,4,5,0,6,1,1,2,2,9,5,9,1,11,6,5,3,
3,3,9,15,0,3,2,2,23,14,2,3,7,16,8,9,0,18,36,0,3,9,16,14,5,16,
4,27,40,5,3,0,4,21,9,3,55,17,12,17,3,6,3,8,9,6,17,8,2,28,9,4,
5,10,1,5,2,4,0,8,1,1,16,39,2,2,0,0,29,0,1,12,3,0,0,3,7,2,
6,22,19,7,2,21,8,0,1,1,31,24,5,1,0,2,6,0,7,8,28,0,1,10,12,2,
7,4,10,2,23,9,1,1,0,21,9,6,34,48,20,34,0,32,51,0,4,9,18,18,22,29,
8,4,1,1,14,3,1,1,21,0,2,9,32,16,14,20,1,37,30,1,1,51,10,18,5,12,
9,35,49,4,2,55,16,31,9,2,0,16,13,6,4,4,3,9,10,7,52,5,3,32,21,14,
10,23,14,5,3,17,39,24,6,9,16,0,5,7,1,6,20,6,8,32,22,4,0,15,7,6,
11,10,3,0,7,12,2,5,34,32,13,5,0,19,10,30,1,25,28,0,4,28,9,16,9,24,
12,11,10,6,16,17,2,1,48,16,6,7,19,0,27,48,2,23,57,0,6,11,31,7,31,42,
13,3,2,1,8,3,0,0,20,14,4,1,10,27,0,21,1,18,21,0,2,6,21,7,9,17,
14,8,8,1,9,6,0,2,34,20,4,6,30,48,21,0,3,27,53,0,6,18,19,7,20,24,
15,3,2,2,0,3,29,6,0,1,3,20,1,2,1,3,0,0,4,25,5,0,0,3,2,1,
16,3,4,2,18,8,0,0,32,37,9,6,25,23,18,27,0,0,26,0,3,37,16,29,14,19,
17,5,6,9,36,9,1,7,51,30,10,8,28,57,21,53,4,26,0,0,6,13,33,23,22,43,
18,10,1,5,0,6,12,8,0,1,7,32,0,0,0,0,25,0,0,0,4,2,1,1,8,0,
19,29,41,9,3,17,3,28,4,1,52,22,4,6,2,6,5,3,6,4,0,2,1,32,14,7,
20,6,3,1,9,8,0,0,9,51,5,4,28,11,6,18,0,37,13,2,2,0,18,9,2,14,
21,2,7,11,16,2,0,1,18,10,3,0,9,31,21,19,0,16,33,1,1,18,0,5,11,9,
22,41,55,6,14,28,3,10,18,18,32,15,16,7,7,7,3,29,23,1,32,9,5,0,13,14,
23,15,12,5,5,9,7,12,22,5,21,7,9,31,9,20,2,14,22,8,14,2,11,13,0,16,
24,6,7,3,16,4,2,2,29,12,14,6,24,42,17,24,1,19,43,0,7,14,9,14,16,0,
0,0,24,4,2,0,24,47,0,17,2,27,0,0,35,30,11,42,46,1,34,0,0,18,0,17,
1,24,0,0,0,0,18,13,0,27,0,21,0,0,25,32,3,14,24,0,25,0,0,41,0,34,
2,4,0,0,18,0,0,0,0,0,33,0,1,22,0,0,14,0,0,22,0,15,0,0,0,0,
3,2,0,18,0,0,2,0,0,1,12,0,0,0,1,1,16,1,1,7,0,26,0,1,0,0,
4,0,0,0,0,0,0,0,14,0,1,0,49,23,0,0,0,0,0,6,0,0,28,0,39,0,
5,24,18,0,2,0,0,23,0,10,0,21,0,0,16,14,0,30,22,0,28,0,0,21,0,12,
6,47,13,0,0,0,23,0,0,26,0,38,0,0,35,27,4,44,38,1,41,0,0,25,0,18,
7,0,0,0,0,14,0,0,0,0,0,0,15,16,0,0,0,0,0,0,0,1,33,0,14,0,
8,17,27,0,1,0,10,26,0,0,0,32,0,0,39,45,3,38,26,0,40,0,0,30,0,53,
9,2,0,33,12,1,0,0,0,0,0,0,0,5,0,0,12,0,0,18,0,7,0,0,0,0,
10,27,21,0,0,0,21,38,0,32,0,0,0,0,69,33,5,32,52,0,33,0,0,36,0,30,
11,0,0,1,0,49,0,0,15,0,0,0,0,14,0,0,2,0,0,1,0,0,33,0,39,0,
12,0,0,22,0,23,0,0,16,0,5,0,14,0,0,0,0,0,0,40,0,1,14,0,11,0,
13,35,25,0,1,0,16,35,0,39,0,69,0,0,0,36,3,53,48,3,42,0,0,44,0,53,
14,30,32,0,1,0,14,27,0,45,0,33,0,0,36,0,1,39,23,3,47,0,0,30,0,26,
15,11,3,14,16,0,0,4,0,3,12,5,2,0,3,1,0,0,2,3,5,17,0,0,1,0,
16,42,14,0,1,0,30,44,0,38,0,32,0,0,53,39,0,0,50,5,41,0,0,25,0,24,
17,46,24,0,1,0,22,38,0,26,0,52,0,0,48,23,2,50,0,0,40,0,0,19,0,28,
18,1,0,22,7,6,0,1,0,0,18,0,1,40,3,3,3,5,0,0,2,0,0,1,4,0,
19,34,25,0,0,0,28,41,0,40,0,33,0,0,42,47,5,41,40,2,0,0,0,35,0,38,
20,0,0,15,26,0,0,0,1,0,7,0,0,1,0,0,17,0,0,0,0,0,0,0,0,0,
21,0,0,0,0,28,0,0,33,0,0,0,33,14,0,0,0,0,0,0,0,0,0,0,13,0,
22,18,41,0,1,0,21,25,0,30,0,36,0,0,44,30,0,25,19,1,35,0,0,0,0,37,
23,0,0,0,0,39,0,0,14,0,0,0,39,11,0,0,1,0,0,4,0,0,13,0,0,0,
24,17,34,0,0,0,12,18,0,53,0,30,0,0,53,26,0,24,28,0,38,0,0,37,0,0,
0,0,0,13,0,40,8,23,8,24,7,0,14,22,0,0,9,0,38,5,1,2,0,6,0,9,
1,0,0,0,2,0,3,0,2,0,3,8,1,0,15,10,1,9,0,0,11,5,14,1,26,1,
2,13,0,0,0,5,0,37,29,1,16,0,14,0,0,0,2,0,12,1,1,0,0,5,0,6,
3,0,2,0,0,0,0,0,0,0,0,7,0,0,5,20,0,0,0,0,1,0,7,0,5,0,
4,40,0,5,0,0,22,24,3,26,19,0,4,62,0,0,13,0,55,16,3,9,0,18,0,0,
5,8,3,0,0,22,0,6,4,17,24,0,3,43,2,0,13,2,22,21,14,7,4,22,1,4,
6,23,0,37,0,24,6,0,64,0,18,0,23,6,0,0,1,0,13,1,0,0,0,9,0,30,
7,8,2,29,0,3,4,64,0,6,21,0,31,2,0,0,2,0,17,8,3,7,0,14,2,31,
8,24,0,1,0,26,17,0,6,0,9,0,6,23,0,0,6,1,17,26,7,25,0,18,3,18,
9,7,3,16,0,19,24,18,21,9,0,0,4,18,0,0,15,3,7,23,13,17,3,28,3,15,
10,0,8,0,7,0,0,0,0,0,0,0,0,0,22,13,10,12,0,0,17,0,16,0,28,0,
11,14,1,14,0,4,3,23,31,6,4,0,0,0,0,0,7,0,8,21,3,8,0,9,2,29,
12,22,0,0,0,62,43,6,2,23,18,0,0,0,0,0,19,0,39,22,13,16,0,27,0,4,
13,0,15,0,5,0,2,0,0,0,0,22,0,0,0,14,11,11,0,0,6,0,29,0,33,0,
14,0,10,0,20,0,0,0,0,0,0,13,0,0,14,0,1,16,0,1,4,3,10,0,13,0,
15,9,1,2,0,13,13,1,2,6,15,10,7,19,11,1,0,1,7,22,14,14,0,20,8,2,
16,0,9,0,0,0,2,0,0,1,3,12,0,0,11,16,1,0,0,0,4,1,14,0,18,0,
17,38,0,12,0,55,22,13,17,17,7,0,8,39,0,0,7,0,0,12,0,5,0,8,0,6,
18,5,0,1,0,16,21,1,8,26,23,0,21,22,0,1,22,0,12,0,18,27,0,25,1,33,
19,1,11,1,1,3,14,0,3,7,13,17,3,13,6,4,14,4,0,18,0,24,4,9,21,2,
20,2,5,0,0,9,7,0,7,25,17,0,8,16,0,3,14,1,5,27,24,0,0,18,4,11,
21,0,14,0,7,0,4,0,0,0,3,16,0,0,29,10,0,14,0,0,4,0,0,0,24,0,
22,6,1,5,0,18,22,9,14,18,28,0,9,27,0,0,20,0,8,25,9,18,0,0,2,9,
23,0,26,0,5,0,1,0,2,3,3,28,2,0,33,13,8,18,0,1,21,4,24,2,0,2,
24,9,1,6,0,0,4,30,31,18,15,0,29,4,0,0,2,0,6,33,2,11,0,9,2,0,
0,0,0,1,0,0,7,0,0,0,0,0,0,31,0,0,12,3,1,0,0,0,0,0,1,0,
1,0,0,0,0,51,0,16,69,66,23,0,0,0,0,3,0,0,0,2,9,0,26,0,0,0,
2,1,0,0,14,0,8,0,0,0,0,3,13,0,4,0,3,3,17,10,0,10,0,0,22,0,
3,0,0,14,0,1,9,2,0,0,0,30,61,3,38,0,7,8,50,42,0,37,0,8,14,16,
4,0,51,0,1,0,0,24,57,64,28,0,1,0,2,2,0,0,0,1,4,0,18,0,0,1,
5,7,0,8,9,0,0,0,0,0,0,8,5,6,2,0,15,10,6,10,0,3,0,0,12,3,
6,0,16,0,2,24,0,0,23,24,20,1,5,0,3,11,2,0,1,0,8,1,14,5,0,13,
7,0,69,0,0,57,0,23,0,71,27,0,0,0,0,6,0,0,0,0,10,0,19,0,0,2,
8,0,66,0,0,64,0,24,71,0,34,0,0,0,0,5,0,0,0,0,15,0,18,0,0,0,
9,0,23,0,0,28,0,20,27,34,0,1,1,0,2,8,0,0,0,0,8,0,52,0,0,0,
10,0,0,3,30,0,8,1,0,0,1,0,37,2,33,0,5,17,31,23,0,45,0,9,7,6,
11,0,0,13,61,1,5,5,0,0,1,37,0,6,46,3,1,17,59,47,0,40,0,14,16,17,
12,31,0,0,3,0,6,0,0,0,0,2,6,0,4,2,18,5,1,0,0,2,0,0,4,12,
13,0,0,4,38,2,2,3,0,0,2,33,46,4,0,5,6,11,27,26,3,37,0,24,20,29,
14,0,3,0,0,2,0,11,6,5,8,0,3,2,5,0,2,0,0,1,26,0,1,5,2,9,
15,12,0,3,7,0,15,2,0,0,0,5,1,18,6,2,0,12,0,1,0,4,0,0,17,2,
16,3,0,3,8,0,10,0,0,0,0,17,17,5,11,0,12,0,8,5,0,9,0,4,18,9,
17,1,0,17,50,0,6,1,0,0,0,31,59,1,27,0,0,8,0,48,0,27,0,6,10,7,
18,0,2,10,42,1,10,0,0,0,0,23,47,0,26,1,1,5,48,0,0,23,0,2,5,5,
19,0,9,0,0,4,0,8,10,15,8,0,0,0,3,26,0,0,0,0,0,0,12,1,0,0,
20,0,0,10,37,0,3,1,0,0,0,45,40,2,37,0,4,9,27,23,0,0,0,10,3,8,
21,0,26,0,0,18,0,14,19,18,52,0,0,0,0,1,0,0,0,0,12,0,0,0,0,0,
22,0,0,0,8,0,0,5,0,0,0,9,14,0,24,5,0,4,6,2,1,10,0,0,2,16,
23,1,0,22,14,0,12,0,0,0,0,7,16,4,20,2,17,18,10,5,0,3,0,2,0,15,
24,0,0,0,16,1,3,13,2,0,0,6,17,12,29,9,2,9,7,5,0,8,0,16,15,0,
0,0,25,22,0,0,0,0,1,46,0,0,4,11,8,0,0,0,0,19,10,4,4,0,20,38,
1,25,0,45,0,0,0,0,0,0,1,0,21,22,26,2,0,24,1,55,33,34,12,0,50,24,
2,22,45,0,0,0,0,0,0,2,0,0,42,15,1,0,0,1,12,89,58,1,35,0,58,30,
3,0,0,0,0,8,3,8,17,0,45,11,0,0,0,15,7,0,28,0,0,0,0,22,0,0,
4,0,0,0,8,0,66,32,1,0,0,8,0,0,0,0,106,0,0,0,0,0,0,0,0,0,
5,0,0,0,3,66,0,32,2,0,0,14,0,0,0,0,74,0,0,0,0,0,0,0,0,0,
6,0,0,0,8,32,32,0,10,0,2,40,0,0,0,0,27,0,0,0,0,0,0,1,0,0,
7,1,0,0,17,1,2,10,0,0,31,14,0,2,0,28,0,0,16,0,0,0,0,17,0,0,
8,46,0,2,0,0,0,0,0,0,0,0,0,0,55,0,0,46,0,2,5,35,47,0,1,0,
9,0,1,0,45,0,0,2,31,0,0,7,0,0,0,42,0,0,28,0,2,0,0,21,0,1,
10,0,0,0,11,8,14,40,14,0,7,0,0,0,0,0,5,0,3,0,0,0,0,7,0,0,
11,4,21,42,0,0,0,0,0,0,0,0,0,10,4,0,0,5,12,47,27,1,22,0,34,27,
12,11,22,15,0,0,0,0,2,0,0,0,10,0,0,0,0,0,2,33,11,1,5,0,18,9,
13,8,26,1,0,0,0,0,0,55,0,0,4,0,0,0,0,172,0,3,2,160,52,0,2,5,
14,0,2,0,15,0,0,0,28,0,42,0,0,0,0,0,0,0,15,0,2,0,0,13,0,0,
15,0,0,0,7,106,74,27,0,0,0,5,0,0,0,0,0,0,0,0,0,0,0,0,0,0,
16,0,24,1,0,0,0,0,0,46,0,0,5,0,172,0,0,0,0,0,0,130,60,0,0,3,
17,0,1,12,28,0,0,0,16,0,28,3,12,2,0,15,0,0,0,9,21,0,1,13,2,8,
18,19,55,89,0,0,0,0,0,2,0,0,47,33,3,0,0,0,9,0,41,2,21,0,60,55,
19,10,33,58,0,0,0,0,0,5,2,0,27,11,2,2,0,0,21,41,0,0,22,0,41,23,
20,4,34,1,0,0,0,0,0,35,0,0,1,1,160,0,0,130,0,2,0,0,58,0,2,4,
21,4,12,35,0,0,0,0,0,47,0,0,22,5,52,0,0,60,1,21,22,58,0,1,11,15,
22,0,0,0,22,0,0,1,17,0,21,7,0,0,0,13,0,0,13,0,0,0,1,0,0,0,
23,20,50,58,0,0,0,0,0,1,0,0,34,18,2,0,0,0,2,60,41,2,11,0,0,28,
24,38,24,30,0,0,0,0,0,0,1,0,27,9,5,0,0,3,8,55,23,4,15,0,28,0,
0,0,38,0,49,43,0,7,51,0,23,20,0,38,0,58,24,0,0,25,0,4,63,36,0,2,
1,38,0,9,35,27,5,13,33,0,31,10,1,46,3,35,2,0,0,28,1,17,36,38,2,11,
2,0,9,0,0,0,41,0,0,1,0,0,42,0,11,0,5,0,0,3,39,0,1,0,47,0,
3,49,35,0,0,45,0,0,52,0,19,14,0,40,0,50,3,0,0,35,0,6,48,45,0,6,
4,43,27,0,45,0,0,3,50,0,15,17,0,36,2,33,2,1,0,26,0,4,50,27,0,2,
5,0,5,41,0,0,0,0,0,0,0,0,77,0,14,0,3,0,0,3,80,0,0,0,55,0,
6,7,13,0,0,3,0,0,4,0,19,13,0,5,0,4,0,4,4,5,0,44,4,10,0,19,
7,51,33,0,52,50,0,4,0,0,24,16,0,50,0,40,6,0,0,26,0,9,53,54,0,2,
8,0,0,1,0,0,0,0,0,0,0,0,0,0,1,0,0,0,0,0,0,0,0,0,0,0,
9,23,31,0,19,15,0,19,24,0,0,10,0,35,2,12,1,1,0,9,0,23,22,26,0,24,
10,20,10,0,14,17,0,13,16,0,10,0,0,25,0,27,0,0,4,19,0,14,23,6,0,9,
11,0,1,42,0,0,77,0,0,0,0,0,0,0,13,0,1,0,0,3,61,0,0,0,55,0,
12,38,46,0,40,36,0,5,50,0,35,25,0,0,0,47,2,0,1,31,0,9,27,44,0,9,
13,0,3,11,0,2,14,0,0,1,2,0,13,0,0,0,2,0,0,0,5,0,0,1,8,0,
14,58,35,0,50,33,0,4,40,0,12,27,0,47,0,0,0,0,0,34,0,9,58,48,1,9,
15,24,2,5,3,2,3,0,6,0,1,0,1,2,2,0,0,0,0,0,2,0,2,0,4,0,
16,0,0,0,0,1,0,4,0,0,1,0,0,0,0,0,0,0,63,0,0,1,0,0,0,0,
17,0,0,0,0,0,0,4,0,0,0,4,0,1,0,0,0,63,0,0,0,1,0,3,0,2,
18,25,28,3,35,26,3,5,26,0,9,19,3,31,0,34,0,0,0,0,2,0,33,16,0,2,
19,0,1,39,0,0,80,0,0,0,0,0,61,0,5,0,2,0,0,2,0,0,1,0,57,0,
20,4,17,0,6,4,0,44,9,0,23,14,0,9,0,9,0,1,1,0,0,0,9,9,0,32,
21,63,36,1,48,50,0,4,53,0,22,23,0,27,0,58,2,0,0,33,1,9,0,41,1,1,
22,36,38,0,45,27,0,10,54,0,26,6,0,44,1,48,0,0,3,16,0,9,41,0,2,9,
23,0,2,47,0,0,55,0,0,0,0,0,55,0,8,1,4,0,0,0,57,0,1,2,0,0,
24,2,11,0,6,2,0,19,2,0,24,9,0,9,0,9,0,0,2,2,0,32,1,9,0,0,
0,0,28,25,25,6,9,0,11,0,9,12,23,4,17,39,7,1,5,0,41,6,11,20,43,8,
1,28,0,40,45,4,3,0,0,17,12,9,20,12,37,34,1,5,14,0,52,7,1,24,41,27,
2,25,40,0,38,2,1,0,3,9,27,27,10,8,12,13,1,5,10,0,38,3,0,29,37,20,
3,25,45,38,0,4,0,0,7,29,32,27,10,11,30,27,1,4,12,0,39,10,0,27,43,39,
4,6,4,2,4,0,0,34,0,1,6,2,7,15,2,15,0,0,0,0,12,0,0,1,9,2,
5,9,3,1,0,0,0,0,26,20,1,3,0,0,3,1,26,24,29,0,5,4,20,6,3,0,
6,0,0,0,0,34,0,0,0,0,11,2,5,15,2,4,0,0,1,5,1,0,0,0,3,0,
7,11,0,3,7,0,26,0,0,26,7,2,0,0,10,0,59,27,27,0,3,5,30,4,1,4,
8,0,17,9,29,1,20,0,26,0,3,6,11,9,6,5,24,21,12,0,10,3,2,13,9,3,
9,9,12,27,32,6,1,11,7,3,0,20,15,0,10,5,0,1,2,0,14,0,0,11,18,16,
10,12,9,27,27,2,3,2,2,6,20,0,8,3,12,13,1,7,19,0,25,8,0,22,20,23,
11,23,20,10,10,7,0,5,0,11,15,8,0,10,28,45,1,4,2,0,22,0,0,4,26,11,
12,4,12,8,11,15,0,15,0,9,0,3,10,0,5,9,1,2,4,0,9,1,0,3,17,2,
13,17,37,12,30,2,3,2,10,6,10,12,28,5,0,28,4,3,7,0,33,8,5,22,29,14,
14,39,34,13,27,15,1,4,0,5,5,13,45,9,28,0,2,2,9,0,37,7,1,25,48,18,
15,7,1,1,1,0,26,0,59,24,0,1,1,1,4,2,0,27,27,0,6,7,14,7,2,4,
16,1,5,5,4,0,24,0,27,21,1,7,4,2,3,2,27,0,22,0,4,1,8,17,4,10,
17,5,14,10,12,0,29,1,27,12,2,19,2,4,7,9,27,22,0,0,8,11,8,20,13,2,
18,0,0,0,0,0,0,5,0,0,0,0,0,0,0,0,0,0,0,0,0,0,0,0,0,0,
19,41,52,38,39,12,5,1,3,10,14,25,22,9,33,37,6,4,8,0,0,18,0,39,58,19,
20,6,7,3,10,0,4,0,5,3,0,8,0,1,8,7,7,1,11,0,18,0,5,13,2,4,
21,11,1,0,0,0,20,0,30,2,0,0,0,0,5,1,14,8,8,0,0,5,0,6,2,0,
22,20,24,29,27,1,6,0,4,13,11,22,4,3,22,25,7,17,20,0,39,13,6,0,19,17,
23,43,41,37,43,9,3,3,1,9,18,20,26,17,29,48,2,4,13,0,58,2,2,19,0,26,
24,8,27,20,39,2,0,0,4,3,16,23,11,2,14,18,4,10,2,0,19,4,0,17,26,0,
0,0,20,0,27,34,0,21,41,14,0,7,23,1,0,26,13,0,4,21,35,2,40,18,0,0,
1,20,0,0,37,51,0,17,27,15,0,28,41,0,0,40,23,0,22,25,62,0,32,29,0,0,
2,0,0,0,0,0,20,0,0,10,20,0,0,33,18,0,0,7,0,0,0,26,0,0,23,19,
3,27,37,0,0,59,0,19,36,9,0,17,33,0,0,37,31,0,17,11,39,0,53,36,0,0,
4,34,51,0,59,0,0,19,47,17,0,34,30,0,0,51,16,0,22,21,56,0,64,29,0,0,
5,0,0,20,0,0,0,0,0,6,21,0,0,27,13,0,0,8,0,0,0,38,0,0,43,32,
6,21,17,0,19,19,0,0,19,12,0,20,15,0,0,13,12,0,7,10,20,0,11,9,0,0,
7,41,27,0,36,47,0,19,0,11,0,13,37,0,0,27,12,0,12,18,39,3,46,21,0,0,
8,14,15,10,9,17,6,12,11,0,11,1,15,4,0,11,4,3,7,16,15,6,23,4,13,8,
9,0,0,20,0,0,21,0,0,11,0,0,0,13,12,0,0,6,0,0,0,18,0,0,24,10,
10,7,28,0,17,34,0,20,13,1,0,0,20,0,0,32,29,0,20,6,30,0,40,24,0,1,
11,23,41,0,33,30,0,15,37,15,0,20,0,0,0,36,16,0,18,16,33,0,36,19,0,0,
12,1,0,33,0,0,27,0,0,4,13,0,0,0,29,0,0,3,1,0,0,28,0,0,15,26,
13,0,0,18,0,0,13,0,0,0,12,0,0,29,0,0,0,5,0,0,0,36,0,0,10,15,
14,26,40,0,37,51,0,13,27,11,0,32,36,0,0,0,27,0,20,27,55,0,47,21,0,0,
15,13,23,0,31,16,0,12,12,4,0,29,16,0,0,27,0,0,15,31,25,0,24,15,0,4,
16,0,0,7,0,0,8,0,0,3,6,0,0,3,5,0,0,0,0,0,0,0,0,0,5,0,
17,4,22,0,17,22,0,7,12,7,0,20,18,1,0,20,15,0,0,5,22,0,27,16,0,0,
18,21,25,0,11,21,0,10,18,16,0,6,16,0,0,27,31,0,5,0,25,0,17,7,0,4,
19,35,62,0,39,56,0,20,39,15,0,30,33,0,0,55,25,0,22,25,0,0,55,34,0,1,
20,2,0,26,0,0,38,0,3,6,18,0,0,28,36,0,0,0,0,0,0,0,0,0,13,51,
21,40,32,0,53,64,0,11,46,23,0,40,36,0,0,47,24,0,27,17,55,0,0,32,0,0,
22,18,29,0,36,29,0,9,21,4,0,24,19,0,0,21,15,0,16,7,34,0,32,0,0,0,
23,0,0,23,0,0,43,0,0,13,24,0,0,15,10,0,0,5,0,0,0,13,0,0,0,22,
24,0,0,19,0,0,32,0,0,8,10,1,0,26,15,0,4,0,0,4,1,51,0,0,22,0,
0,0,13,6,10,15,6,4,2,1,1,7,1,1,0,0,3,11,4,18,0,0,0,0,0,12,
1,13,0,7,15,34,16,9,0,4,4,4,6,2,0,0,3,4,4,35,2,0,8,0,0,7,
2,6,7,0,1,3,0,12,6,9,7,16,13,5,0,0,0,11,38,28,28,0,2,0,0,34,
3,10,15,1,0,13,19,0,0,0,0,0,2,2,0,0,17,3,0,18,0,0,6,0,0,0,
4,15,34,3,13,0,20,2,1,0,3,2,1,2,0,0,9,7,2,31,0,0,8,0,0,5,
5,6,16,0,19,20,0,0,0,1,0,0,0,2,0,0,33,2,2,17,0,0,29,0,0,0,
6,4,9,12,0,2,0,0,22,17,4,14,4,9,7,2,0,7,4,3,3,2,0,2,6,9,
7,2,0,6,0,1,0,22,0,34,6,16,2,18,23,5,0,4,14,3,4,4,0,3,14,1,
8,1,4,9,0,0,1,17,34,0,11,16,11,5,0,2,0,2,23,13,5,0,0,0,4,8,
9,1,4,7,0,3,0,4,6,11,0,6,6,0,0,0,0,10,11,2,4,0,0,0,0,6,
10,7,4,16,0,2,0,14,16,16,6,0,24,10,0,0,0,15,12,9,4,0,1,0,2,30,
11,1,6,13,2,1,0,4,2,11,6,24,0,0,0,0,0,9,16,3,0,0,1,0,1,18,
12,1,2,5,2,2,2,9,18,5,0,10,0,0,19,24,0,0,2,2,9,5,0,8,37,1,
13,0,0,0,0,0,0,7,23,0,0,0,0,19,0,39,0,0,0,0,26,28,0,32,33,0,
14,0,0,0,0,0,0,2,5,2,0,0,0,24,39,0,0,0,2,0,9,48,0,35,16,0,
15,3,3,0,17,9,33,0,0,0,0,0,0,0,0,0,0,1,0,2,0,0,67,0,0,0,
16,11,4,11,3,7,2,7,4,2,10,15,9,0,0,0,1,0,7,3,0,0,1,0,0,15,
17,4,4,38,0,2,2,4,14,23,11,12,16,2,0,2,0,7,0,20,15,0,1,0,2,13,
18,18,35,28,18,31,17,3,3,13,2,9,3,2,0,0,2,3,20,0,17,0,5,0,0,5,
19,0,2,28,0,0,0,3,4,5,4,4,0,9,26,9,0,0,15,17,0,21,1,21,14,3,
20,0,0,0,0,0,0,2,4,0,0,0,0,5,28,48,0,0,0,0,21,0,0,74,9,0,
21,0,8,2,6,8,29,0,0,0,0,1,1,0,0,0,67,1,1,5,1,0,0,0,0,0,
22,0,0,0,0,0,0,2,3,0,0,0,0,8,32,35,0,0,0,0,21,74,0,0,12,0,
23,0,0,0,0,0,0,6,14,4,0,2,1,37,33,16,0,0,2,0,14,9,0,12,0,3,
24,12,7,34,0,5,0,9,1,8,6,30,18,1,0,0,0,15,13,5,3,0,0,0,3,0,
0,0,0,6,0,38,0,0,0,0,0,0,0,0,9,26,0,0,0,43,0,0,0,0,10,0,
1,0,0,7,16,0,16,0,9,26,19,28,32,28,8,2,8,21,30,0,23,10,8,16,7,23,
2,6,7,0,16,13,0,0,3,0,2,3,0,23,42,7,0,2,0,18,15,6,0,8,19,0,
3,0,16,16,0,0,1,0,1,1,2,2,4,23,10,1,2,1,5,0,16,14,2,10,2,4,
