Node/Edge,1000,17438
Step/Entity,1600,25
meet_step
0,0,41,26,33,38,35,47,19,32,20,31,44,44,31,34,36,35,42,32,23,33,44,32,50,29,
1,41,0,29,41,42,46,43,22,40,34,34,37,33,29,43,38,49,50,49,23,24,53,32,52,28,
2,26,29,0,43,66,35,35,40,35,38,37,24,31,32,35,48,42,48,42,11,28,43,37,48,26,
3,33,41,43,0,47,25,43,31,42,45,40,37,40,47,48,52,34,46,46,17,29,64,28,47,49,
4,38,42,66,47,0,46,59,47,53,50,53,35,55,49,43,71,48,64,56,21,27,72,48,78,48,
5,35,46,35,25,46,0,51,29,39,27,26,35,28,23,39,42,38,41,43,22,30,42,34,48,24,
6,47,43,35,43,59,51,0,46,60,61,52,30,36,43,53,49,51,77,56,28,25,64,33,54,38,
7,19,22,40,31,47,29,46,0,36,39,31,26,31,22,34,51,27,29,40,12,27,39,34,44,29,
8,32,40,35,42,53,39,60,36,0,46,54,35,31,47,36,54,29,55,35,19,23,54,26,54,24,
9,20,34,38,45,50,27,61,39,46,0,48,37,27,34,32,43,35,62,36,17,27,64,29,53,30,
10,31,34,37,40,53,26,52,31,54,48,0,29,40,42,40,54,37,51,45,20,35,58,48,55,24,
11,44,37,24,37,35,35,30,26,35,37,29,0,32,27,34,27,29,33,50,22,30,54,28,42,23,
12,44,33,31,40,55,28,36,31,31,27,40,32,0,48,39,58,30,44,33,17,38,59,39,57,32,
13,31,29,32,47,49,23,43,22,47,34,42,27,48,0,42,45,43,56,42,13,22,47,31,57,28,
14,34,43,35,48,43,39,53,34,36,32,40,34,39,42,0,51,30,44,41,24,31,66,25,60,35,
15,36,38,48,52,71,42,49,51,54,43,54,27,58,45,51,0,43,43,48,28,42,72,24,67,36,
16,35,49,42,34,48,38,51,27,29,35,37,29,30,43,30,43,0,49,37,20,27,47,38,54,39,
17,42,50,48,46,64,41,77,29,55,62,51,33,44,56,44,43,49,0,57,29,40,66,53,65,30,
18,32,49,42,46,56,43,56,40,35,36,45,50,33,42,41,48,37,57,0,27,28,55,47,59,32,
19,23,23,11,17,21,22,28,12,19,17,20,22,17,13,24,28,20,29,27,0,18,19,22,32,15,
20,33,24,28,29,27,30,25,27,23,27,35,30,38,22,31,42,27,40,28,18,0,27,36,33,25,
21,44,53,43,64,72,42,64,39,54,64,58,54,59,47,66,72,47,66,55,19,27,0,43,75,43,
22,32,32,37,28,48,34,33,34,26,29,48,28,39,31,25,24,38,53,47,22,36,43,0,51,21,
23,50,52,48,47,78,48,54,44,54,53,55,42,57,57,60,67,54,65,59,32,33,75,51,0,42,
24,29,28,26,49,48,24,38,29,24,30,24,23,32,28,35,36,39,30,32,15,25,43,21,42,0,
0,0,38,2,22,35,35,7,8,2,22,20,4,36,11,16,25,29,26,27,37,1,5,35,38,27,
1,38,0,12,29,34,57,7,17,5,33,29,10,45,15,22,32,27,38,41,45,4,2,63,66,37,
2,2,12,0,7,5,6,52,3,75,6,3,55,2,6,7,3,42,9,3,9,59,1,2,6,13,
3,22,29,7,0,25,43,4,8,1,14,34,1,25,8,21,32,3,18,29,28,4,10,26,41,23,
4,35,34,5,25,0,70,8,19,1,37,42,5,52,25,31,21,25,27,44,53,2,0,45,47,48,
5,35,57,6,43,70,0,8,20,0,55,45,5,42,25,32,38,18,53,61,57,1,6,61,60,34,
6,7,7,52,4,8,8,0,12,44,4,9,57,14,1,5,4,73,9,11,13,51,4,8,8,6,
7,8,17,3,8,19,20,12,0,0,44,17,0,19,8,34,12,25,24,14,35,0,41,25,20,34,
8,2,5,75,1,1,0,44,0,0,1,0,89,0,1,0,0,52,3,0,1,73,0,1,3,0,
9,22,33,6,14,37,55,4,44,1,0,36,2,34,28,39,11,18,26,37,56,1,35,34,27,61,
10,20,29,3,34,42,45,9,17,0,36,0,7,35,12,43,20,15,35,37,31,4,2,48,43,32,
11,4,10,55,1,5,5,57,0,89,2,7,0,4,1,1,1,55,6,2,0,99,0,7,8,2,
12,36,45,2,25,52,42,14,19,0,34,35,4,0,20,44,22,15,38,39,43,1,8,50,53,36,
13,11,15,6,8,25,25,1,8,1,28,12,1,20,0,21,13,5,15,12,23,4,15,17,17,22,
14,16,22,7,21,31,32,5,34,0,39,43,1,44,21,0,11,11,28,24,41,2,30,36,31,39,
15,25,32,3,32,21,38,4,12,0,11,20,1,22,13,11,0,1,15,32,19,0,27,28,28,13,
16,29,27,42,3,25,18,73,25,52,18,15,55,15,5,11,1,0,28,12,33,51,1,32,29,31,
17,26,38,9,18,27,53,9,24,3,26,35,6,38,15,28,15,28,0,38,46,5,5,41,36,33,
18,27,41,3,29,44,61,11,14,0,37,37,2,39,12,24,32,12,38,0,46,2,12,51,39,40,
19,37,45,9,28,53,57,13,35,1,56,31,0,43,23,41,19,33,46,46,0,1,10,32,58,42,
20,1,4,59,4,2,1,51,0,73,1,4,99,1,4,2,0,51,5,2,1,0,0,4,7,3,
21,5,2,1,10,0,6,4,41,0,35,2,0,8,15,30,27,1,5,12,10,0,0,10,5,21,
22,35,63,2,26,45,61,8,25,1,34,48,7,50,17,36,28,32,41,51,32,4,10,0,70,47,
23,38,66,6,41,47,60,8,20,3,27,43,8,53,17,31,28,29,36,39,58,7,5,70,0,44,
24,27,37,13,23,48,34,6,34,0,61,32,2,36,22,39,13,31,33,40,42,3,21,47,44,0,
0,0,4,72,48,1,35,26,27,44,56,29,21,42,0,35,23,42,23,25,10,27,11,26,5,15,
1,4,0,8,16,32,9,10,31,4,2,10,10,4,23,25,10,17,33,7,32,14,18,9,16,26,
2,72,8,0,41,1,41,33,38,28,56,24,24,53,1,44,22,40,34,44,13,30,5,39,15,17,
3,48,16,41,0,4,19,21,11,22,32,25,12,33,5,11,20,15,12,17,15,23,14,11,14,14,
4,1,32,1,4,0,9,7,15,1,0,8,6,0,19,16,1,8,10,0,14,11,9,2,7,23,
5,35,9,41,19,9,0,32,30,21,19,66,42,10,6,30,33,32,31,23,11,32,21,42,20,30,
6,26,10,33,21,7,32,0,13,12,25,25,26,25,4,28,27,36,16,26,13,30,18,29,17,21,
7,27,31,38,11,15,30,13,0,5,19,27,12,18,2,37,18,43,52,28,29,14,15,31,18,40,
8,44,4,28,22,1,21,12,5,0,21,13,10,43,0,8,7,8,7,17,7,30,7,12,4,8,
9,56,2,56,32,0,19,25,19,21,0,20,26,41,2,21,34,21,27,35,11,36,15,32,12,11,
10,29,10,24,25,8,66,25,27,13,20,0,26,18,2,26,30,42,26,23,13,23,16,31,14,22,
11,21,10,24,12,6,42,26,12,10,26,26,0,12,7,23,23,30,27,19,18,28,37,27,15,12,
12,42,4,53,33,0,10,25,18,43,41,18,12,0,2,35,10,24,11,24,15,14,11,26,10,17,
13,0,23,1,5,19,6,4,2,0,2,2,7,2,0,4,0,2,4,1,5,0,5,0,10,9,
14,35,25,44,11,16,30,28,37,8,21,26,23,35,4,0,22,41,31,24,34,12,17,52,20,41,
15,23,10,22,20,1,33,27,18,7,34,30,23,10,0,22,0,23,17,31,17,36,15,33,26,9,
16,42,17,40,15,8,32,36,43,8,21,42,30,24,2,41,23,0,36,23,14,35,33,54,9,30,
17,23,33,34,12,10,31,16,52,7,27,26,27,11,4,31,17,36,0,19,30,14,16,31,6,27,
18,25,7,44,17,0,23,26,28,17,35,23,19,24,1,24,31,23,19,0,17,37,15,19,23,16,
19,10,32,13,15,14,11,13,29,7,11,13,18,15,5,34,17,14,30,17,0,26,14,32,14,46,
20,27,14,30,23,11,32,30,14,30,36,23,28,14,0,12,36,35,14,37,26,0,25,27,15,17,
21,11,18,5,14,9,21,18,15,7,15,16,37,11,5,17,15,33,16,15,14,25,0,12,22,7,
22,26,9,39,11,2,42,29,31,12,32,31,27,26,0,52,33,54,31,19,32,27,12,0,30,21,
23,5,16,15,14,7,20,17,18,4,12,14,15,10,10,20,26,9,6,23,14,15,22,30,0,14,
24,15,26,17,14,23,30,21,40,8,11,22,12,17,9,41,9,30,27,16,46,17,7,21,14,0,
0,0,71,40,3,2,3,5,63,0,55,68,40,18,8,22,64,33,1,8,39,31,22,1,9,53,
1,71,0,103,0,2,1,6,68,1,29,99,70,13,7,7,98,12,1,3,10,69,25,0,8,39,
2,40,103,0,0,0,0,7,63,0,28,109,69,20,4,6,80,5,0,2,0,51,12,0,5,25,
3,3,0,0,0,27,22,12,1,16,6,3,0,13,26,21,1,29,41,21,14,5,13,38,12,4,
4,2,2,0,27,0,30,14,6,26,9,0,2,36,28,16,1,16,42,15,27,5,4,52,12,3,
5,3,1,0,22,30,0,19,5,33,13,0,4,25,35,23,5,36,55,28,23,4,13,54,19,14,
6,5,6,7,12,14,19,0,15,4,18,5,7,17,40,52,10,13,12,24,9,23,40,21,28,31,
7,63,68,63,1,6,5,15,0,0,40,47,51,20,8,20,72,13,1,8,16,47,22,2,12,51,
8,0,1,0,16,26,33,4,0,0,7,0,1,26,26,12,1,22,36,24,10,1,8,54,16,5,
9,55,29,28,6,9,13,18,40,7,0,31,16,25,27,50,36,22,6,32,28,12,35,9,22,38,
10,68,99,109,3,0,0,5,47,0,31,0,85,12,3,4,71,4,0,13,5,44,9,0,3,29,
11,40,70,69,0,2,4,7,51,1,16,85,0,4,5,7,62,6,1,4,7,66,6,2,3,33,
12,18,13,20,13,36,25,17,20,26,25,12,4,0,33,17,17,16,22,19,14,2,16,53,20,8,
13,8,7,4,26,28,35,40,8,26,27,3,5,33,0,41,5,3,31,24,3,16,42,38,40,21,
14,22,7,6,21,16,23,52,20,12,50,4,7,17,41,0,1,22,15,26,17,21,49,15,28,40,
15,64,98,80,1,1,5,10,72,1,36,71,62,17,5,1,0,16,5,9,16,45,28,1,7,49,
16,33,12,5,29,16,36,13,13,22,22,4,6,16,3,22,16,0,61,31,54,7,23,27,6,32,
17,1,1,0,41,42,55,12,1,36,6,0,1,22,31,15,5,61,0,37,26,2,5,40,12,5,
18,8,3,2,21,15,28,24,8,24,32,13,4,19,24,26,9,31,37,0,10,18,32,23,30,18,
19,39,10,0,14,27,23,9,16,10,28,5,7,14,3,17,16,54,26,10,0,5,23,20,11,34,
20,31,69,51,5,5,4,23,47,1,12,44,66,2,16,21,45,7,2,18,5,0,25,9,16,33,
21,22,25,12,13,4,13,40,22,8,35,9,6,16,42,49,28,23,5,32,23,25,0,13,45,49,
22,1,0,0,38,52,54,21,2,54,9,0,2,53,38,15,1,27,40,23,20,9,13,0,23,4,
23,9,8,5,12,12,19,28,12,16,22,3,3,20,40,28,7,6,12,30,11,16,45,23,0,13,
24,53,39,25,4,3,14,31,51,5,38,29,33,8,21,40,49,32,5,18,34,33,49,4,13,0,
0,0,14,6,6,10,32,31,9,60,18,44,39,0,29,18,5,24,32,32,54,39,47,33,52,40,
1,14,0,32,26,12,10,16,16,21,12,15,18,4,13,14,8,22,9,11,7,13,26,12,10,34,
2,6,32,0,48,17,19,12,32,15,21,18,17,0,29,24,19,26,10,15,14,2,15,11,12,22,
3,6,26,48,0,16,14,15,28,14,19,15,23,8,22,28,18,23,13,12,10,6,13,13,7,24,
4,10,12,17,16,0,24,11,17,13,29,18,25,1,28,6,18,15,14,21,21,9,20,8,21,1,
5,32,10,19,14,24,0,23,20,39,29,24,17,5,13,24,10,23,18,13,43,19,28,14,29,18,
6,31,16,12,15,11,23,0,19,36,9,49,32,3,28,30,6,26,34,30,40,21,44,25,34,31,
7,9,16,32,28,17,20,19,0,15,20,15,29,3,25,12,7,3,9,26,14,14,5,8,6,9,
8,60,21,15,14,13,39,36,15,0,37,44,52,3,15,28,3,52,58,22,81,32,57,28,53,46,
9,18,12,21,19,29,29,9,20,37,0,17,36,3,19,5,12,27,27,22,31,15,24,10,23,8,
10,44,15,18,15,18,24,49,15,44,17,0,43,0,42,21,8,26,29,36,52,18,47,15,33,26,
11,39,18,17,23,25,17,32,29,52,36,43,0,1,28,3,9,32,33,50,41,9,35,5,47,10,
12,0,4,0,8,1,5,3,3,3,3,0,1,0,3,2,17,4,4,4,0,4,1,14,1,0,
13,29,13,29,22,28,13,28,25,15,19,42,28,3,0,22,14,7,26,26,29,11,21,14,16,21,
14,18,14,24,28,6,24,30,12,28,5,21,3,2,22,0,3,21,22,11,31,24,28,51,19,59,
15,5,8,19,18,18,10,6,7,3,12,8,9,17,14,3,0,12,5,6,3,4,9,7,3,7,
16,24,22,26,23,15,23,26,3,52,27,26,32,4,7,21,12,0,44,9,58,31,62,15,36,29,
17,32,9,10,13,14,18,34,9,58,27,29,33,4,26,22,5,44,0,22,66,17,68,30,39,34,
18,32,11,15,12,21,13,30,26,22,22,36,50,4,26,11,6,9,22,0,33,13,19,10,24,20,
19,54,7,14,10,21,43,40,14,81,31,52,41,0,29,31,3,58,66,33,0,29,51,28,57,44,
20,39,13,2,6,9,19,21,14,32,15,18,9,4,11,24,4,31,17,13,29,0,46,21,27,33,
21,47,26,15,13,20,28,44,5,57,24,47,35,1,21,28,9,62,68,19,51,46,0,40,54,41,
22,33,12,11,13,8,14,25,8,28,10,15,5,14,14,51,7,15,30,10,28,21,40,0,24,43,
23,52,10,12,7,21,29,34,6,53,23,33,47,1,16,19,3,36,39,24,57,27,54,24,0,26,
24,40,34,22,24,1,18,31,9,46,8,26,10,0,21,59,7,29,34,20,44,33,41,43,26,0,
0,0,53,87,61,8,22,50,56,10,52,0,23,2,2,50,75,15,48,3,1,56,6,67,8,65,
1,53,0,59,91,5,32,44,47,7,60,0,13,0,0,95,89,17,86,0,2,54,1,108,14,85,
2,87,59,0,56,8,31,54,51,9,68,0,34,0,2,64,68,9,63,0,3,60,0,59,4,62,
3,61,91,56,0,16,16,37,53,17,68,0,13,1,2,111,105,27,100,0,3,33,12,102,5,107,
4,8,5,8,16,0,6,18,6,33,6,26,9,24,35,14,7,27,14,34,23,5,21,3,17,3,
5,22,32,31,16,6,0,15,15,21,16,11,18,29,18,16,20,42,7,14,12,45,28,36,50,24,
6,50,44,54,37,18,15,0,43,14,44,4,28,1,1,48,40,35,43,6,8,41,16,23,12,44,
7,56,47,51,53,6,15,43,0,8,42,3,16,4,1,58,49,21,63,3,4,42,4,42,17,44,
8,10,7,9,17,33,21,14,8,0,4,26,19,25,17,10,9,27,12,30,29,9,44,8,24,5,
9,52,60,68,68,6,16,44,42,4,0,1,12,0,0,74,74,15,90,1,4,33,7,82,7,80,
10,0,0,0,0,26,11,4,3,26,1,0,7,52,23,1,0,8,0,47,36,0,21,0,29,0,
11,23,13,34,13,9,18,28,16,19,12,7,0,19,5,8,10,17,14,8,24,50,17,13,17,7,
12,2,0,0,1,24,29,1,4,25,0,52,19,0,31,1,0,22,1,58,47,0,26,0,53,0,
13,2,0,2,2,35,18,1,1,17,0,23,5,31,0,0,0,14,3,33,34,1,29,0,31,0,
14,50,95,64,111,14,16,48,58,10,74,1,8,1,0,0,100,12,116,0,5,43,5,114,6,115,
15,75,89,68,105,7,20,40,49,9,74,0,10,0,0,100,0,8,108,0,0,45,7,113,6,111,
16,15,17,9,27,27,42,35,21,27,15,8,17,22,14,12,8,0,14,20,17,30,34,10,59,11,
17,48,86,63,100,14,7,43,63,12,90,0,14,1,3,116,108,14,0,0,3,40,10,113,7,99,
18,3,0,0,0,34,14,6,3,30,1,47,8,58,33,0,0,20,0,0,35,0,34,0,47,0,
19,1,2,3,3,23,12,8,4,29,4,36,24,47,34,5,0,17,3,35,0,4,35,3,38,1,
20,56,54,60,33,5,45,41,42,9,33,0,50,0,1,43,45,30,40,0,4,0,5,61,29,58,
21,6,1,0,12,21,28,16,4,44,7,21,17,26,29,5,7,34,10,34,35,5,0,3,38,3,
22,67,108,59,102,3,36,23,42,8,82,0,13,0,0,114,113,10,113,0,3,61,3,0,7,87,
23,8,14,4,5,17,50,12,17,24,7,29,17,53,31,6,6,59,7,47,38,29,38,7,0,3,
24,65,85,62,107,3,24,44,44,5,80,0,7,0,0,115,111,11,99,0,1,58,3,87,3,0,
0,0,28,27,30,24,0,2,6,1,1,3,6,4,3,7,14,7,43,0,13,0,2,27,40,3,
1,28,0,19,31,21,0,2,3,1,3,3,0,2,3,2,17,10,45,0,20,0,2,43,28,1,
2,27,19,0,56,51,1,7,31,4,2,0,11,5,1,7,32,5,46,0,32,0,3,46,34,1,
3,30,31,56,0,44,0,0,14,4,2,4,3,3,6,7,27,14,60,0,31,0,3,54,60,0,
4,24,21,51,44,0,2,6,7,11,8,4,0,5,3,4,30,20,48,2,21,0,9,40,53,4,
5,0,0,1,0,2,0,13,17,22,26,35,28,29,38,9,1,12,0,44,0,54,16,0,1,24,
6,2,2,7,0,6,13,0,15,27,31,46,20,41,22,30,5,48,1,25,1,27,35,0,0,30,
7,6,3,31,14,7,17,15,0,8,25,12,34,12,24,28,0,7,36,34,9,30,13,12,11,9,
8,1,1,4,4,11,22,27,8,0,25,14,15,32,39,9,22,18,1,11,1,18,22,2,12,25,
9,1,3,2,2,8,26,31,25,25,0,11,40,11,28,33,25,48,2,23,1,16,47,5,17,20,
10,3,3,0,4,4,35,46,12,14,11,0,13,47,22,13,0,23,1,23,0,32,11,5,6,36,
11,6,0,11,3,0,28,20,34,15,40,13,0,16,30,33,17,26,9,38,3,34,30,6,16,13,
12,4,2,5,3,5,29,41,12,32,11,47,16,0,16,13,7,12,2,26,1,28,12,2,5,52,
13,3,3,1,6,3,38,22,24,39,28,22,30,16,0,20,33,22,1,34,1,31,41,1,6,18,
14,7,2,7,7,4,9,30,28,9,33,13,33,13,20,0,4,30,13,25,4,14,39,6,8,14,
15,14,17,32,27,30,1,5,0,22,25,0,17,7,33,4,0,21,30,2,17,2,24,30,45,3,
16,7,10,5,14,20,12,48,7,18,48,23,26,12,22,30,21,0,5,20,10,20,42,16,22,14,
17,43,45,46,60,48,0,1,36,1,2,1,9,2,1,13,30,5,0,0,37,0,4,42,50,2,
18,0,0,0,0,2,44,25,34,11,23,23,38,26,34,25,2,20,0,0,0,51,10,0,0,21,
19,13,20,32,31,21,0,1,9,1,1,0,3,1,1,4,17,10,37,0,0,0,1,30,26,0,
20,0,0,0,0,0,54,27,30,18,16,32,34,28,31,14,2,20,0,51,0,0,10,0,1,36,
21,2,2,3,3,9,16,35,13,22,47,11,30,12,41,39,24,42,4,10,1,10,0,0,23,15,
22,27,43,46,54,40,0,0,12,2,5,5,6,2,1,6,30,16,42,0,30,0,0,0,40,0,
23,40,28,34,60,53,1,0,11,12,17,6,16,5,6,8,45,22,50,0,26,1,23,40,0,1,
24,3,1,1,0,4,24,30,9,25,20,36,13,52,18,14,3,14,2,21,0,36,15,0,1,0,
0,0,8,12,36,10,4,10,16,8,15,13,3,18,0,36,20,21,21,5,10,19,22,25,6,11,
1,8,0,13,10,11,16,15,10,14,17,7,6,11,12,7,9,5,27,20,14,18,4,16,5,36,
2,12,13,0,17,26,7,5,17,14,4,7,5,13,3,5,8,21,14,1,3,8,21,7,1,11,
3,36,10,17,0,10,15,17,9,4,25,7,6,16,5,15,18,32,32,7,11,8,13,18,6,19,
4,10,11,26,10,0,9,9,21,45,6,9,1,19,0,8,35,32,7,0,2,2,46,7,0,6,
5,4,16,7,15,9,0,18,8,4,36,19,19,14,30,12,12,10,18,14,31,23,2,23,27,16,
6,10,15,5,17,9,18,0,9,8,15,9,9,13,11,6,6,6,9,8,11,5,11,14,11,6,
7,16,10,17,9,21,8,9,0,19,4,1,2,13,0,5,7,8,12,0,3,1,30,4,1,6,
8,8,14,14,4,45,4,8,19,0,1,3,1,13,0,6,16,16,8,0,0,0,18,11,0,5,
9,15,17,4,25,6,36,15,4,1,0,25,21,16,50,24,6,16,24,31,47,42,4,22,43,15,
10,13,7,7,7,9,19,9,1,3,25,0,25,25,33,13,5,6,11,14,39,39,3,11,12,9,
11,3,6,5,6,1,19,9,2,1,21,25,0,17,34,17,4,3,17,30,33,58,2,14,22,26,
12,18,11,13,16,19,14,13,13,13,16,25,17,0,22,7,22,28,10,14,26,22,14,9,3,9,
13,0,12,3,5,0,30,11,0,0,50,33,34,22,0,11,4,7,7,25,31,52,2,21,25,24,
14,36,7,5,15,8,12,6,5,6,24,13,17,7,11,0,8,4,9,22,17,21,3,2,22,9,
15,20,9,8,18,35,12,6,7,16,6,5,4,22,4,8,0,11,7,1,3,5,9,15,0,3,
16,21,5,21,32,32,10,6,8,16,16,6,3,28,7,4,11,0,21,3,9,8,33,14,9,16,
17,21,27,14,32,7,18,9,12,8,24,11,17,10,7,9,7,21,0,20,22,31,12,20,11,38,
18,5,20,1,7,0,14,8,0,0,31,14,30,14,25,22,1,3,20,0,22,38,2,7,28,32,
19,10,14,3,11,2,31,11,3,0,47,39,33,26,31,17,3,9,22,22,0,37,1,17,24,9,
20,19,18,8,8,2,23,5,1,0,42,39,58,22,52,21,5,8,31,38,37,0,1,16,36,22,
21,22,4,21,13,46,2,11,30,18,4,3,2,14,2,3,9,33,12,2,1,1,0,9,0,8,
22,25,16,7,18,7,23,14,4,11,22,11,14,9,21,2,15,14,20,7,17,16,9,0,20,15,
23,6,5,1,6,0,27,11,1,0,43,12,22,3,25,22,0,9,11,28,24,36,0,20,0,10,
24,11,36,11,19,6,16,6,6,5,15,9,26,9,24,9,3,16,38,32,9,22,8,15,10,0,
0,0,22,18,22,28,3,15,23,10,5,8,12,14,11,4,16,13,5,15,12,15,13,29,11,5,
1,22,0,37,19,15,0,28,54,36,1,16,1,1,46,3,27,6,1,11,36,36,39,25,8,7,
2,18,37,0,17,6,0,40,40,37,0,11,2,0,43,0,19,4,0,4,53,39,42,15,6,0,
3,22,19,17,0,8,5,15,16,18,2,18,10,11,19,9,20,2,11,10,4,15,21,15,23,9,
4,28,15,6,8,0,8,7,20,10,10,38,23,12,20,10,6,27,14,22,14,12,11,25,14,11,
5,3,0,0,5,8,0,0,0,0,83,25,54,56,0,19,0,24,49,27,0,1,0,2,14,75,
6,15,28,40,15,7,0,0,46,33,0,19,1,1,41,4,24,5,0,15,39,37,40,19,4,0,
7,23,54,40,16,20,0,46,0,48,0,30,2,1,46,6,29,6,2,11,30,40,44,19,5,1,
8,10,36,37,18,10,0,33,48,0,1,17,2,1,35,6,23,5,0,7,39,48,37,12,9,0,
9,5,1,0,2,10,83,0,0,1,0,14,30,46,0,16,0,19,37,13,0,0,3,4,12,63,
10,8,16,11,18,38,25,19,30,17,14,0,9,15,20,16,25,37,30,28,9,15,9,20,5,17,
11,12,1,2,10,23,54,1,2,2,30,9,0,33,0,15,1,25,32,30,1,1,1,9,19,51,
12,14,1,0,11,12,56,1,1,1,46,15,33,0,0,25,1,46,50,43,0,0,0,6,20,40,
13,11,46,43,19,20,0,41,46,35,0,20,0,0,0,1,33,5,1,3,35,46,29,35,7,0,
14,4,3,0,9,10,19,4,6,6,16,16,15,25,1,0,3,22,40,15,3,1,1,6,12,33,
15,16,27,19,20,6,0,24,29,23,0,25,1,1,33,3,0,2,1,6,19,19,26,32,2,0,
16,13,6,4,2,27,24,5,6,5,19,37,25,46,5,22,2,0,26,33,1,3,3,14,9,14,
17,5,1,0,11,14,49,0,2,0,37,30,32,50,1,40,1,26,0,34,1,0,0,4,16,60,
18,15,11,4,10,22,27,15,11,7,13,28,30,43,3,15,6,33,34,0,5,3,2,15,7,22,
19,12,36,53,4,14,0,39,30,39,0,9,1,0,35,3,19,1,1,5,0,41,28,16,11,3,
20,15,36,39,15,12,1,37,40,48,0,15,1,0,46,1,19,3,0,3,41,0,43,25,1,0,
21,13,39,42,21,11,0,40,44,37,3,9,1,0,29,1,26,3,0,2,28,43,0,17,5,1,
22,29,25,15,15,25,2,19,19,12,4,20,9,6,35,6,32,14,4,15,16,25,17,0,17,6,
23,11,8,6,23,14,14,4,5,9,12,5,19,20,7,12,2,9,16,7,11,1,5,17,0,8,
24,5,7,0,9,11,75,0,1,0,63,17,51,40,0,33,0,14,60,22,3,0,1,6,8,0,
0,0,62,34,44,16,4,20,9,4,14,23,39,36,13,23,38,4,2,2,8,1,9,17,5,20,
1,62,0,36,46,14,14,16,17,14,26,11,43,29,13,22,36,10,10,2,29,1,13,24,1,9,
2,34,36,0,27,18,15,18,20,21,13,22,27,20,21,23,12,24,22,14,33,4,13,17,2,5,
3,44,46,27,0,18,4,10,1,2,7,20,29,48,13,47,41,5,2,2,8,0,8,24,1,54,
4,16,14,18,18,0,35,18,21,30,27,54,26,18,26,21,17,20,37,8,60,5,40,30,20,13,
5,4,14,15,4,35,0,23,26,27,21,24,10,12,33,17,14,30,29,11,32,16,29,17,10,8,
6,20,16,18,10,18,23,0,15,23,10,19,22,11,22,13,5,28,8,6,25,11,22,10,6,4,
7,9,17,20,1,21,26,15,0,66,36,28,19,9,23,10,11,13,36,12,42,23,20,0,5,33,
8,4,14,21,2,30,27,23,66,0,47,57,22,5,34,15,10,23,39,17,35,31,31,9,9,32,
9,14,26,13,7,27,21,10,36,47,0,24,11,15,31,19,31,11,43,14,27,27,29,10,7,32,
10,23,11,22,20,54,24,19,28,57,24,0,31,27,34,25,18,18,28,8,45,17,45,12,9,28,
11,39,43,27,29,26,10,22,19,22,11,31,0,19,5,12,18,14,21,4,42,2,28,12,2,7,
12,36,29,20,48,18,12,11,9,5,15,27,19,0,18,45,56,17,16,5,10,6,21,36,7,16,
13,13,13,21,13,26,33,22,23,34,31,34,5,18,0,33,19,18,27,17,25,24,14,19,4,13,
14,23,22,23,47,21,17,13,10,15,19,25,12,45,33,0,39,10,12,8,6,17,9,38,7,41,
15,38,36,12,41,17,14,5,11,10,31,18,18,56,19,39,0,13,19,3,25,9,22,19,9,18,
16,4,10,24,5,20,30,28,13,23,11,18,14,17,18,10,13,0,13,13,14,12,19,10,10,3,
17,2,10,22,2,37,29,8,36,39,43,28,21,16,27,12,19,13,0,16,34,26,30,21,14,30,
18,2,2,14,2,8,11,6,12,17,14,8,4,5,17,8,3,13,16,0,9,21,8,5,14,10,
19,8,29,33,8,60,32,25,42,35,27,45,42,10,25,6,25,14,34,9,0,21,32,30,23,15,
20,1,1,4,0,5,16,11,23,31,27,17,2,6,24,17,9,12,26,21,21,0,10,5,10,31,
21,9,13,13,8,40,29,22,20,31,29,45,28,21,14,9,22,19,30,8,32,10,0,28,17,6,
22,17,24,17,24,30,17,10,0,9,10,12,12,36,19,38,19,10,21,5,30,5,28,0,15,15,
23,5,1,2,1,20,10,6,5,9,7,9,2,7,4,7,9,10,14,14,23,10,17,15,0,5,
24,20,9,5,54,13,8,4,33,32,32,28,7,16,13,41,18,3,30,10,15,31,6,15,5,0,
0,0,20,0,4,0,15,56,59,0,9,7,0,0,0,48,26,6,0,27,36,2,0,67,2,58,
1,20,0,0,25,2,21,18,21,4,27,66,1,4,3,35,36,22,3,18,25,45,3,11,9,8,
2,0,0,0,14,63,3,0,0,61,24,2,62,39,54,0,4,22,52,7,0,4,47,0,42,0,
3,4,25,14,0,18,29,3,4,10,12,44,17,13,16,10,11,35,12,31,4,28,16,4,16,3,
4,0,2,63,18,0,3,0,0,62,26,0,67,57,73,0,1,30,62,9,0,5,65,0,57,0,
5,15,21,3,29,3,0,19,18,0,10,34,2,1,3,11,6,42,7,71,8,38,5,29,16,16,
6,56,18,0,3,0,19,0,46,0,10,1,0,1,0,42,21,7,0,31,35,6,0,47,3,57,
7,59,21,0,4,0,18,46,0,0,8,7,0,0,0,47,28,4,0,22,25,8,2,44,2,48,
8,0,4,61,10,62,0,0,0,0,11,3,72,62,57,0,2,22,49,7,0,5,57,0,34,0,
9,9,27,24,12,26,10,10,8,11,0,11,13,11,20,12,21,37,21,23,14,22,12,9,22,9,
10,7,66,2,44,0,34,1,7,3,11,0,1,2,5,9,35,22,7,23,18,57,6,4,10,9,
11,0,1,62,17,67,2,0,0,72,13,1,0,67,68,2,3,27,50,8,1,7,75,0,49,0,
12,0,4,39,13,57,1,1,0,62,11,2,67,0,63,0,0,32,52,4,0,4,59,0,33,0,
13,0,3,54,16,73,3,0,0,57,20,5,68,63,0,0,1,31,39,4,0,2,48,0,32,0,
14,48,35,0,10,0,11,42,47,0,12,9,2,0,0,0,25,9,0,20,34,10,0,45,8,41,
15,26,36,4,11,1,6,21,28,2,21,35,3,0,1,25,0,6,6,10,36,28,1,30,4,22,
16,6,22,22,35,30,42,7,4,22,37,22,27,32,31,9,6,0,35,41,3,26,20,10,43,1,
17,0,3,52,12,62,7,0,0,49,21,7,50,52,39,0,6,35,0,17,0,13,47,2,51,0,
18,27,18,7,31,9,71,31,22,7,23,23,8,4,4,20,10,41,17,0,10,34,4,26,15,26,
19,36,25,0,4,0,8,35,25,0,14,18,1,0,0,34,36,3,0,10,0,11,0,39,3,21,
20,2,45,4,28,5,38,6,8,5,22,57,7,4,2,10,28,26,13,34,11,0,8,2,15,6,
21,0,3,47,16,65,5,0,2,57,12,6,75,59,48,0,1,20,47,4,0,8,0,0,39,0,
22,67,11,0,4,0,29,47,44,0,9,4,0,0,0,45,30,10,2,26,39,2,0,0,4,46,
23,2,9,42,16,57,16,3,2,34,22,10,49,33,32,8,4,43,51,15,3,15,39,4,0,1,
24,58,8,0,3,0,16,57,48,0,9,9,0,0,0,41,22,1,0,26,21,6,0,46,1,0,
0,0,68,15,38,27,45,53,3,59,48,42,12,23,40,39,83,70,1,18,36,74,45,32,38,6,
1,68,0,11,34,21,39,56,1,52,47,40,17,23,52,39,74,47,9,13,19,65,59,51,47,1,
2,15,11,0,5,5,29,15,2,29,10,5,51,47,11,15,10,9,1,1,29,18,8,14,23,4,
3,38,34,5,0,24,14,37,5,26,20,33,18,5,25,34,43,34,9,31,21,41,33,42,37,11,
4,27,21,5,24,0,10,30,10,24,27,17,7,8,25,17,28,26,7,17,8,28,30,29,36,8,
5,45,39,29,14,10,0,24,0,19,33,27,48,25,41,39,36,33,0,6,23,29,28,24,28,4,
6,53,56,15,37,30,24,0,1,52,44,35,19,23,26,34,58,61,3,22,15,58,42,30,47,1,
7,3,1,2,5,10,0,1,0,0,1,2,2,1,1,0,4,1,25,25,6,2,0,2,1,40,
8,59,52,29,26,24,19,52,0,0,31,35,31,24,38,41,42,45,15,21,26,52,38,40,60,3,
9,48,47,10,20,27,33,44,1,31,0,19,28,27,38,28,50,46,6,11,23,50,41,32,54,2,
10,42,40,5,33,17,27,35,2,35,19,0,22,23,38,27,50,48,1,13,18,53,27,29,29,1,
11,12,17,51,18,7,48,19,2,31,28,22,0,51,29,12,30,11,1,5,41,19,15,20,23,6,
12,23,23,47,5,8,25,23,1,24,27,23,51,0,17,28,23,18,0,2,17,26,18,11,19,2,
13,40,52,11,25,25,41,26,1,38,38,38,29,17,0,38,47,39,1,13,19,45,50,30,43,2,
14,39,39,15,34,17,39,34,0,41,28,27,12,28,38,0,49,54,4,16,22,50,50,29,29,1,
15,83,74,10,43,28,36,58,4,42,50,50,30,23,47,49,0,55,0,21,26,71,66,48,61,2,
16,70,47,9,34,26,33,61,1,45,46,48,11,18,39,54,55,0,0,13,19,63,52,46,49,0,
17,1,9,1,9,7,0,3,25,15,6,1,1,0,1,4,0,0,0,8,7,1,2,4,2,30,
18,18,13,1,31,17,6,22,25,21,11,13,5,2,13,16,21,13,8,0,12,17,26,21,28,14,
19,36,19,29,21,8,23,15,6,26,23,18,41,17,19,22,26,19,7,12,0,22,26,15,25,5,
20,74,65,18,41,28,29,58,2,52,50,53,19,26,45,50,71,63,1,17,22,0,48,34,44,1,
21,45,59,8,33,30,28,42,0,38,41,27,15,18,50,50,66,52,2,26,26,48,0,45,46,3,
22,32,51,14,42,29,24,30,2,40,32,29,20,11,30,29,48,46,4,21,15,34,45,0,33,7,
23,38,47,23,37,36,28,47,1,60,54,29,23,19,43,29,61,49,2,28,25,44,46,33,0,3,
24,6,1,4,11,8,4,1,40,3,2,1,6,2,2,1,2,0,30,14,5,1,3,7,3,0,
0,0,100,27,1,0,39,4,4,3,2,33,96,1,3,5,38,1,6,2,4,94,2,3,5,13,
1,100,0,22,5,1,29,5,4,7,3,29,88,4,6,3,38,0,5,7,5,102,4,4,4,11,
2,27,22,0,21,15,49,30,20,27,31,9,30,15,11,21,5,4,18,11,35,38,8,6,22,19,
3,1,5,21,0,23,23,46,49,46,56,36,3,36,26,59,27,8,39,27,63,2,22,30,49,51,
4,0,1,15,23,0,19,17,29,26,44,11,2,20,17,26,4,18,20,14,26,1,6,16,17,14,
5,39,29,49,23,19,0,22,27,37,37,14,41,16,31,40,7,6,32,18,52,31,4,11,31,20,
6,4,5,30,46,17,22,0,35,36,50,30,2,49,32,43,22,9,39,41,49,10,30,29,36,43,
7,4,4,20,49,29,27,35,0,32,51,32,4,34,34,47,21,16,38,32,55,4,30,27,41,40,
8,3,7,27,46,26,37,36,32,0,52,31,7,24,29,52,21,13,39,32,60,10,21,22,42,35,
9,2,3,31,56,44,37,50,51,52,0,27,5,41,30,52,18,20,51,36,69,6,19,39,38,56,
10,33,29,9,36,11,14,30,32,31,27,0,25,24,18,28,33,5,28,22,38,21,21,24,32,39,
11,96,88,30,3,2,41,2,4,7,5,25,0,1,2,9,37,1,6,0,4,101,1,0,1,8,
12,1,4,15,36,20,16,49,34,24,41,24,1,0,33,43,32,16,28,31,41,0,24,42,50,38,
13,3,6,11,26,17,31,32,34,29,30,18,2,33,0,51,26,21,43,32,45,9,22,29,39,44,
14,5,3,21,59,26,40,43,47,52,52,28,9,43,51,0,42,22,37,47,86,6,17,32,49,60,
15,38,38,5,27,4,7,22,21,21,18,33,37,32,26,42,0,8,23,19,29,47,11,33,25,41,
16,1,0,4,8,18,6,9,16,13,20,5,1,16,21,22,8,0,13,18,18,0,17,26,13,21,
17,6,5,18,39,20,32,39,38,39,51,28,6,28,43,37,23,13,0,30,48,1,23,29,59,43,
18,2,7,11,27,14,18,41,32,32,36,22,0,31,32,47,19,18,30,0,42,3,25,29,29,34,
19,4,5,35,63,26,52,49,55,60,69,38,4,41,45,86,29,18,48,42,0,8,32,31,59,58,
20,94,102,38,2,1,31,10,4,10,6,21,101,0,9,6,47,0,1,3,8,0,8,2,8,7,
21,2,4,8,22,6,4,30,30,21,19,21,1,24,22,17,11,17,23,25,32,8,0,55,27,34,
22,3,4,6,30,16,11,29,27,22,39,24,0,42,29,32,33,26,29,29,31,2,55,0,27,43,
23,5,4,22,49,17,31,36,41,42,38,32,1,50,39,49,25,13,59,29,59,8,27,27,0,47,
24,13,11,19,51,14,20,43,40,35,56,39,8,38,44,60,41,21,43,34,58,7,34,43,47,0,
0,0,12,8,28,37,35,42,26,22,33,30,25,22,57,30,8,21,18,24,16,12,20,41,19,27,
1,12,0,6,23,17,16,24,19,17,9,38,29,13,6,18,53,5,9,11,35,6,29,14,4,24,
2,8,6,0,1,7,25,2,27,1,9,2,8,47,8,26,0,26,53,19,2,89,2,10,91,9,
3,28,23,1,0,4,9,12,4,12,4,33,8,2,8,7,31,16,1,17,16,0,30,24,5,5,
4,37,17,7,4,0,35,39,33,19,37,16,45,21,37,46,4,16,22,35,16,9,6,32,27,39,
5,35,16,25,9,35,0,33,34,11,38,7,40,38,47,34,1,22,28,26,21,40,5,25,28,51,
6,42,24,2,12,39,33,0,32,38,31,31,29,11,43,24,10,15,13,26,6,6,6,37,19,43,
7,26,19,27,4,33,34,32,0,13,39,10,34,27,38,36,5,19,38,24,26,18,2,15,41,48,
8,22,17,1,12,19,11,38,13,0,17,25,35,5,24,17,18,12,8,26,11,3,17,28,5,24,
9,33,9,9,4,37,38,31,39,17,0,7,23,18,36,46,1,9,32,17,18,24,1,28,30,46,
10,30,38,2,33,16,7,31,10,25,7,0,21,4,15,11,52,15,5,26,32,2,35,26,11,21,
11,25,29,8,8,45,40,29,34,35,23,21,0,20,27,39,20,13,19,16,17,10,12,25,14,40,
12,22,13,47,2,21,38,11,27,5,18,4,20,0,30,34,1,47,20,23,18,37,3,8,33,9,
13,57,6,8,8,37,47,43,38,24,36,15,27,30,0,38,6,21,24,26,15,20,5,40,25,40,
14,30,18,26,7,46,34,24,36,17,46,11,39,34,38,0,3,7,32,24,25,27,3,18,31,36,
15,8,53,0,31,4,1,10,5,18,1,52,20,1,6,3,0,8,2,11,29,0,17,7,3,7,
16,21,5,26,16,16,22,15,19,12,9,15,13,47,21,7,8,0,9,12,13,17,10,7,2,23,
17,18,9,53,1,22,28,13,38,8,32,5,19,20,24,32,2,9,0,32,4,50,0,8,92,26,
18,24,11,19,17,35,26,26,24,26,17,26,16,23,26,24,11,12,32,0,5,24,5,33,36,32,
19,16,35,2,16,16,21,6,26,11,18,32,17,18,15,25,29,13,4,5,0,13,17,5,5,13,
20,12,6,89,0,9,40,6,18,3,24,2,10,37,20,27,0,17,50,24,13,0,1,10,62,8,
21,20,29,2,30,6,5,6,2,17,1,35,12,3,5,3,17,10,0,5,17,1,0,10,1,5,
22,41,14,10,24,32,25,37,15,28,28,26,25,8,40,18,7,7,8,33,5,10,10,0,15,39,
23,19,4,91,5,27,28,19,41,5,30,11,14,33,25,31,3,2,92,36,5,62,1,15,0,21,
24,27,24,9,5,39,51,43,48,24,46,21,40,9,40,36,7,23,26,32,13,8,5,39,21,0,
0,0,4,14,9,4,15,27,8,4,1,5,37,28,11,23,25,23,34,25,29,26,31,3,30,8,
1,4,0,45,38,33,16,39,26,36,27,57,7,2,59,16,11,35,5,17,4,3,10,45,1,52,
2,14,45,0,51,33,26,15,39,25,31,37,18,16,49,54,13,37,11,13,8,16,29,48,14,23,
3,9,38,51,0,36,49,25,18,31,17,61,16,24,52,42,25,55,12,25,18,14,26,62,23,47,
4,4,33,33,36,0,20,18,24,39,43,35,6,7,37,14,10,16,1,0,3,0,6,29,1,36,
5,15,16,26,49,20,0,23,14,28,18,45,31,15,23,42,22,45,17,5,15,7,30,29,8,22,
6,27,39,15,25,18,23,0,11,18,20,38,25,15,24,14,26,15,23,23,21,24,24,34,13,33,
7,8,26,39,18,24,14,11,0,22,17,17,11,12,35,21,14,38,18,1,11,9,12,17,10,11,
8,4,36,25,31,39,28,18,22,0,44,49,10,0,22,9,17,30,3,6,3,2,3,36,3,28,
9,1,27,31,17,43,18,20,17,44,0,44,4,3,28,12,15,21,4,13,3,0,3,39,5,39,
10,5,57,37,61,35,45,38,17,49,44,0,10,11,32,22,19,20,9,19,8,3,9,46,8,50,
11,37,7,18,16,6,31,25,11,10,4,10,0,38,1,27,38,24,45,23,41,28,25,3,30,3,
12,28,2,16,24,7,15,15,12,0,3,11,38,0,4,17,27,23,39,22,38,27,38,5,34,1,
13,11,59,49,52,37,23,24,35,22,28,32,1,4,0,23,8,31,5,14,10,4,19,36,2,34,
14,23,16,54,42,14,42,14,21,9,12,22,27,17,23,0,22,42,27,20,21,22,40,33,31,21,
15,25,11,13,25,10,22,26,14,17,15,19,38,27,8,22,0,33,28,9,27,15,18,18,21,15,
16,23,35,37,55,16,45,15,38,30,21,20,24,23,31,42,33,0,26,14,21,21,41,25,19,24,
17,34,5,11,12,1,17,23,18,3,4,9,45,39,5,27,28,26,0,15,38,43,42,5,24,1,
18,25,17,13,25,0,5,23,1,6,13,19,23,22,14,20,9,14,15,0,22,20,22,21,18,15,
19,29,4,8,18,3,15,21,11,3,3,8,41,38,10,21,27,21,38,22,0,25,25,7,28,6,
20,26,3,16,14,0,7,24,9,2,0,3,28,27,4,22,15,21,43,20,25,0,35,0,27,1,
21,31,10,29,26,6,30,24,12,3,3,9,25,38,19,40,18,41,42,22,25,35,0,7,32,4,
22,3,45,48,62,29,29,34,17,36,39,46,3,5,36,33,18,25,5,21,7,0,7,0,5,41,
23,30,1,14,23,1,8,13,10,3,5,8,30,34,2,31,21,19,24,18,28,27,32,5,0,0,
24,8,52,23,47,36,22,33,11,28,39,50,3,1,34,21,15,24,1,15,6,1,4,41,0,0,
0,0,55,45,19,11,39,15,56,36,35,34,5,13,36,4,33,48,37,47,31,31,9,11,3,52,
1,55,0,54,37,8,25,25,55,42,47,54,10,11,48,24,31,55,38,47,48,12,16,31,11,57,
2,45,54,0,20,9,45,22,66,47,35,44,8,5,27,11,45,68,41,51,35,35,10,15,5,60,
3,19,37,20,0,39,24,23,15,17,47,32,36,27,24,37,5,20,36,16,30,11,54,33,20,24,
4,11,8,9,39,0,19,36,5,8,18,17,36,39,13,36,8,6,16,7,6,33,48,37,36,6,
5,39,25,45,24,19,0,13,43,28,30,30,13,9,26,12,29,44,33,30,28,25,6,12,9,24,
6,15,25,22,23,36,13,0,15,16,25,28,28,32,16,23,2,16,9,10,18,16,47,28,28,19,
7,56,55,66,15,5,43,15,0,49,36,41,11,7,30,4,53,76,45,50,30,26,11,10,3,50,
8,36,42,47,17,8,28,16,49,0,20,25,6,4,19,3,29,31,27,38,22,17,10,11,7,32,
9,35,47,35,47,18,30,25,36,20,0,38,22,32,38,35,21,29,22,28,29,4,33,44,20,23,
10,34,54,44,32,17,30,28,41,25,38,0,20,23,40,12,29,32,51,44,36,6,32,38,14,31,
11,5,10,8,36,36,13,28,11,6,22,20,0,35,23,31,19,6,7,10,7,26,42,21,47,7,
12,13,11,5,27,39,9,32,7,4,32,23,35,0,12,29,10,5,13,5,11,14,53,25,30,8,
13,36,48,27,24,13,26,16,30,19,38,40,23,12,0,16,24,28,49,39,37,10,27,35,18,26,
14,4,24,11,37,36,12,23,4,3,35,12,31,29,16,0,12,9,18,4,23,13,40,20,29,14,
15,33,31,45,5,8,29,2,53,29,21,29,19,10,24,12,0,45,36,40,31,41,7,17,6,33,
16,48,55,68,20,6,44,16,76,31,29,32,6,5,28,9,45,0,38,56,42,33,8,8,7,40,
17,37,38,41,36,16,33,9,45,27,22,51,7,13,49,18,36,38,0,45,50,20,31,31,15,29,
18,47,47,51,16,7,30,10,50,38,28,44,10,5,39,4,40,56,45,0,43,30,5,14,4,46,
19,31,48,35,30,6,28,18,30,22,29,36,7,11,37,23,31,42,50,43,0,14,15,46,9,36,
20,31,12,35,11,33,25,16,26,17,4,6,26,14,10,13,41,33,20,30,14,0,23,8,29,25,
21,9,16,10,54,48,6,47,11,10,33,32,42,53,27,40,7,8,31,5,15,23,0,55,43,5,
22,11,31,15,33,37,12,28,10,11,44,38,21,25,35,20,17,8,31,14,46,8,55,0,29,9,
23,3,11,5,20,36,9,28,3,7,20,14,47,30,18,29,6,7,15,4,9,29,43,29,0,4,
24,52,57,60,24,6,24,19,50,32,23,31,7,8,26,14,33,40,29,46,36,25,5,9,4,0,
0,0,9,1,67,21,0,4,18,9,49,35,50,55,13,4,50,27,12,15,0,13,32,13,7,21,
1,9,0,27,3,2,7,13,18,38,14,7,1,0,12,24,1,13,37,25,18,17,3,16,30,28,
2,1,27,0,1,8,20,11,1,15,0,1,2,2,19,40,5,11,19,13,13,34,5,14,41,20,
3,67,3,1,0,33,0,0,17,2,41,45,68,63,2,0,55,22,5,15,0,1,58,5,1,16,
4,21,2,8,33,0,0,0,18,4,20,25,19,32,23,0,16,25,4,16,0,2,25,6,4,14,
5,0,7,20,0,0,0,38,3,3,0,0,0,0,2,78,0,0,4,8,96,63,0,76,64,7,
6,4,13,11,0,0,38,0,7,23,8,3,2,5,14,19,1,2,30,21,38,9,4,49,8,9,
7,18,18,1,17,18,3,7,0,17,34,4,32,35,7,7,19,31,19,16,4,11,14,2,14,30,
8,9,38,15,2,4,3,23,17,0,22,9,5,3,15,33,2,10,65,40,28,14,2,15,40,61,
9,49,14,0,41,20,0,8,34,22,0,15,33,42,16,2,31,24,15,6,8,12,22,4,10,14,
10,35,7,1,45,25,0,3,4,9,15,0,26,17,18,4,33,11,13,10,0,4,34,7,1,14,
11,50,1,2,68,19,0,2,32,5,33,26,0,41,3,1,44,12,3,12,0,1,37,3,9,17,
12,55,0,2,63,32,0,5,35,3,42,17,41,0,8,4,42,19,2,14,0,7,37,11,2,18,
13,13,12,19,2,23,2,14,7,15,16,18,3,8,0,23,6,27,16,19,8,7,10,5,7,17,
14,4,24,40,0,0,78,19,7,33,2,4,1,4,23,0,1,5,26,14,46,71,4,13,73,10,
15,50,1,5,55,16,0,1,19,2,31,33,44,42,6,1,0,13,1,11,0,1,45,2,4,15,
16,27,13,11,22,25,0,2,31,10,24,11,12,19,27,5,13,0,13,17,0,15,22,9,15,26,
17,12,37,19,5,4,4,30,19,65,15,13,3,2,16,26,1,13,0,34,12,22,3,20,37,40,
18,15,25,13,15,16,8,21,16,40,6,10,12,14,19,14,11,17,34,0,19,6,16,9,10,59,
19,0,18,13,0,0,96,38,4,28,8,0,0,0,8,46,0,0,12,19,0,25,1,63,33,20,
20,13,17,34,1,2,63,9,11,14,12,4,1,7,7,71,1,15,22,6,25,0,2,7,78,14,
21,32,3,5,58,25,0,4,14,2,22,34,37,37,10,4,45,22,3,16,1,2,0,5,0,28,
22,13,16,14,5,6,76,49,2,15,4,7,3,11,5,13,2,9,20,9,63,7,5,0,7,10,
23,7,30,41,1,4,64,8,14,40,10,1,9,2,7,73,4,15,37,10,33,78,0,7,0,12,
24,21,28,20,16,14,7,9,30,61,14,14,17,18,17,10,15,26,40,59,20,14,28,10,12,0,
0,0,12,11,0,2,7,29,0,25,28,6,7,5,34,37,11,4,7,1,0,3,32,1,5,10,
1,12,0,5,21,4,22,18,7,33,9,22,22,9,0,22,24,6,14,7,0,14,12,7,24,23,
2,11,5,0,17,2,8,6,2,9,13,9,6,17,22,9,20,9,17,3,2,9,14,8,8,36,
3,0,21,17,0,7,28,0,7,7,15,18,24,12,8,4,28,7,38,3,3,20,26,0,13,34,
4,2,4,2,7,0,2,0,28,3,4,13,5,3,7,18,2,17,11,51,13,32,8,36,13,11,
5,7,22,8,28,2,0,7,4,3,5,6,22,15,8,11,28,7,37,2,1,22,10,3,8,29,
6,29,18,6,0,0,7,0,0,33,73,0,1,1,29,11,2,0,1,0,0,0,25,0,3,8,
7,0,7,2,7,28,4,0,0,1,1,13,5,0,6,8,1,9,5,30,24,19,3,30,6,6,
8,25,33,9,7,3,3,33,1,0,24,15,12,17,5,18,11,8,9,2,2,5,8,2,7,15,
9,28,9,13,15,4,5,73,1,24,0,16,1,10,25,9,10,4,12,2,3,18,42,7,6,28,
10,6,22,9,18,13,6,0,13,15,16,0,17,18,8,4,37,20,12,15,7,35,28,12,15,23,
11,7,22,6,24,5,22,1,5,12,1,17,0,20,4,10,47,11,37,6,3,22,11,7,23,35,
12,5,9,17,12,3,15,1,0,17,10,18,20,0,11,4,25,7,24,7,2,12,19,10,18,21,
13,34,0,22,8,7,8,29,6,5,25,8,4,11,0,19,19,12,10,0,1,9,23,0,12,20,
14,37,22,9,4,18,11,11,8,18,9,4,10,4,19,0,5,6,13,18,12,10,15,14,2,4,
15,11,24,20,28,2,28,2,1,11,10,37,47,25,19,5,0,13,44,3,6,30,26,11,23,53,
16,4,6,9,7,17,7,0,9,8,4,20,11,7,12,6,13,0,8,30,6,9,9,17,8,13,
17,7,14,17,38,11,37,1,5,9,12,12,37,24,10,13,44,8,0,1,1,28,25,3,24,52,
18,1,7,3,3,51,2,0,30,2,2,15,6,7,0,18,3,30,1,0,28,25,7,45,4,2,
19,0,0,2,3,13,1,0,24,2,3,7,3,2,1,12,6,6,1,28,0,12,3,32,3,1,
20,3,14,9,20,32,22,0,19,5,18,35,22,12,9,10,30,9,28,25,12,0,18,10,26,29,
21,32,12,14,26,8,10,25,3,8,42,28,11,19,23,15,26,9,25,7,3,18,0,3,7,47,
22,1,7,8,0,36,3,0,30,2,7,12,7,10,0,14,11,17,3,45,32,10,3,0,8,8,
23,5,24,8,13,13,8,3,6,7,6,15,23,18,12,2,23,8,24,4,3,26,7,8,0,38,
24,10,23,36,34,11,29,8,6,15,28,23,35,21,20,4,53,13,52,2,1,29,47,8,38,0,
0,0,31,29,1,6,6,3,18,14,34,9,12,7,0,32,30,37,1,35,43,6,48,55,57,37,
1,31,0,21,1,14,9,5,30,7,22,23,7,23,4,37,7,14,7,25,26,10,21,25,32,13,
2,29,21,0,1,11,6,6,26,26,20,8,15,17,4,40,19,28,7,32,65,8,26,23,27,19,
3,1,1,1,0,10,8,2,2,4,5,10,5,19,11,7,15,0,23,3,9,7,3,0,3,0,
4,6,14,11,10,0,54,15,7,16,28,35,38,54,12,15,27,14,7,5,12,25,5,16,11,0,
5,6,9,6,8,54,0,28,13,19,66,54,59,72,7,21,40,11,11,2,30,46,13,3,5,4,
6,3,5,6,2,15,28,0,19,26,31,20,19,30,20,15,11,10,18,5,5,19,3,3,1,1,
7,18,30,26,2,7,13,19,0,15,15,6,7,21,8,25,12,6,12,19,29,11,26,28,21,7,
8,14,7,26,4,16,19,26,15,0,21,14,19,22,15,17,21,26,19,24,32,26,8,14,11,7,
9,34,22,20,5,28,66,31,15,21,0,28,47,66,9,34,31,32,18,21,31,37,11,9,18,5,
10,9,23,8,10,35,54,20,6,14,28,0,34,51,12,11,32,11,14,3,11,42,6,0,5,0,
11,12,7,15,5,38,59,19,7,19,47,34,0,46,14,14,27,19,16,18,30,35,1,11,7,5,
12,7,23,17,19,54,72,30,21,22,66,51,46,0,16,37,43,14,20,7,35,58,19,2,12,0,
13,0,4,4,11,12,7,20,8,15,9,12,14,16,0,7,5,5,20,2,3,19,3,1,1,1,
14,32,37,40,7,15,21,15,25,17,34,11,14,37,7,0,21,30,12,40,51,14,34,21,33,21,
15,30,7,19,15,27,40,11,12,21,31,32,27,43,5,21,0,27,16,15,34,24,31,20,24,13,
16,37,14,28,0,14,11,10,6,26,32,11,19,14,5,30,27,0,6,37,48,16,10,45,28,14,
17,1,7,7,23,7,11,18,12,19,18,14,16,20,20,12,16,6,0,1,4,26,3,0,1,2,
18,35,25,32,3,5,2,5,19,24,21,3,18,7,2,40,15,37,1,0,38,10,14,40,33,26,
19,43,26,65,9,12,30,5,29,32,31,11,30,35,3,51,34,48,4,38,0,9,33,22,33,13,
20,6,10,8,7,25,46,19,11,26,37,42,35,58,19,14,24,16,26,10,9,0,4,5,3,0,
21,48,21,26,3,5,13,3,26,8,11,6,1,19,3,34,31,10,3,14,33,4,0,46,62,37,
22,55,25,23,0,16,3,3,28,14,9,0,11,2,1,21,20,45,0,40,22,5,46,0,69,43,
23,57,32,27,3,11,5,1,21,11,18,5,7,12,1,33,24,28,1,33,33,3,62,69,0,42,
24,37,13,19,0,0,4,1,7,7,5,0,5,0,1,21,13,14,2,26,13,0,37,43,42,0,
0,0,16,17,20,37,12,6,10,12,39,12,12,28,21,30,10,33,9,26,2,2,15,13,23,16,
1,16,0,4,5,26,8,1,1,2,23,25,6,20,6,5,26,26,2,32,23,14,2,29,27,9,
2,17,4,0,18,8,59,65,11,49,17,4,50,36,68,21,6,9,43,2,0,0,29,5,15,19,
3,20,5,18,0,9,11,8,23,31,7,11,29,17,11,27,2,20,14,3,0,0,20,6,9,24,
4,37,26,8,9,0,14,18,29,21,31,28,10,28,3,36,8,41,17,29,9,12,27,20,25,4,
5,12,8,59,11,14,0,79,21,62,0,3,70,33,60,16,1,7,57,0,0,0,40,4,0,9,
6,6,1,65,8,18,79,0,30,47,1,2,52,34,65,15,3,13,44,6,2,0,36,3,0,5,
7,10,1,11,23,29,21,30,0,33,5,1,13,16,23,24,1,39,47,2,0,1,56,0,5,33,
8,12,2,49,31,21,62,47,33,0,7,2,30,14,52,35,2,22,67,3,0,0,62,0,5,12,
9,39,23,17,7,31,0,1,5,7,0,22,3,13,2,11,23,23,5,15,5,12,8,16,40,14,
10,12,25,4,11,28,3,2,1,2,22,0,9,26,2,8,8,9,1,19,21,26,1,27,29,22,
11,12,6,50,29,10,70,52,13,30,3,9,0,46,49,17,1,7,23,2,0,1,11,3,4,15,
12,28,20,36,17,28,33,34,16,14,13,26,46,0,25,24,6,21,13,20,2,1,8,11,8,20,
13,21,6,68,11,3,60,65,23,52,2,2,49,25,0,17,3,13,50,0,2,0,32,3,0,7,
14,30,5,21,27,36,16,15,24,35,11,8,17,24,17,0,1,45,15,6,7,2,29,2,14,21,
15,10,26,6,2,8,1,3,1,2,23,8,1,6,3,1,0,9,0,22,29,14,1,14,6,1,
16,33,26,9,20,41,7,13,39,22,23,9,7,21,13,45,9,0,23,26,1,1,33,16,27,14,
17,9,2,43,14,17,57,44,47,67,5,1,23,13,50,15,0,23,0,4,1,1,68,2,3,15,
18,26,32,2,3,29,0,6,2,3,15,19,2,20,0,6,22,26,4,0,24,5,6,26,20,11,
19,2,23,0,0,9,0,2,0,0,5,21,0,2,2,7,29,1,1,24,0,44,1,26,11,12,
20,2,14,0,0,12,0,0,1,0,12,26,1,1,0,2,14,1,1,5,44,0,0,16,8,8,
21,15,2,29,20,27,40,36,56,62,8,1,11,8,32,29,1,33,68,6,1,0,0,1,6,13,
22,13,29,5,6,20,4,3,0,0,16,27,3,11,3,2,14,16,2,26,26,16,1,0,9,8,
23,23,27,15,9,25,0,0,5,5,40,29,4,8,0,14,6,27,3,20,11,8,6,9,0,4,
24,16,9,19,24,4,9,5,33,12,14,22,15,20,7,21,1,14,15,11,12,8,13,8,4,0,
0,0,74,20,47,8,18,8,11,51,61,36,40,54,4,53,52,52,31,57,15,85,12,8,82,67,
1,74,0,26,22,8,16,6,11,47,38,18,20,48,5,32,30,28,20,31,5,38,15,5,50,45,
2,20,26,0,23,13,16,8,21,17,25,20,27,24,17,29,18,19,17,14,4,19,22,7,14,17,
3,47,22,23,0,19,22,14,19,44,54,36,38,37,20,44,39,36,22,42,8,46,18,4,49,26,
4,8,8,13,19,0,29,16,23,3,5,17,10,3,33,20,4,15,34,4,13,8,50,22,5,6,
5,18,16,16,22,29,0,33,6,15,17,23,26,8,20,19,14,16,44,19,10,27,26,14,14,5,
6,8,6,8,14,16,33,0,9,1,3,17,11,7,16,14,5,7,9,8,29,5,14,13,2,2,
7,11,11,21,19,23,6,9,0,7,6,15,13,8,11,14,6,39,46,2,8,11,46,28,5,10,
8,51,47,17,44,3,15,1,7,0,77,24,33,55,5,35,55,26,13,41,0,68,8,3,70,49,
9,61,38,25,54,5,17,3,6,77,0,20,31,42,0,44,65,34,13,32,2,65,13,4,68,41,
10,36,18,20,36,17,23,17,15,24,20,0,27,11,12,29,26,24,28,19,9,17,17,8,28,17,
11,40,20,27,38,10,26,11,13,33,31,27,0,16,8,39,16,34,34,25,4,31,14,7,30,27,
12,54,48,24,37,3,8,7,8,55,42,11,16,0,8,39,35,19,6,55,1,56,12,1,51,44,
13,4,5,17,20,33,20,16,11,5,0,12,8,8,0,13,3,12,15,5,14,5,28,21,5,4,
14,53,32,29,44,20,19,14,14,35,44,29,39,39,13,0,24,31,20,33,5,38,17,8,36,28,
15,52,30,18,39,4,14,5,6,55,65,26,16,35,3,24,0,20,11,56,1,62,7,2,71,35,
16,52,28,19,36,15,16,7,39,26,34,24,34,19,12,31,20,0,32,30,18,26,20,3,30,20,
17,31,20,17,22,34,44,9,46,13,13,28,34,6,15,20,11,32,0,13,6,22,54,23,21,20,
18,57,31,14,42,4,19,8,2,41,32,19,25,55,5,33,56,30,13,0,0,53,14,1,57,36,
19,15,5,4,8,13,10,29,8,0,2,9,4,1,14,5,1,18,6,0,0,3,12,16,1,4,
20,85,38,19,46,8,27,5,11,68,65,17,31,56,5,38,62,26,22,53,3,0,10,2,84,51,
21,12,15,22,18,50,26,14,46,8,13,17,14,12,28,17,7,20,54,14,12,10,0,26,7,11,
22,8,5,7,4,22,14,13,28,3,4,8,7,1,21,8,2,3,23,1,16,2,26,0,3,5,
23,82,50,14,49,5,14,2,5,70,68,28,30,51,5,36,71,30,21,57,1,84,7,3,0,57,
24,67,45,17,26,6,5,2,10,49,41,17,27,44,4,28,35,20,20,36,4,51,11,5,57,0,
0,0,27,14,17,16,37,4,10,15,11,35,50,16,27,12,25,16,29,14,14,25,57,27,12,16,
1,27,0,12,63,51,6,15,36,58,44,72,11,45,4,69,53,46,6,30,42,55,10,16,62,48,
2,14,12,0,15,7,24,7,18,12,7,8,28,5,34,9,18,7,33,1,7,7,16,17,9,10,
3,17,63,15,0,50,6,24,43,64,71,77,5,54,2,62,63,49,7,34,49,56,4,16,50,56,
4,16,51,7,50,0,7,23,26,53,52,64,15,33,3,48,49,33,13,33,41,59,6,13,59,45,
5,37,6,24,6,7,0,0,21,6,4,7,49,10,62,3,8,7,43,3,5,5,68,30,2,7,
6,4,15,7,24,23,0,0,15,21,16,19,5,22,1,22,16,18,1,15,21,18,1,9,31,17,
7,10,36,18,43,26,21,15,0,32,29,44,18,25,13,41,26,27,26,18,38,36,10,20,24,24,
8,15,58,12,64,53,6,21,32,0,36,54,14,46,7,59,46,28,9,34,33,55,4,11,50,50,
9,11,44,7,71,52,4,16,29,36,0,60,8,44,5,30,35,34,6,24,46,45,2,8,53,42,
10,35,72,8,77,64,7,19,44,54,60,0,19,64,1,65,63,48,4,49,52,61,3,25,57,54,
11,50,11,28,5,15,49,5,18,14,8,19,0,25,33,13,16,20,52,14,15,16,56,31,9,15,
12,16,45,5,54,33,10,22,25,46,44,64,25,0,7,52,36,35,11,27,40,61,3,13,44,45,
13,27,4,34,2,3,62,1,13,7,5,1,33,7,0,4,10,12,37,2,2,3,41,27,4,4,
14,12,69,9,62,48,3,22,41,59,30,65,13,52,4,0,38,45,10,31,42,68,4,15,64,55,
15,25,53,18,63,49,8,16,26,46,35,63,16,36,10,38,0,29,16,34,35,52,6,27,46,43,
16,16,46,7,49,33,7,18,27,28,34,48,20,35,12,45,29,0,19,33,34,41,14,29,39,48,
17,29,6,33,7,13,43,1,26,9,6,4,52,11,37,10,16,19,0,5,4,9,43,27,5,7,
18,14,30,1,34,33,3,15,18,34,24,49,14,27,2,31,34,33,5,0,30,24,2,20,32,40,
19,14,42,7,49,41,5,21,38,33,46,52,15,40,2,42,35,34,4,30,0,48,3,13,42,38,
20,25,55,7,56,59,5,18,36,55,45,61,16,61,3,68,52,41,9,24,48,0,3,17,66,49,
21,57,10,16,4,6,68,1,10,4,2,3,56,3,41,4,6,14,43,2,3,3,0,24,1,4,
22,27,16,17,16,13,30,9,20,11,8,25,31,13,27,15,27,29,27,20,13,17,24,0,15,24,
23,12,62,9,50,59,2,31,24,50,53,57,9,44,4,64,46,39,5,32,42,66,1,15,0,47,
24,16,48,10,56,45,7,17,24,50,42,54,15,45,4,55,43,48,7,40,38,49,4,24,47,0,
0,0,31,4,17,9,9,21,28,23,19,7,3,4,32,2,36,3,16,3,39,3,11,12,5,16,
1,31,0,31,15,23,29,34,16,27,42,33,24,2,33,20,57,16,32,3,38,13,7,3,1,3,
2,4,31,0,3,8,29,13,3,18,34,49,58,0,8,27,4,33,39,0,6,45,0,0,0,2,
3,17,15,3,0,8,18,11,17,7,6,7,1,22,23,7,16,13,23,11,22,4,20,13,9,20,
4,9,23,8,8,0,26,25,16,22,16,16,4,11,24,9,37,10,18,1,22,9,26,14,7,7,
5,9,29,29,18,26,0,26,16,13,18,20,27,5,53,21,32,26,10,17,38,24,35,16,2,19,
6,21,34,13,11,25,26,0,19,29,18,18,18,3,30,15,37,21,18,5,31,19,25,5,4,1,
7,28,16,3,17,16,16,19,0,13,8,8,5,3,29,4,13,4,12,8,22,9,10,8,3,9,
8,23,27,18,7,22,13,29,13,0,30,32,17,9,20,11,15,61,57,6,16,26,17,5,5,13,
9,19,42,34,6,16,18,18,8,30,0,17,37,3,22,16,15,29,43,1,15,20,7,0,0,2,
10,7,33,49,7,16,20,18,8,32,17,0,33,4,15,33,12,49,31,1,7,21,15,9,3,14,
11,3,24,58,1,4,27,18,5,17,37,33,0,1,11,18,4,35,24,1,2,37,3,1,0,1,
12,4,2,0,22,11,5,3,3,9,3,4,1,0,4,7,9,2,22,23,11,1,30,19,38,28,
13,32,33,8,23,24,53,30,29,20,22,15,11,4,0,7,41,11,21,15,43,10,43,12,0,13,
14,2,20,27,7,9,21,15,4,11,16,33,18,7,7,0,5,30,16,8,20,24,13,9,2,9,
15,36,57,4,16,37,32,37,13,15,15,12,4,9,41,5,0,10,17,4,51,3,18,9,3,11,
16,3,16,33,13,10,26,21,4,61,29,49,35,2,11,30,10,0,42,2,10,27,9,6,3,13,
17,16,32,39,23,18,10,18,12,57,43,31,24,22,21,16,17,42,0,3,20,21,12,10,5,13,
18,3,3,0,11,1,17,5,8,6,1,1,1,23,15,8,4,2,3,0,19,2,25,23,21,23,
