Node/Edge,1000,3701
Step/Entity,1600,25
meet_step
0,0,0,71,1,0,0,0,0,167,174,156,161,202,6,167,3,0,0,173,3,75,0,175,0,176,
1,0,0,0,0,0,10,0,16,0,0,0,0,0,0,0,0,0,0,0,0,0,0,0,0,0,
2,71,0,0,1,2,0,1,0,63,71,65,68,78,1,52,4,0,7,77,0,35,0,68,4,65,
3,1,0,1,0,29,0,8,0,0,0,0,5,0,0,0,25,33,2,0,53,0,29,0,29,0,
4,0,0,2,29,0,0,11,0,0,0,0,0,0,0,0,8,14,7,0,24,0,19,0,29,0,
5,0,10,0,0,0,0,0,4,0,0,3,0,1,11,0,0,0,0,0,0,19,0,0,0,0,
6,0,0,1,8,11,0,0,0,0,0,0,0,0,0,0,9,15,0,0,19,0,13,0,2,0,
7,0,16,0,0,0,4,0,0,0,0,0,0,0,0,0,0,0,0,0,0,0,0,0,0,0,
8,167,0,63,0,0,0,0,0,0,281,216,211,271,4,224,7,0,1,248,1,70,0,170,0,228,
9,174,0,71,0,0,0,0,0,281,0,207,242,234,6,201,7,0,1,223,0,67,0,210,0,242,
10,156,0,65,0,0,3,0,0,216,207,0,207,217,2,218,9,0,0,215,0,78,0,195,0,199,
11,161,0,68,5,0,0,0,0,211,242,207,0,237,2,234,7,0,0,242,0,74,0,187,1,210,
12,202,0,78,0,0,1,0,0,271,234,217,237,0,4,207,7,0,2,275,0,78,0,207,1,231,
13,6,0,1,0,0,11,0,0,4,6,2,2,4,0,10,1,0,0,3,0,41,0,6,0,6,
14,167,0,52,0,0,0,0,0,224,201,218,234,207,10,0,10,0,0,252,0,83,0,181,0,193,
15,3,0,4,25,8,0,9,0,7,7,9,7,7,1,10,0,8,7,8,17,6,11,8,24,9,
16,0,0,0,33,14,0,15,0,0,0,0,0,0,0,0,8,0,1,0,34,0,33,0,17,0,
17,0,0,7,2,7,0,0,0,1,1,0,0,2,0,0,7,1,0,1,1,0,4,2,12,1,
18,173,0,77,0,0,0,0,0,248,223,215,242,275,3,252,8,0,1,0,0,69,0,198,3,243,
19,3,0,0,53,24,0,19,0,1,0,0,0,0,0,0,17,34,1,0,0,0,29,0,19,1,
20,75,0,35,0,0,19,0,0,70,67,78,74,78,41,83,6,0,0,69,0,0,0,65,0,74,
21,0,0,0,29,19,0,13,0,0,0,0,0,0,0,0,11,33,4,0,29,0,0,0,23,0,
22,175,0,68,0,0,0,0,0,170,210,195,187,207,6,181,8,0,2,198,0,65,0,0,0,200,
23,0,0,4,29,29,0,2,0,0,0,0,1,1,0,0,24,17,12,3,19,0,23,0,0,0,
24,176,0,65,0,0,0,0,0,228,242,199,210,231,6,193,9,0,1,243,1,74,0,200,0,0,
0,0,0,0,7,9,42,0,0,41,0,0,21,3,0,0,10,7,1,0,0,5,0,0,5,0,
1,0,0,0,0,0,2,0,10,6,0,0,12,0,0,0,39,0,21,0,0,0,0,0,0,0,
2,0,0,0,3,4,7,1,0,0,2,0,0,9,0,0,0,21,0,0,5,23,3,0,15,21,
3,7,0,3,0,59,1,0,0,11,0,0,30,48,0,0,0,0,0,0,0,1,0,0,8,0,
4,9,0,4,59,0,2,0,0,14,1,0,1,30,0,0,0,8,0,0,2,13,0,0,2,8,
5,42,2,7,1,2,0,0,0,20,1,0,21,3,0,0,10,8,0,0,4,10,2,0,12,17,
6,0,0,1,0,0,0,0,0,0,7,0,0,1,0,0,0,2,0,1,5,1,13,0,0,2,
7,0,10,0,0,0,0,0,0,0,0,0,5,0,0,0,4,0,44,0,0,0,0,0,0,0,
8,41,6,0,11,14,20,0,0,0,0,0,15,14,0,0,13,1,0,0,0,3,0,0,8,0,
9,0,0,2,0,1,1,7,0,0,0,0,0,0,0,0,0,0,0,0,18,0,30,0,1,1,
10,0,0,0,0,0,0,0,0,0,0,0,0,0,0,126,0,0,0,26,0,0,0,0,0,0,
11,21,12,0,30,1,21,0,5,15,0,0,0,1,0,0,14,2,3,0,0,2,0,0,5,0,
12,3,0,9,48,30,3,1,0,14,0,0,1,0,0,0,0,23,0,0,3,25,0,0,13,27,
13,0,0,0,0,0,0,0,0,0,0,0,0,0,0,0,0,0,0,0,0,0,0,0,0,0,
14,0,0,0,0,0,0,0,0,0,0,126,0,0,0,0,0,0,0,66,0,0,0,0,0,0,
15,10,39,0,0,0,10,0,4,13,0,0,14,0,0,0,0,0,5,0,0,0,0,0,3,1,
16,7,0,21,0,8,8,2,0,1,0,0,2,23,0,0,0,0,0,0,1,35,0,0,26,40,
17,1,21,0,0,0,0,0,44,0,0,0,3,0,0,0,5,0,0,0,0,0,0,0,0,0,
18,0,0,0,0,0,0,1,0,0,0,26,0,0,0,66,0,0,0,0,0,0,0,0,0,0,
19,0,0,5,0,2,4,5,0,0,18,0,0,3,0,0,0,1,0,0,0,2,35,0,4,2,
20,5,0,23,1,13,10,1,0,3,0,0,2,25,0,0,0,35,0,0,2,0,1,0,26,46,
21,0,0,3,0,0,2,13,0,0,30,0,0,0,0,0,0,0,0,0,35,1,0,0,0,0,
22,0,0,0,0,0,0,0,0,0,0,0,0,0,0,0,0,0,0,0,0,0,0,0,0,0,
23,5,0,15,8,2,12,0,0,8,1,0,5,13,0,0,3,26,0,0,4,26,0,0,0,19,
24,0,0,21,0,8,17,2,0,0,1,0,0,27,0,0,1,40,0,0,2,46,0,0,19,0,
0,0,0,5,70,0,47,11,1,4,3,0,48,2,7,33,7,8,4,0,30,0,7,12,0,0,
1,0,0,2,0,31,0,0,0,0,0,2,0,0,0,0,0,0,0,7,0,0,27,0,7,2,
2,5,2,0,3,17,0,11,23,37,0,0,2,3,0,1,0,39,1,3,28,0,42,7,3,0,
3,70,0,3,0,1,14,29,2,1,26,0,2,1,11,3,3,0,10,0,2,0,0,9,0,0,
4,0,31,17,1,0,0,13,10,1,0,2,1,5,2,1,1,0,1,17,20,1,0,0,8,8,
5,47,0,0,14,0,0,19,0,0,34,0,47,1,38,43,28,3,22,0,26,0,3,31,0,0,
6,11,0,11,29,13,19,0,11,0,27,0,33,6,8,4,1,4,29,0,37,0,2,14,0,0,
7,1,0,23,2,10,0,11,0,0,0,0,0,7,0,0,0,0,1,0,17,0,0,0,0,0,
8,4,0,37,1,1,0,0,0,0,0,1,1,0,0,4,0,39,0,19,14,0,30,8,73,0,
9,3,0,0,26,0,34,27,0,0,0,0,5,0,35,21,51,0,18,0,2,0,0,48,0,0,
10,0,2,0,0,2,0,0,0,1,0,0,0,0,0,0,0,0,0,4,0,10,0,0,4,53,
11,48,0,2,2,1,47,33,0,1,5,0,0,0,2,30,4,4,24,1,61,0,3,7,0,0,
12,2,0,3,1,5,1,6,7,0,0,0,0,0,0,4,0,0,9,0,11,0,1,1,0,0,
13,7,0,0,11,2,38,8,0,0,35,0,2,0,0,40,56,0,21,0,5,0,0,44,0,0,
14,33,0,1,3,1,43,4,0,4,21,0,30,4,40,0,38,1,12,0,17,0,3,42,0,0,
15,7,0,0,3,1,28,1,0,0,51,0,4,0,56,38,0,0,15,0,1,0,0,60,0,0,
16,8,0,39,0,0,3,4,0,39,0,0,4,0,0,1,0,0,0,16,11,0,112,10,2,0,
17,4,0,1,10,1,22,29,1,0,18,0,24,9,21,12,15,0,0,0,20,0,1,24,0,0,
18,0,7,3,0,17,0,0,0,19,0,4,1,0,0,0,0,16,0,0,0,0,24,0,7,4,
19,30,0,28,2,20,26,37,17,14,2,0,61,11,5,17,1,11,20,0,0,0,19,16,1,0,
20,0,0,0,0,1,0,0,0,0,0,10,0,0,0,0,0,0,0,0,0,0,0,0,0,6,
21,7,27,42,0,0,3,2,0,30,0,0,3,1,0,3,0,112,1,24,19,0,0,13,5,0,
22,12,0,7,9,0,31,14,0,8,48,0,7,1,44,42,60,10,24,0,16,0,13,0,0,0,
23,0,7,3,0,8,0,0,0,73,0,4,0,0,0,0,0,2,0,7,1,0,5,0,0,4,
24,0,2,0,0,8,0,0,0,0,0,53,0,0,0,0,0,0,0,4,0,6,0,0,4,0,
0,0,1,0,63,49,0,0,34,0,11,0,0,1,4,0,0,0,0,0,0,1,0,35,0,66,
1,1,0,0,0,0,0,0,0,64,0,0,0,0,0,0,0,0,0,0,0,0,2,0,0,0,
2,0,0,0,0,0,0,0,9,0,0,0,0,23,2,0,0,0,0,0,0,0,0,0,0,0,
3,63,0,0,0,37,0,0,21,0,14,0,0,2,5,0,0,0,0,1,0,1,0,40,0,45,
4,49,0,0,37,0,0,0,49,0,22,1,0,0,8,0,3,0,0,0,1,1,0,57,0,76,
5,0,0,0,0,0,0,13,0,0,32,5,0,0,0,0,5,50,0,0,36,13,0,0,55,0,
6,0,0,0,0,0,13,0,0,0,9,6,0,0,0,0,21,9,0,0,39,8,0,0,16,0,
7,34,0,9,21,49,0,0,0,0,21,2,0,23,2,0,0,0,0,0,0,6,0,34,0,40,
8,0,64,0,0,0,0,0,0,0,0,0,70,0,0,27,0,0,34,55,0,0,1,0,0,0,
9,11,0,0,14,22,32,9,21,0,0,22,0,0,0,0,4,27,0,0,16,12,0,17,37,20,
10,0,0,0,0,1,5,6,2,0,22,0,0,0,2,0,31,6,0,0,10,26,0,0,5,6,
11,0,0,0,0,0,0,0,0,70,0,0,0,0,0,117,0,0,397,436,0,0,104,0,0,0,
12,1,0,23,2,0,0,0,23,0,0,0,0,0,1,0,0,0,0,0,0,0,0,0,0,0,
13,4,0,2,5,8,0,0,2,0,0,2,0,1,0,0,2,0,0,0,0,0,0,7,0,13,
14,0,0,0,0,0,0,0,0,27,0,0,117,0,0,0,0,0,145,137,0,0,63,0,0,0,
15,0,0,0,0,3,5,21,0,0,4,31,0,0,2,0,0,40,0,0,23,6,0,0,42,4,
16,0,0,0,0,0,50,9,0,0,27,6,0,0,0,0,40,0,0,0,44,17,0,0,92,0,
17,0,0,0,0,0,0,0,0,34,0,0,397,0,0,145,0,0,0,412,0,0,101,0,0,0,
18,0,0,0,1,0,0,0,0,55,0,0,436,0,0,137,0,0,412,0,0,0,95,0,0,0,
19,0,0,0,0,1,36,39,0,0,16,10,0,0,0,0,23,44,0,0,0,12,0,0,56,0,
20,1,0,0,1,1,13,8,6,0,12,26,0,0,0,0,6,17,0,0,12,0,0,0,9,4,
21,0,2,0,0,0,0,0,0,1,0,0,104,0,0,63,0,0,101,95,0,0,0,0,0,0,
22,35,0,0,40,57,0,0,34,0,17,0,0,0,7,0,0,0,0,0,0,0,0,0,0,42,
23,0,0,0,0,0,55,16,0,0,37,5,0,0,0,0,42,92,0,0,56,9,0,0,0,0,
24,66,0,0,45,76,0,0,40,0,20,6,0,0,13,0,4,0,0,0,0,4,0,42,0,0,
0,0,0,3,36,0,34,0,0,0,0,0,0,0,9,0,0,0,3,0,0,45,0,0,0,24,
1,0,0,0,0,91,0,100,0,106,14,0,1,0,0,0,30,68,0,0,103,0,0,0,0,0,
2,3,0,0,4,0,6,0,0,0,0,0,0,0,0,0,0,0,6,1,0,2,0,0,8,23,
3,36,0,4,0,0,54,0,0,0,0,0,0,0,9,0,0,0,2,0,0,46,0,0,0,32,
4,0,91,0,0,0,0,137,0,136,10,0,14,0,0,0,13,110,0,0,133,0,0,0,0,0,
5,34,0,6,54,0,0,0,0,0,0,0,0,0,2,0,0,0,3,0,0,38,0,0,0,36,
6,0,100,0,0,137,0,0,0,182,18,0,3,0,0,0,20,91,0,0,149,0,0,0,0,0,
7,0,0,0,0,0,0,0,0,0,0,74,0,23,0,61,0,0,0,1,0,0,21,39,2,0,
8,0,106,0,0,136,0,182,0,0,23,0,2,0,0,0,25,97,0,0,147,0,0,0,0,0,
9,0,14,0,0,10,0,18,0,23,0,0,16,0,0,0,66,45,0,0,8,0,0,0,0,0,
10,0,0,0,0,0,0,0,74,0,0,0,0,18,5,92,0,0,0,0,0,0,10,16,2,0,
11,0,1,0,0,14,0,3,0,2,16,0,0,0,0,0,15,9,0,0,19,0,0,0,0,0,
12,0,0,0,0,0,0,0,23,0,0,18,0,0,6,65,0,0,0,26,0,0,75,72,31,2,
13,9,0,0,9,0,2,0,0,0,0,5,0,6,0,3,0,0,0,0,0,12,13,10,0,2,
14,0,0,0,0,0,0,0,61,0,0,92,0,65,3,0,0,0,0,1,0,0,43,29,0,0,
15,0,30,0,0,13,0,20,0,25,66,0,15,0,0,0,0,68,0,0,22,0,0,0,0,0,
16,0,68,0,0,110,0,91,0,97,45,0,9,0,0,0,68,0,0,0,107,0,0,0,0,0,
17,3,0,6,2,0,3,0,0,0,0,0,0,0,0,0,0,0,0,4,0,0,0,0,9,3,
18,0,0,1,0,0,0,0,1,0,0,0,0,26,0,1,0,0,4,0,0,0,2,0,216,5,
19,0,103,0,0,133,0,149,0,147,8,0,19,0,0,0,22,107,0,0,0,0,0,0,0,0,
20,45,0,2,46,0,38,0,0,0,0,0,0,0,12,0,0,0,0,0,0,0,0,0,0,30,
21,0,0,0,0,0,0,0,21,0,0,10,0,75,13,43,0,0,0,2,0,0,0,89,0,0,
22,0,0,0,0,0,0,0,39,0,0,16,0,72,10,29,0,0,0,0,0,0,89,0,0,0,
23,0,0,8,0,0,0,0,2,0,0,2,0,31,0,0,0,0,9,216,0,0,0,0,0,6,
24,24,0,23,32,0,36,0,0,0,0,0,0,2,2,0,0,0,3,5,0,30,0,0,6,0,
0,0,0,0,0,0,1,27,58,0,0,27,0,1,0,0,4,0,27,0,0,0,0,0,73,59,
1,0,0,1,3,0,0,0,0,0,1,0,0,1,0,100,0,1,0,0,106,2,0,107,0,0,
2,0,1,0,4,57,1,0,0,32,1,4,19,18,2,0,0,71,0,0,0,11,2,0,0,0,
3,0,3,4,0,1,1,0,0,3,25,0,37,17,2,0,0,2,0,37,0,6,30,1,0,0,
4,0,0,57,1,0,1,0,2,123,2,1,57,18,0,0,0,102,0,1,0,22,2,0,0,0,
5,1,0,1,1,1,0,0,0,0,21,0,3,0,109,0,0,2,0,2,0,0,2,0,0,2,
6,27,0,0,0,0,0,0,38,0,0,20,0,1,0,0,3,0,42,0,0,0,0,0,46,49,
7,58,0,0,0,2,0,38,0,2,0,22,1,0,0,0,2,0,37,0,0,0,0,0,69,45,
8,0,0,32,3,123,0,0,2,0,0,0,16,19,0,0,0,104,0,3,0,21,2,0,0,0,
9,0,1,1,25,2,21,0,0,0,0,0,21,2,17,0,0,0,0,20,0,8,25,2,0,0,
10,27,0,4,0,1,0,20,22,0,0,0,0,11,0,0,0,1,15,0,0,0,0,0,19,19,
11,0,0,19,37,57,3,0,1,16,21,0,0,21,2,0,0,7,0,38,0,22,28,2,0,0,
12,1,1,18,17,18,0,1,0,19,2,11,21,0,0,0,0,16,3,14,0,14,15,1,0,1,
13,0,0,2,2,0,109,0,0,0,17,0,2,0,0,0,0,0,0,1,0,0,1,0,0,0,
14,0,100,0,0,0,0,0,0,0,0,0,0,0,0,0,0,0,0,0,146,0,0,146,0,0,
15,4,0,0,0,0,0,3,2,0,0,0,0,0,0,0,0,0,4,0,0,0,0,0,2,3,
16,0,1,71,2,102,2,0,0,104,0,1,7,16,0,0,0,0,0,4,0,11,2,0,0,0,
17,27,0,0,0,0,0,42,37,0,0,15,0,3,0,0,4,0,0,0,0,0,0,0,37,35,
18,0,0,0,37,1,2,0,0,3,20,0,38,14,1,0,0,4,0,0,0,7,60,4,0,0,
19,0,106,0,0,0,0,0,0,0,0,0,0,0,0,146,0,0,0,0,0,0,1,140,0,0,
20,0,2,11,6,22,0,0,0,21,8,0,22,14,0,0,0,11,0,7,0,0,12,0,0,0,
21,0,0,2,30,2,2,0,0,2,25,0,28,15,1,0,0,2,0,60,1,12,0,1,0,0,
22,0,107,0,1,0,0,0,0,0,2,0,2,1,0,146,0,0,0,4,140,0,1,0,0,0,
23,73,0,0,0,0,0,46,69,0,0,19,0,0,0,0,2,0,37,0,0,0,0,0,0,67,
24,59,0,0,0,0,2,49,45,0,0,19,0,1,0,0,3,0,35,0,0,0,0,0,67,0,
0,0,0,0,0,4,0,41,0,0,0,45,0,41,6,0,13,0,1,0,0,34,1,0,0,11,
1,0,0,21,22,0,36,0,0,4,3,0,0,0,0,27,0,29,0,12,0,0,0,1,8,0,
2,0,21,0,29,2,27,0,22,0,3,0,0,0,0,31,0,52,0,13,0,0,0,2,2,0,
3,0,22,29,0,0,33,0,2,2,0,0,1,0,0,16,0,41,0,4,0,0,0,1,3,0,
4,4,0,2,0,0,0,1,0,0,0,3,41,1,7,0,26,0,64,0,0,2,47,0,0,3,
5,0,36,27,33,0,0,0,0,4,11,0,0,0,0,17,0,24,0,22,4,0,0,0,1,0,
6,41,0,0,0,1,0,0,0,0,0,69,0,77,0,0,4,0,1,0,0,41,0,0,0,0,
7,0,0,22,2,0,0,0,0,2,0,0,1,0,0,0,0,4,0,0,0,0,0,6,1,0,
8,0,4,0,2,0,4,0,2,0,14,0,0,0,0,8,0,4,0,8,4,0,0,0,28,0,
9,0,3,3,0,0,11,0,0,14,0,0,0,0,0,13,0,1,0,13,61,0,0,0,13,0,
10,45,0,0,0,3,0,69,0,0,0,0,3,50,2,0,5,0,0,0,0,53,0,0,0,4,
11,0,0,0,1,41,0,0,1,0,0,3,0,0,9,0,11,0,27,0,0,0,21,9,0,14,
12,41,0,0,0,1,0,77,0,0,0,50,0,0,0,0,4,0,3,0,0,47,0,0,0,1,
13,6,0,0,0,7,0,0,0,0,0,2,9,0,0,0,25,0,8,0,0,2,32,3,0,309,
14,0,27,31,16,0,17,0,0,8,13,0,0,0,0,0,0,27,0,20,0,0,0,0,7,0,
15,13,0,0,0,26,0,4,0,0,0,5,11,4,25,0,0,0,37,0,0,4,28,0,0,25,
16,0,29,52,41,0,24,0,4,4,1,0,0,0,0,27,0,0,0,8,0,0,0,0,7,0,
17,1,0,0,0,64,0,1,0,0,0,0,27,3,8,0,37,0,0,0,0,2,36,4,0,10,
18,0,12,13,4,0,22,0,0,8,13,0,0,0,0,20,0,8,0,0,7,0,0,0,11,0,
19,0,0,0,0,0,4,0,0,4,61,0,0,0,0,0,0,0,0,7,0,0,0,0,4,0,
20,34,0,0,0,2,0,41,0,0,0,53,0,47,2,0,4,0,2,0,0,0,0,0,0,1,
21,1,0,0,0,47,0,0,0,0,0,0,21,0,32,0,28,0,36,0,0,0,0,2,0,19,
22,0,1,2,1,0,0,0,6,0,0,0,9,0,3,0,0,0,4,0,0,0,2,0,0,5,
23,0,8,2,3,0,1,0,1,28,13,0,0,0,0,7,0,7,0,11,4,0,0,0,0,0,
24,11,0,0,0,3,0,0,0,0,0,4,14,1,309,0,25,0,10,0,0,1,19,5,0,0,
0,0,2,0,0,0,0,0,0,0,0,0,0,0,0,0,0,0,0,0,2,12,0,0,0,0,
1,2,0,0,0,0,0,0,0,87,0,0,0,0,0,0,0,0,0,0,0,4,0,0,67,0,
2,0,0,0,13,9,5,0,25,0,21,0,13,17,0,0,64,0,0,15,0,0,42,0,0,19,
3,0,0,13,0,72,90,0,15,0,20,0,96,89,1,0,19,0,1,109,0,0,31,1,0,97,
4,0,0,9,72,0,42,0,27,0,23,0,51,75,0,2,14,0,1,72,0,0,39,1,0,39,
5,0,0,5,90,42,0,0,18,0,30,1,72,59,0,5,22,0,3,86,0,0,13,2,0,69,
6,0,0,0,0,0,0,0,0,0,0,0,0,0,18,2,0,0,15,0,0,0,0,6,0,0,
7,0,0,25,15,27,18,0,0,0,54,0,7,43,0,0,40,0,0,24,0,0,22,0,0,5,
8,0,87,0,0,0,0,0,0,0,0,3,0,0,0,0,0,0,0,0,0,0,0,0,134,0,
9,0,0,21,20,23,30,0,54,0,0,0,20,75,0,1,54,0,0,15,0,0,16,0,0,26,
10,0,0,0,0,0,1,0,0,3,0,0,0,0,0,39,0,6,0,0,63,2,0,4,0,0,
11,0,0,13,96,51,72,0,7,0,20,0,0,59,0,3,18,0,0,77,0,0,16,2,0,111,
12,0,0,17,89,75,59,0,43,0,75,0,59,0,0,0,34,0,0,73,0,0,30,2,0,41,
13,0,0,0,1,0,0,18,0,0,0,0,0,0,0,1,0,3,31,0,1,5,0,8,0,2,
14,0,0,0,0,2,5,2,0,0,1,39,3,0,1,0,0,5,5,0,5,4,0,156,0,1,
15,0,0,64,19,14,22,0,40,0,54,0,18,34,0,0,0,0,0,17,0,0,26,0,0,26,
16,0,0,0,0,0,0,0,0,0,0,6,0,0,3,5,0,0,1,0,13,6,0,1,0,0,
17,0,0,0,1,1,3,15,0,0,0,0,0,0,31,5,0,1,0,0,0,1,0,28,0,0,
18,0,0,15,109,72,86,0,24,0,15,0,77,73,0,0,17,0,0,0,0,0,34,1,0,63,
19,2,0,0,0,0,0,0,0,0,0,63,0,0,1,5,0,13,0,0,0,45,0,9,0,0,
20,12,4,0,0,0,0,0,0,0,0,2,0,0,5,4,0,6,1,0,45,0,0,4,0,0,
21,0,0,42,31,39,13,0,22,0,16,0,16,30,0,0,26,0,0,34,0,0,0,1,0,15,
22,0,0,0,1,1,2,6,0,0,0,4,2,2,8,156,0,1,28,1,9,4,1,0,0,3,
23,0,67,0,0,0,0,0,0,134,0,0,0,0,0,0,0,0,0,0,0,0,0,0,0,0,
24,0,0,19,97,39,69,0,5,0,26,0,111,41,2,1,26,0,0,63,0,0,15,3,0,0,
0,0,0,0,0,0,0,0,0,0,0,0,0,0,0,0,0,0,109,0,0,0,0,0,0,0,
1,0,0,0,20,24,0,28,0,13,17,16,0,0,14,1,6,0,0,0,25,0,0,12,0,13,
2,0,0,0,0,0,0,0,24,0,0,0,142,178,0,17,1,0,0,121,0,0,90,0,70,0,
3,0,20,0,0,52,0,72,0,31,34,85,0,0,51,0,10,0,0,0,67,0,0,51,0,17,
4,0,24,0,52,0,0,90,0,42,47,92,0,0,71,0,11,0,0,0,89,0,0,69,0,46,
5,0,0,0,0,0,0,0,0,5,0,0,2,0,6,1,5,17,0,1,1,0,0,1,0,3,
6,0,28,0,72,90,0,0,0,46,45,110,0,0,71,0,4,0,0,0,64,0,0,82,0,46,
7,0,0,24,0,0,0,0,0,0,0,0,42,32,0,4,0,0,0,38,0,0,33,0,60,0,
8,0,13,0,31,42,5,46,0,0,23,46,0,0,51,1,8,0,0,0,57,0,0,24,0,23,
9,0,17,0,34,47,0,45,0,23,0,58,0,0,40,0,7,0,0,0,37,0,0,39,0,21,
10,0,16,0,85,92,0,110,0,46,58,0,0,0,76,0,12,0,0,0,101,1,0,52,0,47,
11,0,0,142,0,0,2,0,42,0,0,0,0,154,0,28,0,0,0,113,0,0,111,0,82,0,
12,0,0,178,0,0,0,0,32,0,0,0,154,0,0,16,0,2,0,96,0,0,103,0,96,0,
13,0,14,0,51,71,6,71,0,51,40,76,0,0,0,0,9,3,0,0,83,0,0,58,0,26,
14,0,1,17,0,0,1,0,4,1,0,0,28,16,0,0,3,1,0,29,0,0,21,0,27,1,
15,0,6,1,10,11,5,4,0,8,7,12,0,0,9,3,0,43,0,0,11,0,0,4,0,6,
16,0,0,0,0,0,17,0,0,0,0,0,0,2,3,1,43,0,0,0,0,0,0,0,3,16,
17,109,0,0,0,0,0,0,0,0,0,0,0,0,0,0,0,0,0,0,0,0,0,0,0,0,
18,0,0,121,0,0,1,0,38,0,0,0,113,96,0,29,0,0,0,0,0,0,64,0,40,0,
19,0,25,0,67,89,1,64,0,57,37,101,0,0,83,0,11,0,0,0,0,0,0,67,0,34,
20,0,0,0,0,0,0,0,0,0,0,1,0,0,0,0,0,0,0,0,0,0,0,0,0,0,
21,0,0,90,0,0,0,0,33,0,0,0,111,103,0,21,0,0,0,64,0,0,0,0,89,0,
22,0,12,0,51,69,1,82,0,24,39,52,0,0,58,0,4,0,0,0,67,0,0,0,0,32,
23,0,0,70,0,0,0,0,60,0,0,0,82,96,0,27,0,3,0,40,0,0,89,0,0,0,
24,0,13,0,17,46,3,46,0,23,21,47,0,0,26,1,6,16,0,0,34,0,0,32,0,0,
0,0,0,0,192,0,0,0,0,0,0,0,0,0,0,0,0,0,0,0,0,0,0,0,0,0,
1,0,0,0,0,0,0,66,0,0,0,0,0,1,0,57,0,0,0,0,0,83,0,0,0,0,
2,0,0,0,0,0,8,0,1,4,0,0,3,0,3,0,0,0,0,6,11,0,3,11,12,4,
3,192,0,0,0,0,0,0,0,0,0,3,0,0,0,0,0,0,0,0,0,0,0,0,0,0,
4,0,0,0,0,0,0,1,45,9,0,0,0,80,2,0,56,0,81,1,0,0,0,0,0,0,
5,0,0,8,0,0,0,0,0,27,0,0,9,2,21,0,0,0,2,22,13,0,9,21,6,34,
6,0,66,0,0,1,0,0,0,0,0,0,0,0,0,125,0,0,0,0,0,141,0,0,0,0,
7,0,0,1,0,45,0,0,0,1,45,0,1,34,7,0,68,0,45,3,0,0,2,0,0,0,
8,0,0,4,0,9,27,0,1,0,0,0,1,6,13,0,1,0,5,90,2,0,2,4,4,77,
9,0,0,0,0,0,0,0,45,0,0,0,0,0,6,0,21,0,2,0,0,0,0,0,0,1,
10,0,0,0,3,0,0,0,0,0,0,0,17,0,0,0,0,0,0,0,0,0,4,0,2,0,
11,0,0,3,0,0,9,0,1,1,0,17,0,0,10,0,0,0,0,0,14,0,27,9,10,0,
12,0,1,0,0,80,2,0,34,6,0,0,0,0,0,0,59,0,82,0,0,0,2,0,0,0,
13,0,0,3,0,2,21,0,7,13,6,0,10,0,0,0,6,0,6,34,14,0,5,14,5,33,
14,0,57,0,0,0,0,125,0,0,0,0,0,0,0,0,0,0,0,0,0,135,0,0,0,0,
15,0,0,0,0,56,0,0,68,1,21,0,0,59,6,0,0,0,59,2,0,1,2,0,0,3,
16,0,0,0,0,0,0,0,0,0,0,0,0,0,0,0,0,0,0,0,0,0,0,0,0,0,
17,0,0,0,0,81,2,0,45,5,2,0,0,82,6,0,59,0,0,11,3,1,0,0,0,5,
18,0,0,6,0,1,22,0,3,90,0,0,0,0,34,0,2,0,11,0,4,0,1,6,1,120,
19,0,0,11,0,0,13,0,0,2,0,0,14,0,14,0,0,0,3,4,0,0,9,26,9,4,
20,0,83,0,0,0,0,141,0,0,0,0,0,0,0,135,1,0,1,0,0,0,0,0,0,0,
21,0,0,3,0,0,9,0,2,2,0,4,27,2,5,0,2,0,0,1,9,0,0,23,16,5,
22,0,0,11,0,0,21,0,0,4,0,0,9,0,14,0,0,0,0,6,26,0,23,0,31,2,
23,0,0,12,0,0,6,0,0,4,0,2,10,0,5,0,0,0,0,1,9,0,16,31,0,0,
24,0,0,4,0,0,34,0,0,77,1,0,0,0,33,0,3,0,5,120,4,0,5,2,0,0,
0,0,0,75,1,2,5,125,0,0,1,5,92,0,0,0,0,11,0,5,0,85,91,0,77,1,
1,0,0,0,0,0,0,0,0,0,0,0,0,0,0,0,0,0,0,0,1,0,0,0,0,0,
2,75,0,0,0,10,9,83,0,0,0,2,42,0,3,0,0,8,0,7,0,39,74,0,59,7,
3,1,0,0,0,1,3,0,0,0,0,0,1,1,1,0,0,1,0,2,0,0,0,0,0,0,
4,2,0,10,1,0,34,5,0,0,0,7,16,0,252,0,0,170,0,249,0,3,1,0,13,171,
5,5,0,9,3,34,0,0,0,0,0,1,17,0,40,0,0,33,0,29,0,12,6,0,17,39,
6,125,0,83,0,5,0,0,0,0,0,2,93,0,7,0,0,7,0,1,0,83,105,0,61,0,
7,0,0,0,0,0,0,0,0,0,0,0,0,0,0,97,0,0,0,0,0,0,0,0,0,0,
8,0,0,0,0,0,0,0,0,0,93,0,0,0,0,0,6,0,38,0,0,0,0,84,0,0,
9,1,0,0,0,0,0,0,0,93,0,0,0,0,0,0,5,0,34,0,0,0,0,59,0,0,
10,5,0,2,0,7,1,2,0,0,0,0,1,0,5,0,0,5,0,7,0,4,3,0,2,8,
11,92,0,42,1,16,17,93,0,0,0,1,0,0,14,0,0,25,0,14,0,61,65,0,90,11,
12,0,0,0,1,0,0,0,0,0,0,0,0,0,0,0,0,0,0,0,35,0,0,0,0,0,
13,0,0,3,1,252,40,7,0,0,0,5,14,0,0,0,0,203,0,232,0,13,1,0,8,138,
14,0,0,0,0,0,0,0,97,0,0,0,0,0,0,0,0,0,0,0,0,0,0,0,0,0,
15,0,0,0,0,0,0,0,0,6,5,0,0,0,0,0,0,0,4,0,0,0,0,15,0,0,
16,11,0,8,1,170,33,7,0,0,0,5,25,0,203,0,0,0,0,165,0,21,3,0,21,140,
17,0,0,0,0,0,0,0,0,38,34,0,0,0,0,0,4,0,0,0,0,0,0,18,0,0,
18,5,0,7,2,249,29,1,0,0,0,7,14,0,232,0,0,165,0,0,0,6,2,0,7,157,
19,0,1,0,0,0,0,0,0,0,0,0,0,35,0,0,0,0,0,0,0,0,0,0,0,0,
20,85,0,39,0,3,12,83,0,0,0,4,61,0,13,0,0,21,0,6,0,0,60,0,46,5,
21,91,0,74,0,1,6,105,0,0,0,3,65,0,1,0,0,3,0,2,0,60,0,0,54,3,
22,0,0,0,0,0,0,0,0,84,59,0,0,0,0,0,15,0,18,0,0,0,0,0,0,0,
23,77,0,59,0,13,17,61,0,0,0,2,90,0,8,0,0,21,0,7,0,46,54,0,0,5,
24,1,0,7,0,171,39,0,0,0,0,8,11,0,138,0,0,140,0,157,0,5,3,0,5,0,
0,0,33,17,5,0,11,14,2,4,0,16,3,5,7,3,0,9,6,0,0,0,5,3,2,14,
1,33,0,36,10,0,28,11,2,36,1,19,7,6,16,8,0,11,9,0,0,0,12,1,10,17,
2,17,36,0,73,2,27,6,3,17,0,7,76,69,44,10,0,2,60,0,0,1,89,12,78,7,
3,5,10,73,0,6,15,1,1,6,1,1,138,166,6,5,0,0,249,3,0,0,215,22,253,2,
4,0,0,2,6,0,2,0,0,1,0,0,9,7,9,61,0,0,5,0,0,2,7,0,5,0,
5,11,28,27,15,2,0,24,3,15,0,15,15,13,10,3,0,13,11,0,0,0,13,2,9,15,
6,14,11,6,1,0,24,0,0,9,2,35,0,4,2,0,0,15,2,0,0,0,0,0,1,22,
7,2,2,3,1,0,3,0,0,9,112,0,0,2,4,2,90,67,0,0,0,0,0,0,1,8,
8,4,36,17,6,1,15,9,9,0,0,3,1,14,9,4,0,15,5,0,0,0,1,0,6,6,
9,0,1,0,1,0,0,2,112,0,0,1,0,0,3,0,82,46,0,0,0,0,1,0,1,1,
10,16,19,7,1,0,15,35,0,3,1,0,0,4,1,4,4,7,0,0,0,0,0,0,0,17,
11,3,7,76,138,9,15,0,0,1,0,0,0,154,10,3,0,0,160,3,0,0,167,77,171,0,
12,5,6,69,166,7,13,4,2,14,0,4,154,0,13,6,0,4,159,0,0,0,169,7,162,4,
13,7,16,44,6,9,10,2,4,9,3,1,10,13,0,24,0,0,11,0,0,0,10,1,9,1,
14,3,8,10,5,61,3,0,2,4,0,4,3,6,24,0,0,1,4,0,0,4,4,0,5,3,
15,0,0,0,0,0,0,0,90,0,82,4,0,0,0,0,0,28,0,0,0,0,0,0,0,1,
16,9,11,2,0,0,13,15,67,15,46,7,0,4,0,1,28,0,1,0,0,0,1,0,3,13,
17,6,9,60,249,5,11,2,0,5,0,0,160,159,11,4,0,1,0,1,0,1,234,27,244,1,
18,0,0,0,3,0,0,0,0,0,0,0,3,0,0,0,0,0,1,0,101,0,0,1,0,0,
19,0,0,0,0,0,0,0,0,0,0,0,0,0,0,0,0,0,0,101,0,0,0,1,0,0,
20,0,0,1,0,2,0,0,0,0,0,0,0,0,0,4,0,0,1,0,0,0,0,0,0,0,
21,5,12,89,215,7,13,0,0,1,1,0,167,169,10,4,0,1,234,0,0,0,0,10,236,0,
22,3,1,12,22,0,2,0,0,0,0,0,77,7,1,0,0,0,27,1,1,0,10,0,29,0,
23,2,10,78,253,5,9,1,1,6,1,0,171,162,9,5,0,3,244,0,0,0,236,29,0,1,
24,14,17,7,2,0,15,22,8,6,1,17,0,4,1,3,1,13,1,0,0,0,0,0,1,0,
0,0,131,4,0,1,0,91,0,85,0,1,1,0,48,133,45,0,0,3,0,0,6,129,2,131,
1,131,0,0,0,0,0,117,0,107,0,2,1,0,53,126,56,0,0,0,1,0,3,122,1,112,
2,4,0,0,0,0,0,0,0,2,0,23,23,0,0,1,1,0,0,0,1,0,0,2,22,0,
3,0,0,0,0,0,0,0,7,0,42,0,0,0,0,0,0,3,6,0,0,0,1,0,0,0,
4,1,0,0,0,0,0,0,20,1,0,0,0,0,1,0,2,13,8,101,0,0,2,0,0,5,
5,0,0,0,0,0,0,0,0,0,0,0,1,0,0,0,0,0,0,0,121,152,0,0,0,0,
6,91,117,0,0,0,0,0,0,104,0,0,2,0,48,93,33,0,0,0,0,0,7,98,1,108,
7,0,0,0,7,20,0,0,0,0,6,0,0,0,0,0,0,7,6,19,0,0,22,0,0,0,
8,85,107,2,0,1,0,104,0,0,0,0,0,0,57,111,61,0,0,0,0,0,6,107,0,103,
9,0,0,0,42,0,0,0,6,0,0,0,0,0,0,0,0,0,0,0,0,0,0,0,0,0,
10,1,2,23,0,0,0,0,0,0,0,0,13,0,0,1,0,0,0,0,0,1,0,3,32,0,
11,1,1,23,0,0,1,2,0,0,0,13,0,0,0,1,0,0,0,0,3,0,0,5,10,1,
12,0,0,0,0,0,0,0,0,0,0,0,0,0,0,0,0,0,0,0,0,0,0,0,0,0,
13,48,53,0,0,1,0,48,0,57,0,0,0,0,0,48,42,3,0,0,0,0,3,51,0,46,
14,133,126,1,0,0,0,93,0,111,0,1,1,0,48,0,67,0,0,0,0,0,3,144,1,135,
15,45,56,1,0,2,0,33,0,61,0,0,0,0,42,67,0,1,0,1,0,0,6,59,0,51,
16,0,0,0,3,13,0,0,7,0,0,0,0,0,3,0,1,0,12,8,0,0,6,0,0,6,
17,0,0,0,6,8,0,0,6,0,0,0,0,0,0,0,0,12,0,5,0,0,21,0,0,0,
18,3,0,0,0,101,0,0,19,0,0,0,0,0,0,0,1,8,5,0,0,0,2,0,0,10,
19,0,1,1,0,0,121,0,0,0,0,0,3,0,0,0,0,0,0,0,0,114,0,0,2,0,
20,0,0,0,0,0,152,0,0,0,0,1,0,0,0,0,0,0,0,0,114,0,0,0,0,0,
21,6,3,0,1,2,0,7,22,6,0,0,0,0,3,3,6,6,21,2,0,0,0,1,0,2,
22,129,122,2,0,0,0,98,0,107,0,3,5,0,51,144,59,0,0,0,0,0,1,0,6,128,
23,2,1,22,0,0,0,1,0,0,0,32,10,0,0,1,0,0,0,0,2,0,0,6,0,0,
24,131,112,0,0,5,0,108,0,103,0,0,1,0,46,135,51,6,0,10,0,0,2,128,0,0,
0,0,0,0,0,3,0,0,0,0,0,0,0,0,0,0,0,0,0,0,0,0,0,0,0,0,
1,0,0,0,0,0,2,0,0,0,1,7,0,165,3,0,0,2,0,166,3,3,0,0,199,4,
2,0,0,0,1,0,21,0,28,5,6,13,0,0,9,0,8,8,67,6,0,25,3,4,0,7,
3,0,0,1,0,0,12,0,10,1,20,3,0,0,9,0,10,1,19,0,0,2,0,39,3,0,
4,3,0,0,0,0,0,121,0,0,0,0,0,0,0,105,0,0,0,0,0,0,0,0,0,0,
5,0,2,21,12,0,0,0,25,2,35,5,0,0,25,0,20,10,40,2,0,5,0,22,0,7,
6,0,0,0,0,121,0,0,0,0,0,0,0,0,0,125,0,0,0,0,0,0,0,0,0,0,
7,0,0,28,10,0,25,0,0,1,32,1,0,0,15,0,33,5,33,0,0,2,0,12,0,6,
8,0,0,5,1,0,2,0,1,0,0,5,0,25,16,0,0,14,0,0,31,0,21,1,0,39,
9,0,1,6,20,0,35,0,32,0,0,1,0,1,18,0,29,2,9,0,0,2,2,57,0,4,
10,0,7,13,3,0,5,0,1,5,1,0,0,5,1,0,2,33,5,27,4,3,3,2,3,12,
11,0,0,0,0,0,0,0,0,0,0,0,0,0,0,0,2,0,0,0,0,128,0,0,0,0,
12,0,165,0,0,0,0,0,0,25,1,5,0,0,16,0,2,0,0,159,35,1,17,0,159,24,
13,0,3,9,9,0,25,0,15,16,18,1,0,16,0,0,7,11,7,0,23,1,8,22,3,11,
14,0,0,0,0,105,0,125,0,0,0,0,0,0,0,0,0,0,0,0,0,0,0,0,0,0,
15,0,0,8,10,0,20,0,33,0,29,2,2,2,7,0,0,6,15,0,0,0,1,15,0,0,
16,0,2,8,1,0,10,0,5,14,2,33,0,0,11,0,6,0,9,9,0,5,14,2,1,30,
17,0,0,67,19,0,40,0,33,0,9,5,0,0,7,0,15,9,0,1,0,21,5,16,1,4,
18,0,166,6,0,0,2,0,0,0,0,27,0,159,0,0,0,9,1,0,5,27,2,1,159,1,
19,0,3,0,0,0,0,0,0,31,0,4,0,35,23,0,0,0,0,5,0,0,62,0,1,46,
20,0,3,25,2,0,5,0,2,0,2,3,128,1,1,0,0,5,21,27,0,0,2,1,2,0,
21,0,0,3,0,0,0,0,0,21,2,3,0,17,8,0,1,14,5,2,62,2,0,0,0,53,
22,0,0,4,39,0,22,0,12,1,57,2,0,0,22,0,15,2,16,1,0,1,0,0,0,0,
23,0,199,0,3,0,0,0,0,0,0,3,0,159,3,0,0,1,1,159,1,2,0,0,0,4,
24,0,4,7,0,0,7,0,6,39,4,12,0,24,11,0,0,30,4,1,46,0,53,0,4,0,
0,0,0,0,0,26,0,0,0,6,0,1,9,0,14,0,2,13,0,0,1,20,0,0,16,0,
1,0,0,6,29,0,10,0,4,0,0,6,0,0,0,0,20,0,2,41,3,1,0,1,0,0,
2,0,6,0,23,0,20,0,0,2,0,25,0,0,0,0,20,2,0,20,22,5,0,1,0,0,
3,0,29,23,0,0,14,0,1,1,0,20,0,0,0,0,15,0,0,15,17,4,0,0,1,0,
4,26,0,0,0,0,0,2,0,3,0,0,14,0,31,0,0,25,0,0,0,24,0,0,13,0,
5,0,10,20,14,0,0,0,0,32,0,26,0,0,0,0,4,1,0,9,38,8,0,0,0,0,
6,0,0,0,0,2,0,0,0,0,0,0,36,10,0,39,0,0,0,0,0,0,62,0,4,0,
7,0,4,0,1,0,0,0,0,0,0,0,0,0,0,0,2,0,43,0,0,0,0,15,0,5,
8,6,0,2,1,3,32,0,0,0,0,9,1,0,0,0,0,12,0,0,22,7,0,0,3,0,
9,0,0,0,0,0,0,0,0,0,0,0,0,36,0,3,0,0,0,0,0,0,4,0,0,0,
10,1,6,25,20,0,26,0,0,9,0,0,0,0,0,0,10,1,0,14,18,6,0,0,1,0,
11,9,0,0,0,14,0,36,0,1,0,0,0,3,15,6,0,3,0,0,0,1,36,0,31,0,
12,0,0,0,0,0,0,10,0,0,36,0,3,0,0,6,0,0,0,0,0,0,5,0,0,0,
13,14,0,0,0,31,0,0,0,0,0,0,15,0,0,0,0,23,0,0,0,16,1,0,17,0,
14,0,0,0,0,0,0,39,0,0,3,0,6,6,0,0,0,0,0,0,0,0,11,0,0,0,
15,2,20,20,15,0,4,0,2,0,0,10,0,0,0,0,0,0,0,37,4,5,0,0,0,0,
16,13,0,2,0,25,1,0,0,12,0,1,3,0,23,0,0,0,0,0,0,44,0,0,13,0,
17,0,2,0,0,0,0,0,43,0,0,0,0,0,0,0,0,0,0,0,0,0,0,14,0,4,
18,0,41,20,15,0,9,0,0,0,0,14,0,0,0,0,37,0,0,0,7,1,0,0,0,0,
19,1,3,22,17,0,38,0,0,22,0,18,0,0,0,0,4,0,0,7,0,6,0,0,2,0,
20,20,1,5,4,24,8,0,0,7,0,6,1,0,16,0,5,44,0,1,6,0,0,0,7,0,
21,0,0,0,0,0,0,62,0,0,4,0,36,5,1,11,0,0,0,0,0,0,0,0,2,0,
22,0,1,1,0,0,0,0,15,0,0,0,0,0,0,0,0,0,14,0,0,0,0,0,0,72,
23,16,0,0,1,13,0,4,0,3,0,1,31,0,17,0,0,13,0,0,2,7,2,0,0,0,
24,0,0,0,0,0,0,0,5,0,0,0,0,0,0,0,0,0,4,0,0,0,0,72,0,0,
0,0,0,0,0,23,20,16,0,0,0,5,22,17,28,0,0,8,0,0,25,0,4,0,0,0,
1,0,0,0,29,0,0,0,9,2,8,0,0,0,0,26,4,0,13,4,0,73,0,5,18,90,
2,0,0,0,0,2,11,1,0,0,0,0,0,12,0,0,0,0,0,0,0,0,0,0,0,0,
3,0,29,0,0,0,0,0,40,40,32,0,0,0,0,13,53,0,60,62,0,36,0,24,5,31,
4,23,0,2,0,0,9,59,0,0,0,8,9,13,11,0,0,1,0,0,8,0,1,0,0,0,
5,20,0,11,0,9,0,11,0,0,0,49,4,24,12,0,0,0,0,0,11,0,5,0,0,0,
6,16,0,1,0,59,11,0,0,0,0,27,6,31,18,0,0,9,0,0,2,0,0,0,0,0,
7,0,9,0,40,0,0,0,0,26,29,0,1,0,0,11,40,1,29,55,0,3,0,17,12,6,
8,0,2,0,40,0,0,0,26,0,18,0,0,0,0,15,38,0,41,49,0,6,0,21,2,6,
9,0,8,0,32,0,0,0,29,18,0,0,0,0,0,14,67,1,36,59,0,2,0,17,28,12,
10,5,0,0,0,8,49,27,0,0,0,0,8,50,0,0,0,1,0,0,6,0,1,0,0,0,
11,22,0,0,0,9,4,6,1,0,0,8,0,26,4,0,0,5,0,0,13,0,16,0,0,0,
12,17,0,12,0,13,24,31,0,0,0,50,26,0,2,0,0,0,0,0,5,0,2,0,0,0,
13,28,0,0,0,11,12,18,0,0,0,0,4,2,0,0,0,35,0,0,15,0,36,3,0,0,
14,0,26,0,13,0,0,0,11,15,14,0,0,0,0,0,12,0,21,14,0,31,0,7,2,24,
15,0,4,0,53,0,0,0,40,38,67,0,0,0,0,12,0,1,31,55,0,8,0,28,24,4,
16,8,0,0,0,1,0,9,1,0,1,1,5,0,35,0,1,0,0,1,14,0,16,2,0,0,
17,0,13,0,60,0,0,0,29,41,36,0,0,0,0,21,31,0,0,51,0,30,0,17,3,35,
18,0,4,0,62,0,0,0,55,49,59,0,0,0,0,14,55,1,51,0,0,14,1,30,19,6,
19,25,0,0,0,8,11,2,0,0,0,6,13,5,15,0,0,14,0,0,0,0,13,0,0,0,
20,0,73,0,36,0,0,0,3,6,2,0,0,0,0,31,8,0,30,14,0,0,0,12,16,80,
21,4,0,0,0,1,5,0,0,0,0,1,16,2,36,0,0,16,0,1,13,0,0,1,0,0,
22,0,5,0,24,0,0,0,17,21,17,0,0,0,3,7,28,2,17,30,0,12,1,0,22,11,
23,0,18,0,5,0,0,0,12,2,28,0,0,0,0,2,24,0,3,19,0,16,0,22,0,20,
24,0,90,0,31,0,0,0,6,6,12,0,0,0,0,24,4,0,35,6,0,80,0,11,20,0,
0,0,0,36,0,0,12,1,26,19,0,0,0,4,0,0,1,39,27,0,34,0,0,1,1,0,
1,0,0,0,1,22,0,1,0,0,35,0,1,0,0,59,0,0,0,9,0,40,16,0,1,0,
2,36,0,0,0,0,28,0,45,10,0,0,0,3,0,0,7,41,30,0,53,0,0,0,4,0,
3,0,1,0,0,0,0,0,0,0,0,0,0,0,105,0,0,0,0,27,0,2,0,0,0,0,
4,0,22,0,0,0,0,100,0,0,11,0,4,6,0,34,0,0,0,2,0,8,10,1,60,49,
5,12,0,28,0,0,0,0,20,6,0,0,0,0,0,0,2,19,3,0,27,0,0,0,0,0,
6,1,1,0,0,100,0,0,0,2,3,4,9,7,0,0,1,0,1,0,0,2,16,1,45,47,
7,26,0,45,0,0,20,0,0,13,0,0,1,3,0,0,9,66,37,0,56,0,0,0,1,0,
8,19,0,10,0,0,6,2,13,0,0,5,2,5,0,0,4,13,35,0,14,0,0,3,0,0,
9,0,35,0,0,11,0,3,0,0,0,1,1,0,0,30,0,0,0,15,0,26,17,0,0,0,
10,0,0,0,0,0,0,4,0,5,1,0,52,11,0,0,36,0,2,0,0,0,2,35,12,36,
11,0,1,0,0,4,0,9,1,2,1,52,0,8,0,0,38,0,2,0,0,0,7,11,12,29,
12,4,0,3,0,6,0,7,3,5,0,11,8,0,0,0,8,11,9,0,6,0,1,10,11,14,
13,0,0,0,105,0,0,0,0,0,0,0,0,0,0,1,0,0,0,18,0,0,0,0,0,0,
14,0,59,0,0,34,0,0,0,0,30,0,0,0,1,0,0,0,0,14,0,47,13,0,3,0,
15,1,0,7,0,0,2,1,9,4,0,36,38,8,0,0,0,5,14,0,12,0,0,16,3,4,
16,39,0,41,0,0,19,0,66,13,0,0,0,11,0,0,5,0,46,0,66,0,0,1,1,0,
17,27,0,30,0,0,3,1,37,35,0,2,2,9,0,0,14,46,0,0,27,0,0,4,0,1,
18,0,9,0,27,2,0,0,0,0,15,0,0,0,18,14,0,0,0,0,0,11,0,0,0,0,
19,34,0,53,0,0,27,0,56,14,0,0,0,6,0,0,12,66,27,0,0,0,0,1,0,0,
20,0,40,0,2,8,0,2,0,0,26,0,0,0,0,47,0,0,0,11,0,0,11,0,0,2,
21,0,16,0,0,10,0,16,0,0,17,2,7,1,0,13,0,0,0,0,0,11,0,1,5,5,
22,1,0,0,0,1,0,1,0,3,0,35,11,10,0,0,16,1,4,0,1,0,1,0,10,1,
23,1,1,4,0,60,0,45,1,0,0,12,12,11,0,3,3,1,0,0,0,0,5,10,0,62,
24,0,0,0,0,49,0,47,0,0,0,36,29,14,0,0,4,0,1,0,0,2,5,1,62,0,
0,0,1,0,12,3,37,0,0,0,0,0,0,0,0,0,0,0,0,0,0,0,0,1,0,3,
1,1,0,28,28,17,1,5,24,5,0,0,0,26,0,0,1,2,1,0,0,0,13,18,0,11,
2,0,28,0,32,34,0,1,30,8,0,0,0,39,0,0,1,6,0,0,0,0,4,39,0,41,
3,12,28,32,0,7,9,4,5,5,0,0,1,18,0,0,2,3,0,1,0,0,1,6,0,10,
4,3,17,34,7,0,7,9,62,1,0,1,0,39,0,0,3,0,1,0,0,0,3,62,2,46,
5,37,1,0,9,7,0,7,2,0,0,0,0,0,0,0,0,1,7,0,0,0,0,5,0,8,
6,0,5,1,4,9,7,0,3,0,0,0,0,5,1,0,0,0,23,0,0,0,1,6,0,5,
7,0,24,30,5,62,2,3,0,3,0,0,1,52,0,0,0,3,3,0,0,0,4,59,0,55,
8,0,5,8,5,1,0,0,3,0,0,0,61,5,55,0,38,14,0,22,0,0,22,2,36,2,
9,0,0,0,0,0,0,0,0,0,0,0,0,0,0,0,0,1,0,119,0,0,0,0,0,0,
10,0,0,0,0,1,0,0,0,0,0,0,0,0,0,49,0,0,14,0,0,0,0,0,0,0,
11,0,0,0,1,0,0,0,1,61,0,0,0,0,87,0,84,25,0,27,0,0,46,0,89,0,
12,0,26,39,18,39,0,5,52,5,0,0,0,0,0,0,1,3,1,0,0,0,10,61,1,27,
13,0,0,0,0,0,0,1,0,55,0,0,87,0,0,0,71,22,0,21,0,0,16,0,63,0,
14,0,0,0,0,0,0,0,0,0,0,49,0,0,0,0,0,0,17,0,0,0,0,0,0,0,
15,0,1,1,2,3,0,0,0,38,0,0,84,1,71,0,0,24,0,3,0,0,63,1,119,0,
16,0,2,6,3,0,1,0,3,14,1,0,25,3,22,0,24,0,0,2,0,0,24,4,30,0,
17,0,1,0,0,1,7,23,3,0,0,14,0,1,0,17,0,0,0,0,0,0,0,0,0,0,
18,0,0,0,1,0,0,0,0,22,119,0,27,0,21,0,3,2,0,0,0,0,1,0,6,0,
19,0,0,0,0,0,0,0,0,0,0,0,0,0,0,0,0,0,0,0,0,48,0,0,0,0,
20,0,0,0,0,0,0,0,0,0,0,0,0,0,0,0,0,0,0,0,48,0,0,0,0,0,
21,0,13,4,1,3,0,1,4,22,0,0,46,10,16,0,63,24,0,1,0,0,0,13,59,2,
22,1,18,39,6,62,5,6,59,2,0,0,0,61,0,0,1,4,0,0,0,0,13,0,4,33,
23,0,0,0,0,2,0,0,0,36,0,0,89,1,63,0,119,30,0,6,0,0,59,4,0,0,
24,3,11,41,10,46,8,5,55,2,0,0,0,27,0,0,0,0,0,0,0,0,2,33,0,0,
0,0,0,1,0,0,0,159,0,0,0,128,0,134,114,158,0,27,0,0,0,0,59,0,0,150,
1,0,0,0,0,20,22,0,51,0,0,0,2,0,0,0,0,0,31,0,27,6,0,4,0,0,
2,1,0,0,0,0,0,2,0,0,0,6,0,9,3,12,0,14,0,0,0,0,1,0,0,2,
3,0,0,0,0,0,0,0,0,0,22,0,6,0,0,0,57,0,1,28,0,0,0,42,0,0,
4,0,20,0,0,0,11,0,32,0,0,0,0,0,0,0,0,0,18,0,37,15,0,8,0,0,
5,0,22,0,0,11,0,0,10,0,1,0,0,0,0,0,1,0,13,0,12,3,0,4,0,0,
6,159,0,2,0,0,0,0,0,0,0,142,0,140,94,141,0,15,0,0,0,0,70,0,0,143,
7,0,51,0,0,32,10,0,0,0,3,0,0,0,0,0,0,0,33,0,31,20,0,11,0,0,
8,0,0,0,0,0,0,0,0,0,0,0,0,0,0,0,0,0,0,0,0,0,4,0,243,0,
9,0,0,0,22,0,1,0,3,0,0,0,5,0,0,0,13,0,0,24,1,0,0,8,0,0,
10,128,0,6,0,0,0,142,0,0,0,0,0,153,88,139,0,12,0,0,0,0,63,0,0,106,
11,0,2,0,6,0,0,0,0,0,5,0,0,0,0,0,25,0,0,11,0,0,0,5,0,0,
12,134,0,9,0,0,0,140,0,0,0,153,0,0,104,166,0,32,0,0,0,0,72,0,0,151,
13,114,0,3,0,0,0,94,0,0,0,88,0,104,0,90,0,12,0,0,0,0,61,0,1,92,
14,158,0,12,0,0,0,141,0,0,0,139,0,166,90,0,0,13,0,0,0,0,74,0,0,117,
15,0,0,0,57,0,1,0,0,0,13,0,25,0,0,0,0,0,0,19,0,0,0,39,0,0,
16,27,0,14,0,0,0,15,0,0,0,12,0,32,12,13,0,0,2,0,0,0,6,0,0,12,
17,0,31,0,1,18,13,0,33,0,0,0,0,0,0,0,0,2,0,0,33,12,0,2,0,0,
18,0,0,0,28,0,0,0,0,0,24,0,11,0,0,0,19,0,0,0,0,0,0,16,0,0,
19,0,27,0,0,37,12,0,31,0,1,0,0,0,0,0,0,0,33,0,0,12,0,11,0,0,
20,0,6,0,0,15,3,0,20,0,0,0,0,0,0,0,0,0,12,0,12,0,0,5,0,0,
21,59,0,1,0,0,0,70,0,4,0,63,0,72,61,74,0,6,0,0,0,0,0,0,5,68,
22,0,4,0,42,8,4,0,11,0,8,0,5,0,0,0,39,0,2,16,11,5,0,0,0,1,
23,0,0,0,0,0,0,0,0,243,0,0,0,0,1,0,0,0,0,0,0,0,5,0,0,0,
24,150,0,2,0,0,0,143,0,0,0,106,0,151,92,117,0,12,0,0,0,0,68,1,0,0,
0,0,0,23,9,0,0,0,0,20,0,0,0,1,36,6,0,0,0,0,0,0,2,21,0,0,
1,0,0,0,0,0,45,0,0,0,0,0,0,0,0,0,0,30,0,0,39,41,0,0,47,0,
2,23,0,0,16,22,0,0,0,32,0,0,0,3,43,5,0,0,0,1,0,0,2,50,0,0,
3,9,0,16,0,1,0,0,0,28,0,0,0,0,12,39,0,0,0,1,0,0,1,21,0,0,
4,0,0,22,1,0,0,0,0,1,0,0,0,0,3,0,0,0,0,0,12,1,0,16,1,0,
5,0,45,0,0,0,0,0,0,0,0,0,0,0,0,0,0,58,0,0,40,48,0,0,83,0,
6,0,0,0,0,0,0,0,0,0,0,89,1,0,0,0,0,0,94,0,0,0,0,0,0,0,
7,0,0,0,0,0,0,0,0,0,0,0,0,0,0,0,0,0,0,0,0,0,0,0,0,0,
8,20,0,32,28,1,0,0,0,0,0,0,0,0,16,19,0,0,0,2,1,0,0,26,0,0,
9,0,0,0,0,0,0,0,0,0,0,0,5,0,0,0,0,0,3,0,0,0,0,0,0,0,
10,0,0,0,0,0,0,89,0,0,0,0,4,9,0,0,0,0,412,0,0,0,0,0,0,0,
11,0,0,0,0,0,0,1,0,0,5,4,0,0,0,0,0,0,3,1,0,0,0,0,0,0,
12,1,0,3,0,0,0,0,0,0,0,9,0,0,0,1,0,0,5,12,0,0,105,0,0,0,
13,36,0,43,12,3,0,0,0,16,0,0,0,0,0,13,0,0,0,0,0,0,0,29,0,0,
14,6,0,5,39,0,0,0,0,19,0,0,0,1,13,0,0,0,0,0,0,0,1,15,0,0,
15,0,0,0,0,0,0,0,0,0,0,0,0,0,0,0,0,0,0,0,0,0,0,0,0,188,
16,0,30,0,0,0,58,0,0,0,0,0,0,0,0,0,0,0,0,0,35,55,0,0,58,0,
17,0,0,0,0,0,0,94,0,0,3,412,3,5,0,0,0,0,0,0,0,0,0,0,0,0,
18,0,0,1,1,0,0,0,0,2,0,0,1,12,0,0,0,0,0,0,0,0,15,0,0,0,
19,0,39,0,0,12,40,0,0,1,0,0,0,0,0,0,0,35,0,0,0,26,0,0,40,0,
20,0,41,0,0,1,48,0,0,0,0,0,0,0,0,0,0,55,0,0,26,0,0,0,61,0,
21,2,0,2,1,0,0,0,0,0,0,0,0,105,0,1,0,0,0,15,0,0,0,0,0,0,
22,21,0,50,21,16,0,0,0,26,0,0,0,0,29,15,0,0,0,0,0,0,0,0,0,0,
23,0,47,0,0,1,83,0,0,0,0,0,0,0,0,0,0,58,0,0,40,61,0,0,0,0,
24,0,0,0,0,0,0,0,0,0,0,0,0,0,0,0,188,0,0,0,0,0,0,0,0,0,
0,0,3,3,5,48,0,3,8,0,0,20,0,12,0,0,0,0,35,3,22,5,0,0,0,0,
1,3,0,32,13,1,0,24,37,0,0,2,0,21,1,2,0,1,3,54,0,36,0,0,0,10,
2,3,32,0,22,0,0,24,49,0,0,1,0,27,0,2,0,0,2,53,0,35,0,0,0,6,
3,5,13,22,0,0,0,16,35,0,0,2,0,31,0,3,0,0,8,45,0,7,0,0,0,145,
4,48,1,0,0,0,0,2,1,0,2,13,0,0,0,0,0,0,18,2,21,2,0,0,0,0,
5,0,0,0,0,0,0,0,0,0,0,0,0,0,6,0,0,0,0,0,0,0,0,3,313,0,
6,3,24,24,16,2,0,0,19,0,0,1,0,14,0,0,0,0,0,17,0,11,0,0,0,7,
7,8,37,49,35,1,0,19,0,0,0,1,0,31,0,2,0,0,5,67,3,23,0,2,0,17,
8,0,0,0,0,0,0,0,0,0,0,0,0,0,0,0,138,0,0,0,0,0,0,0,0,0,
9,0,0,0,0,2,0,0,0,0,0,0,369,0,0,0,0,0,0,0,8,0,0,0,0,0,
10,20,2,1,2,13,0,1,1,0,0,0,0,3,0,0,0,0,17,2,16,6,0,0,0,0,
11,0,0,0,0,0,0,0,0,0,369,0,0,0,0,0,0,0,0,0,5,0,0,0,0,0,
12,12,21,27,31,0,0,14,31,0,0,3,0,0,0,3,0,0,33,28,4,25,0,0,0,12,
13,0,1,0,0,0,6,0,0,0,0,0,0,0,0,0,0,25,0,0,0,0,2,37,7,0,
14,0,2,2,3,0,0,0,2,0,0,0,0,3,0,0,0,1,0,0,0,2,0,0,0,1,
15,0,0,0,0,0,0,0,0,138,0,0,0,0,0,0,0,0,0,0,0,0,2,0,0,0,
16,0,1,0,0,0,0,0,0,0,0,0,0,0,25,1,0,0,0,0,0,0,1,58,0,0,
17,35,3,2,8,18,0,0,5,0,0,17,0,33,0,0,0,0,0,1,5,8,0,0,0,0,
18,3,54,53,45,2,0,17,67,0,0,2,0,28,0,0,0,0,1,0,0,40,0,0,0,4,
19,22,0,0,0,21,0,0,3,0,8,16,5,4,0,0,0,0,5,0,0,6,0,0,0,0,
20,5,36,35,7,2,0,11,23,0,0,6,0,25,0,2,0,0,8,40,6,0,0,0,0,16,
21,0,0,0,0,0,0,0,0,0,0,0,0,0,2,0,2,1,0,0,0,0,0,1,0,0,
22,0,0,0,0,0,3,0,2,0,0,0,0,0,37,0,0,58,0,0,0,0,1,0,6,0,
23,0,0,0,0,0,313,0,0,0,0,0,0,0,7,0,0,0,0,0,0,0,0,6,0,0,
24,0,10,6,145,0,0,7,17,0,0,0,0,12,0,1,0,0,0,4,0,16,0,0,0,0,
0,0,0,52,0,13,9,0,0,0,0,0,0,0,0,0,0,4,4,0,0,9,1,0,0,0,
1,0,0,0,2,0,0,0,0,2,55,0,0,34,2,37,38,0,0,2,15,0,0,0,0,0,
2,52,0,0,0,13,3,0,0,0,0,0,0,0,0,0,0,0,3,0,0,1,0,0,0,0,
3,0,2,0,0,0,0,2,0,57,1,0,1,1,7,3,0,1,0,1,0,0,0,1,0,0,
4,13,0,13,0,0,11,0,0,0,0,0,0,0,0,0,0,0,13,0,0,0,0,0,0,2,
5,9,0,3,0,11,0,0,0,0,0,0,0,0,0,0,0,0,2,0,0,2,0,0,0,3,
6,0,0,0,2,0,0,0,0,1,0,10,14,0,6,0,0,24,11,6,0,20,15,14,15,32,
7,0,0,0,0,0,0,0,0,0,0,0,0,0,0,0,0,0,0,0,0,0,0,0,0,0,
8,0,2,0,57,0,0,1,0,0,1,0,0,1,12,0,0,3,0,0,0,0,0,3,0,1,
9,0,55,0,1,0,0,0,0,1,0,0,1,53,1,71,63,0,0,0,6,0,0,0,0,0,
10,0,0,0,0,0,0,10,0,0,0,0,245,0,87,0,0,103,0,153,0,6,148,98,178,1,
11,0,0,0,1,0,0,14,0,0,1,245,0,0,98,1,0,124,1,129,0,5,146,135,167,0,
12,0,34,0,1,0,0,0,0,1,53,0,0,0,0,48,45,0,0,1,3,0,0,0,0,0,
13,0,2,0,7,0,0,6,0,12,1,87,98,0,0,0,0,73,1,90,0,12,88,78,98,6,
14,0,37,0,3,0,0,0,0,0,71,0,1,48,0,0,74,0,0,0,3,0,0,0,1,0,
15,0,38,0,0,0,0,0,0,0,63,0,0,45,0,74,0,0,0,1,1,0,0,0,0,0,
16,4,0,0,1,0,0,24,0,3,0,103,124,0,73,0,0,0,5,100,0,12,124,96,123,3,
17,4,0,3,0,13,2,11,0,0,0,0,1,0,1,0,0,5,0,0,0,12,0,3,0,12,
18,0,2,0,1,0,0,6,0,0,0,153,129,1,90,0,1,100,0,0,0,11,108,104,136,2,
19,0,15,0,0,0,0,0,0,0,6,0,0,3,0,3,1,0,0,0,0,0,0,0,0,0,
20,9,0,1,0,0,2,20,0,0,0,6,5,0,12,0,0,12,12,11,0,0,16,3,9,22,
21,1,0,0,0,0,0,15,0,0,0,148,146,0,88,0,0,124,0,108,0,16,0,93,150,2,
22,0,0,0,1,0,0,14,0,3,0,98,135,0,78,0,0,96,3,104,0,3,93,0,121,2,
23,0,0,0,0,0,0,15,0,0,0,178,167,0,98,1,0,123,0,136,0,9,150,121,0,1,
24,0,0,0,0,2,3,32,0,1,0,1,0,0,6,0,0,3,12,2,0,22,2,2,1,0,
0,0,31,0,2,0,53,0,0,0,0,45,0,12,57,77,0,0,0,0,0,0,101,1,2,25,
1,31,0,0,1,0,22,1,0,0,1,2,0,11,6,22,1,0,0,1,0,1,20,3,0,31,
2,0,0,0,2,0,0,5,0,7,5,0,0,0,0,0,0,0,58,52,0,2,0,1,0,2,
3,2,1,2,0,0,0,18,0,8,15,0,23,0,0,3,7,0,1,2,8,8,0,1,0,0,
4,0,0,0,0,0,2,0,0,0,0,0,0,0,4,0,0,0,0,0,0,0,0,0,181,0,
5,53,22,0,0,2,0,0,0,0,0,43,0,11,28,58,0,0,1,0,0,8,59,7,3,27,
6,0,1,5,18,0,0,0,1,75,16,0,35,1,0,0,18,0,3,3,3,0,0,1,0,0,
7,0,0,0,0,0,0,1,0,1,0,0,0,0,0,0,0,5,0,0,21,0,0,0,0,0,
8,0,0,7,8,0,0,75,1,0,13,0,41,0,0,0,8,0,1,2,4,1,0,2,0,0,
9,0,1,5,15,0,0,16,0,13,0,0,6,1,0,0,6,0,4,3,4,4,0,1,0,0,
10,45,2,0,0,0,43,0,0,0,0,0,0,17,48,52,1,0,1,6,0,0,68,10,3,8,
11,0,0,0,23,0,0,35,0,41,6,0,0,1,0,0,16,0,2,1,1,0,0,0,0,0,
12,12,11,0,0,0,11,1,0,0,1,17,1,0,1,12,9,0,2,0,5,7,10,23,0,2,
13,57,6,0,0,4,28,0,0,0,0,48,0,1,0,40,0,0,0,0,0,2,52,0,7,2,
14,77,22,0,3,0,58,0,0,0,0,52,0,12,40,0,0,0,0,0,0,0,73,1,1,16,
15,0,1,0,7,0,0,18,0,8,6,1,16,9,0,0,0,0,1,6,1,11,0,0,0,4,
16,0,0,0,0,0,0,0,5,0,0,0,0,0,0,0,0,0,0,0,7,0,0,0,0,0,
17,0,0,58,1,0,1,3,0,1,4,1,2,2,0,0,1,0,0,38,0,1,0,6,0,0,
18,0,1,52,2,0,0,3,0,2,3,6,1,0,0,0,6,0,38,0,0,7,0,19,0,0,
19,0,0,0,8,0,0,3,21,4,4,0,1,5,0,0,1,7,0,0,0,0,0,0,0,0,
20,0,1,2,8,0,8,0,0,1,4,0,0,7,2,0,11,0,1,7,0,0,0,4,1,2,
21,101,20,0,0,0,59,0,0,0,0,68,0,10,52,73,0,0,0,0,0,0,0,1,1,21,
22,1,3,1,1,0,7,1,0,2,1,10,0,23,0,1,0,0,6,19,0,4,1,0,0,1,
23,2,0,0,0,181,3,0,0,0,0,3,0,0,7,1,0,0,0,0,0,1,1,0,0,0,
24,25,31,2,0,0,27,0,0,0,0,8,0,2,2,16,4,0,0,0,0,2,21,1,0,0,
0,0,1,0,0,0,0,0,1,0,0,0,0,0,0,0,0,0,0,0,0,0,0,1,0,95,
1,1,0,0,0,0,0,0,0,0,0,0,40,0,48,0,0,0,0,0,1,0,0,0,0,1,
2,0,0,0,6,0,7,8,1,0,0,5,0,16,0,9,6,2,13,0,5,7,4,0,17,0,
3,0,0,6,0,0,4,1,0,0,0,0,0,7,0,0,149,0,8,0,0,0,2,0,7,0,
4,0,0,0,0,0,0,0,0,0,130,0,2,0,1,0,0,0,0,0,0,0,0,107,0,0,
5,0,0,7,4,0,0,0,1,0,0,0,0,7,0,0,0,0,26,0,0,3,1,0,18,0,
6,0,0,8,1,0,0,0,24,0,0,67,0,5,0,67,3,41,4,0,61,35,41,0,3,0,
7,1,0,1,0,0,1,24,0,0,0,42,0,2,0,34,0,44,0,0,46,13,34,0,1,0,
8,0,0,0,0,0,0,0,0,0,0,0,0,0,0,0,0,0,0,61,0,0,0,0,0,0,
9,0,0,0,0,130,0,0,0,0,0,0,2,0,0,0,0,0,0,0,0,0,0,109,0,0,
10,0,0,5,0,0,0,67,42,0,0,0,0,0,0,85,0,55,0,0,82,58,79,0,2,0,
11,0,40,0,0,2,0,0,0,0,2,0,0,0,122,0,0,1,0,0,0,0,0,1,0,0,
12,0,0,16,7,0,7,5,2,0,0,0,0,0,0,3,4,2,7,0,1,8,2,0,21,0,
13,0,48,0,0,1,0,0,0,0,0,0,122,0,0,0,0,1,0,0,0,0,0,0,0,0,
14,0,0,9,0,0,0,67,34,0,0,85,0,3,0,0,0,56,0,0,58,35,68,0,0,0,
15,0,0,6,149,0,0,3,0,0,0,0,0,4,0,0,0,0,1,0,0,7,0,0,6,0,
16,0,0,2,0,0,0,41,44,0,0,55,1,2,1,56,0,0,0,0,63,20,48,0,0,0,
17,0,0,13,8,0,26,4,0,0,0,0,0,7,0,0,1,0,0,0,0,2,0,0,10,0,
18,0,0,0,0,0,0,0,0,61,0,0,0,0,0,0,0,0,0,0,0,0,0,0,0,0,
19,0,1,5,0,0,0,61,46,0,0,82,0,1,0,58,0,63,0,0,0,47,74,0,0,0,
20,0,0,7,0,0,3,35,13,0,0,58,0,8,0,35,7,20,2,0,47,0,46,0,0,0,
21,0,0,4,2,0,1,41,34,0,0,79,0,2,0,68,0,48,0,0,74,46,0,0,2,0,
22,1,0,0,0,107,0,0,0,0,109,0,1,0,0,0,0,0,0,0,0,0,0,0,0,3,
23,0,0,17,7,0,18,3,1,0,0,2,0,21,0,0,6,0,10,0,0,0,2,0,0,0,
24,95,1,0,0,0,0,0,0,0,0,0,0,0,0,0,0,0,0,0,0,0,0,3,0,0,
0,0,0,4,0,0,9,0,0,0,3,0,68,0,0,0,0,0,72,0,5,8,0,19,4,0,
1,0,0,0,0,46,0,0,44,0,0,0,0,0,43,0,30,0,0,0,0,0,0,0,0,30,
2,4,0,0,11,0,51,0,0,17,54,10,5,0,0,0,0,0,29,3,0,28,0,5,5,0,
3,0,0,11,0,0,18,0,0,18,17,3,2,0,0,0,0,0,2,2,0,7,0,6,4,0,
4,0,46,0,0,0,0,0,50,0,0,0,0,0,46,0,31,0,0,0,0,0,0,0,0,34,
5,9,0,51,18,0,0,0,0,1,38,1,9,0,0,0,0,0,61,15,0,26,0,9,13,0,
6,0,0,0,0,0,0,0,0,0,0,0,0,0,0,0,0,0,0,0,0,0,0,0,0,0,
7,0,44,0,0,50,0,0,0,0,0,0,0,0,85,0,25,0,0,0,0,0,0,0,0,46,
8,0,0,17,18,0,1,0,0,0,12,14,0,0,0,0,6,0,1,4,0,11,0,15,2,0,
9,3,0,54,17,0,38,0,0,12,0,0,4,0,0,0,1,0,11,4,0,35,0,10,8,0,
10,0,0,10,3,0,1,0,0,14,0,0,0,0,1,0,3,0,1,1,0,6,0,4,2,1,
11,68,0,5,2,0,9,0,0,0,4,0,0,0,0,0,0,0,46,4,23,10,0,2,0,0,
12,0,0,0,0,0,0,0,0,0,0,0,0,0,0,128,0,8,0,0,0,0,69,0,0,0,
13,0,43,0,0,46,0,0,85,0,0,1,0,0,0,0,17,0,0,0,0,0,0,0,0,38,
14,0,0,0,0,0,0,0,0,0,0,0,0,128,0,0,0,15,0,0,0,0,33,0,0,0,
15,0,30,0,0,31,0,0,25,6,1,3,0,0,17,0,0,0,0,1,0,1,0,0,0,7,
16,0,0,0,0,0,0,0,0,0,0,0,0,8,0,15,0,0,0,0,0,0,33,0,0,0,
17,72,0,29,2,0,61,0,0,1,11,1,46,0,0,0,0,0,0,6,2,15,0,22,0,0,
18,0,0,3,2,0,15,0,0,4,4,1,4,0,0,0,1,0,6,0,0,12,0,6,216,0,
19,5,0,0,0,0,0,0,0,0,0,0,23,0,0,0,0,0,2,0,0,1,0,0,0,0,
20,8,0,28,7,0,26,0,0,11,35,6,10,0,0,0,1,0,15,12,1,0,0,13,6,0,
21,0,0,0,0,0,0,0,0,0,0,0,0,69,0,33,0,33,0,0,0,0,0,0,0,0,
22,19,0,5,6,0,9,0,0,15,10,4,2,0,0,0,0,0,22,6,0,13,0,0,4,0,
23,4,0,5,4,0,13,0,0,2,8,2,0,0,0,0,0,0,0,216,0,6,0,4,0,0,
24,0,30,0,0,34,0,0,46,0,0,1,0,0,38,0,7,0,0,0,0,0,0,0,0,0,
0,0,69,0,96,0,0,0,0,0,0,0,0,0,15,0,17,0,0,0,18,0,111,68,1,15,
1,69,0,0,81,0,0,0,0,0,0,0,0,0,8,0,9,0,0,0,30,0,63,9,0,4,
2,0,0,0,0,20,55,0,34,19,38,29,1,35,24,3,4,0,46,42,0,4,1,0,0,2,
3,96,81,0,0,0,0,0,0,0,0,0,0,0,5,0,1,0,0,0,17,0,94,58,4,8,
4,0,0,20,0,0,31,0,8,16,27,23,0,23,16,11,3,0,44,47,0,5,1,0,0,5,
5,0,0,55,0,31,0,0,14,14,33,22,0,21,26,4,0,0,53,36,0,2,0,1,0,10,
6,0,0,0,0,0,0,0,0,0,0,0,0,0,0,0,0,0,0,0,0,0,0,0,0,0,
7,0,0,34,0,8,14,0,0,34,23,32,0,19,27,10,0,0,33,37,1,2,0,0,0,13,
8,0,0,19,0,16,14,0,34,0,26,18,0,26,16,7,3,0,42,40,0,1,0,0,0,9,
9,0,0,38,0,27,33,0,23,26,0,24,0,21,28,7,1,0,35,60,0,1,0,0,0,14,
10,0,0,29,0,23,22,0,32,18,24,0,1,30,13,2,2,0,31,28,0,0,1,0,0,14,
11,0,0,1,0,0,0,0,0,0,0,1,0,0,0,1,0,5,0,0,0,0,0,0,0,0,
12,0,0,35,0,23,21,0,19,26,21,30,0,0,12,5,1,0,25,24,0,1,0,0,0,7,
13,15,8,24,5,16,26,0,27,16,28,13,0,12,0,5,18,0,37,41,18,4,19,20,0,15,
14,0,0,3,0,11,4,0,10,7,7,2,1,5,5,0,0,0,4,5,0,2,0,0,0,2,
15,17,9,4,1,3,0,0,0,3,1,2,0,1,18,0,0,0,1,1,32,0,12,42,8,20,
16,0,0,0,0,0,0,0,0,0,0,0,5,0,0,0,0,0,0,0,0,1,0,0,0,0,
17,0,0,46,0,44,53,0,33,42,35,31,0,25,37,4,1,0,0,60,0,2,1,0,0,14,
18,0,0,42,0,47,36,0,37,40,60,28,0,24,41,5,1,0,60,0,0,3,0,1,0,17,
19,18,30,0,17,0,0,0,1,0,0,0,0,0,18,0,32,0,0,0,0,0,20,41,0,17,
20,0,0,4,0,5,2,0,2,1,1,0,0,1,4,2,0,1,2,3,0,0,0,0,0,0,
21,111,63,1,94,1,0,0,0,0,0,1,0,0,19,0,12,0,1,0,20,0,0,75,0,4,
22,68,9,0,58,0,1,0,0,0,0,0,0,0,20,0,42,0,0,1,41,0,75,0,0,12,
23,1,0,0,4,0,0,0,0,0,0,0,0,0,0,0,8,0,0,0,0,0,0,0,0,12,
24,15,4,2,8,5,10,0,13,9,14,14,0,7,15,2,20,0,14,17,17,0,4,12,12,0,
0,0,0,0,5,0,0,0,0,0,0,45,0,0,0,0,0,0,0,0,0,0,0,0,0,0,
1,0,0,82,0,0,15,0,0,0,0,0,0,0,103,66,0,0,17,29,0,0,32,117,0,0,
2,0,82,0,0,0,41,0,10,0,0,0,0,0,62,53,0,0,4,29,0,1,6,79,0,0,
3,5,0,0,0,72,0,0,0,0,0,0,0,0,0,0,0,0,0,0,64,0,0,0,0,0,
4,0,0,0,72,0,0,0,0,0,0,1,0,0,0,0,0,0,0,0,66,0,0,0,0,0,
5,0,15,41,0,0,0,0,7,0,0,0,0,0,1,4,0,0,4,183,0,1,104,5,0,56,
6,0,0,0,0,0,0,0,0,63,42,0,0,0,0,0,10,0,0,0,0,42,0,0,0,0,
7,0,0,10,0,0,7,0,0,0,0,1,0,0,0,0,0,0,0,4,0,0,10,0,0,17,
8,0,0,0,0,0,0,63,0,0,49,0,0,0,0,0,7,0,1,0,0,58,0,0,0,0,
9,0,0,0,0,0,0,42,0,49,0,0,0,0,0,0,74,0,0,0,0,30,0,0,0,0,
10,45,0,0,0,1,0,0,1,0,0,0,0,1,0,0,0,0,0,0,0,0,0,0,0,0,
11,0,0,0,0,0,0,0,0,0,0,0,0,49,0,0,0,49,11,0,0,0,0,0,42,0,
12,0,0,0,0,0,0,0,0,0,0,1,49,0,0,0,0,33,25,0,0,0,0,0,57,0,
13,0,103,62,0,0,1,0,0,0,0,0,0,0,0,64,0,3,25,10,0,0,42,129,1,0,
14,0,66,53,0,0,4,0,0,0,0,0,0,0,64,0,0,0,10,9,0,0,35,66,0,1,
15,0,0,0,0,0,0,10,0,7,74,0,0,0,0,0,0,0,0,0,0,70,0,0,0,0,
16,0,0,0,0,0,0,0,0,0,0,0,49,33,3,0,0,0,28,0,0,0,0,0,57,0,
17,0,17,4,0,0,4,0,0,1,0,0,11,25,25,10,0,28,0,3,0,0,16,26,32,0,
18,0,29,29,0,0,183,0,4,0,0,0,0,0,10,9,0,0,3,0,0,1,141,6,0,85,
19,0,0,0,64,66,0,0,0,0,0,0,0,0,0,0,0,0,0,0,0,0,0,0,0,0,
20,0,0,1,0,0,1,42,0,58,30,0,0,0,0,0,70,0,0,1,0,0,0,0,0,0,
21,0,32,6,0,0,104,0,10,0,0,0,0,0,42,35,0,0,16,141,0,0,0,38,0,82,
