Node/Edge,1000,14490
Step/Entity,1600,25
meet_step
0,0,11,0,0,2,0,0,0,3,0,10,0,21,6,17,3,26,19,14,21,17,0,13,0,26,
1,11,0,4,8,13,11,3,8,9,8,2,1,36,6,1,3,15,21,14,23,21,10,9,4,40,
2,0,4,0,17,10,12,7,23,11,7,3,100,1,30,3,0,0,0,8,1,0,57,2,4,0,
3,0,8,17,0,41,23,72,56,19,58,24,10,2,23,5,15,0,1,22,2,1,17,6,36,0,
4,2,13,10,41,0,19,43,41,27,51,14,6,0,11,9,21,3,0,5,1,0,15,6,20,1,
5,0,11,12,23,19,0,16,10,14,33,29,6,4,3,11,23,2,4,14,5,7,6,15,12,1,
6,0,3,7,72,43,16,0,31,29,56,21,3,1,13,6,12,3,0,13,3,2,16,4,18,2,
7,0,8,23,56,41,10,31,0,31,65,6,7,0,17,7,6,2,0,2,1,0,13,4,18,1,
8,3,9,11,19,27,14,29,31,0,38,12,2,1,9,10,20,3,4,8,2,2,11,10,15,5,
9,0,8,7,58,51,33,56,65,38,0,6,1,0,10,18,9,1,0,4,4,0,19,4,40,0,
10,10,2,3,24,14,29,21,6,12,6,0,0,7,5,19,12,8,13,37,13,13,1,34,16,11,
11,0,1,100,10,6,6,3,7,2,1,0,0,0,59,0,0,0,0,0,0,0,80,1,2,0,
12,21,36,1,2,0,4,1,0,1,0,7,0,0,3,12,3,22,35,42,37,47,0,10,0,42,
13,6,6,30,23,11,3,13,17,9,10,5,59,3,0,8,7,5,12,6,8,3,51,10,18,6,
14,17,1,3,5,9,11,6,7,10,18,19,0,12,8,0,12,19,12,28,17,5,3,16,12,14,
15,3,3,0,15,21,23,12,6,20,9,12,0,3,7,12,0,6,6,15,5,2,1,8,4,2,
16,26,15,0,0,3,2,3,2,3,1,8,0,22,5,19,6,0,30,32,29,23,0,10,0,18,
17,19,21,0,1,0,4,0,0,4,0,13,0,35,12,12,6,30,0,33,17,32,0,11,1,31,
18,14,14,8,22,5,14,13,2,8,4,37,0,42,6,28,15,32,33,0,24,26,0,13,7,33,
19,21,23,1,2,1,5,3,1,2,4,13,0,37,8,17,5,29,17,24,0,28,0,14,0,21,
20,17,21,0,1,0,7,2,0,2,0,13,0,47,3,5,2,23,32,26,28,0,0,10,1,38,
21,0,10,57,17,15,6,16,13,11,19,1,80,0,51,3,1,0,0,0,0,0,0,0,13,1,
22,13,9,2,6,6,15,4,4,10,4,34,1,10,10,16,8,10,11,13,14,10,0,0,9,12,
23,0,4,4,36,20,12,18,18,15,40,16,2,0,18,12,4,0,1,7,0,1,13,9,0,3,
24,26,40,0,0,1,1,2,1,5,0,11,0,42,6,14,2,18,31,33,21,38,1,12,3,0,
0,0,4,3,7,1,11,0,8,7,15,11,11,7,2,8,14,42,8,9,17,22,16,2,16,0,
1,4,0,33,32,0,0,0,7,30,9,39,2,29,35,26,2,9,2,23,15,25,8,4,4,32,
2,3,33,0,28,0,0,0,1,18,6,46,2,11,33,23,0,5,0,23,14,21,8,1,0,29,
3,7,32,28,0,0,5,0,4,20,3,38,2,15,13,18,0,3,2,25,4,27,6,1,1,18,
4,1,0,0,0,0,59,58,30,1,19,0,35,1,0,2,33,3,38,2,9,2,5,60,11,0,
5,11,0,0,5,59,0,46,22,4,12,4,33,4,0,4,13,7,41,2,4,2,8,52,23,1,
6,0,0,0,0,58,46,0,35,0,7,0,13,3,0,3,48,3,38,2,10,0,1,50,15,0,
7,8,7,1,4,30,22,35,0,8,20,20,15,5,8,13,8,43,28,14,25,4,12,35,22,8,
8,7,30,18,20,1,4,0,8,0,4,40,5,8,19,26,2,13,2,23,11,23,4,5,6,27,
9,15,9,6,3,19,12,7,20,4,0,24,24,14,2,3,11,32,17,9,29,20,16,21,12,5,
10,11,39,46,38,0,4,0,20,40,24,0,8,4,25,13,2,14,6,13,10,26,7,16,10,26,
11,11,2,2,2,35,33,13,15,5,24,8,0,12,2,7,11,23,24,15,10,4,13,26,17,3,
12,7,29,11,15,1,4,3,5,8,14,4,12,0,19,19,3,8,8,19,23,26,16,5,3,17,
13,2,35,33,13,0,0,0,8,19,2,25,2,19,0,34,0,6,0,15,18,26,7,5,6,28,
14,8,26,23,18,2,4,3,13,26,3,13,7,19,34,0,6,11,5,27,19,41,11,5,6,34,
15,14,2,0,0,33,13,48,8,2,11,2,11,3,0,6,0,23,21,14,15,2,9,20,27,0,
16,42,9,5,3,3,7,3,43,13,32,14,23,8,6,11,23,0,18,30,30,20,26,11,33,5,
17,8,2,0,2,38,41,38,28,2,17,6,24,8,0,5,21,18,0,3,17,1,4,34,18,0,
18,9,23,23,25,2,2,2,14,23,9,13,15,19,15,27,14,30,3,0,18,29,15,3,22,13,
19,17,15,14,4,9,4,10,25,11,29,10,10,23,18,19,15,30,17,18,0,19,15,16,25,16,
20,22,25,21,27,2,2,0,4,23,20,26,4,26,26,41,2,20,1,29,19,0,9,1,9,33,
21,16,8,8,6,5,8,1,12,4,16,7,13,16,7,11,9,26,4,15,15,9,0,10,26,8,
22,2,4,1,1,60,52,50,35,5,21,16,26,5,5,5,20,11,34,3,16,1,10,0,27,3,
23,16,4,0,1,11,23,15,22,6,12,10,17,3,6,6,27,33,18,22,25,9,26,27,0,3,
24,0,32,29,18,0,1,0,8,27,5,26,3,17,28,34,0,5,0,13,16,33,8,3,3,0,
0,0,7,21,18,5,10,2,11,3,44,3,3,46,4,1,37,58,1,14,3,21,1,4,37,0,
1,7,0,8,23,44,57,28,3,40,0,29,45,0,38,40,0,4,32,7,26,3,34,67,0,51,
2,21,8,0,7,11,6,5,18,4,43,14,10,36,4,5,37,5,9,17,2,5,5,8,41,10,
3,18,23,7,0,9,31,11,17,20,27,1,21,8,10,23,13,12,8,27,11,17,21,26,11,11,
4,5,44,11,9,0,44,21,1,20,0,45,56,0,33,42,0,1,38,0,32,5,26,57,0,49,
5,10,57,6,31,44,0,21,1,35,0,29,62,0,33,33,0,3,37,5,33,2,33,63,2,43,
6,2,28,5,11,21,21,0,5,28,0,31,50,0,16,19,0,8,18,11,22,10,21,34,0,33,
7,11,3,18,17,1,1,5,0,2,4,15,5,4,3,1,2,17,3,33,1,31,1,1,4,6,
8,3,40,4,20,20,35,28,2,0,0,23,29,0,27,34,0,1,19,5,30,5,25,41,0,35,
9,44,0,43,27,0,0,0,4,0,0,3,0,56,0,0,66,36,0,12,0,16,0,0,55,0,
10,3,29,14,1,45,29,31,15,23,3,0,50,1,23,22,4,13,49,16,23,9,24,33,1,54,
11,3,45,10,21,56,62,50,5,29,0,50,0,0,40,58,0,0,41,5,39,10,35,71,0,61,
12,46,0,36,8,0,0,0,4,0,56,1,0,0,0,0,48,66,0,2,0,12,0,0,51,0,
13,4,38,4,10,33,33,16,3,27,0,23,40,0,0,41,0,0,31,1,27,5,37,50,0,32,
14,1,40,5,23,42,33,19,1,34,0,22,58,0,41,0,0,7,29,1,25,2,17,67,0,33,
15,37,0,37,13,0,0,0,2,0,66,4,0,48,0,0,0,44,0,8,1,19,0,0,63,3,
16,58,4,5,12,1,3,8,17,1,36,13,0,66,0,7,44,0,1,20,2,19,0,1,42,7,
17,1,32,9,8,38,37,18,3,19,0,49,41,0,31,29,0,1,0,2,22,1,27,44,0,38,
18,14,7,17,27,0,5,11,33,5,12,16,5,2,1,1,8,20,2,0,5,26,2,3,8,3,
19,3,26,2,11,32,33,22,1,30,0,23,39,0,27,25,1,2,22,5,0,3,26,32,0,29,
20,21,3,5,17,5,2,10,31,5,16,9,10,12,5,2,19,19,1,26,3,0,4,10,11,3,
21,1,34,5,21,26,33,21,1,25,0,24,35,0,37,17,0,0,27,2,26,4,0,36,1,23,
22,4,67,8,26,57,63,34,1,41,0,33,71,0,50,67,0,1,44,3,32,10,36,0,0,57,
23,37,0,41,11,0,2,0,4,0,55,1,0,51,0,0,63,42,0,8,0,11,1,0,0,0,
24,0,51,10,11,49,43,33,6,35,0,54,61,0,32,33,3,7,38,3,29,3,23,57,0,0,
0,0,12,7,3,22,30,42,7,31,5,37,48,1,34,19,3,17,2,16,6,12,2,49,14,47,
1,12,0,13,37,6,16,17,40,11,52,12,7,37,15,12,36,4,40,11,6,2,32,10,29,7,
2,7,13,0,57,0,5,4,25,12,24,3,15,60,4,6,74,2,68,0,13,0,41,7,25,6,
3,3,37,57,0,2,2,0,42,13,56,5,6,84,5,2,73,0,74,0,2,0,76,0,15,2,
4,22,6,0,2,0,23,18,3,5,2,10,7,0,13,4,1,19,0,7,10,25,0,10,8,7,
5,30,16,5,2,23,0,24,4,14,4,9,18,3,18,13,0,14,0,16,14,16,0,20,16,29,
6,42,17,4,0,18,24,0,9,36,2,37,46,0,19,25,0,15,1,18,12,20,1,48,19,40,
7,7,40,25,42,3,4,9,0,12,45,5,9,41,7,16,39,2,39,5,2,2,44,8,32,15,
8,31,11,12,13,5,14,36,12,0,15,33,43,8,21,39,10,9,9,10,12,6,4,27,18,45,
9,5,52,24,56,2,4,2,45,15,0,0,9,61,7,8,52,6,41,4,16,2,56,0,23,4,
10,37,12,3,5,10,9,37,5,33,0,0,35,3,15,18,3,9,0,16,9,9,1,29,16,22,
11,48,7,15,6,7,18,46,9,43,9,35,0,11,24,40,5,6,9,13,10,6,3,45,7,55,
12,1,37,60,84,0,3,0,41,8,61,3,11,0,5,6,82,1,80,1,7,0,65,1,14,0,
13,34,15,4,5,13,18,19,7,21,7,15,24,5,0,15,6,10,4,7,7,2,3,14,25,27,
14,19,12,6,2,4,13,25,16,39,8,18,40,6,15,0,4,5,4,8,13,5,3,23,9,40,
15,3,36,74,73,1,0,0,39,10,52,3,5,82,6,4,0,2,73,0,8,0,75,1,25,0,
16,17,4,2,0,19,14,15,2,9,6,9,6,1,10,5,2,0,4,29,17,29,3,12,8,13,
17,2,40,68,74,0,0,1,39,9,41,0,9,80,4,4,73,4,0,1,5,0,68,1,15,1,
18,16,11,0,0,7,16,18,5,10,4,16,13,1,7,8,0,29,1,0,16,32,0,9,16,11,
19,6,6,13,2,10,14,12,2,12,16,9,10,7,7,13,8,17,5,16,0,15,4,6,7,12,
20,12,2,0,0,25,16,20,2,6,2,9,6,0,2,5,0,29,0,32,15,0,0,9,10,6,
21,2,32,41,76,0,0,1,44,4,56,1,3,65,3,3,75,3,68,0,4,0,0,2,27,0,
22,49,10,7,0,10,20,48,8,27,0,29,45,1,14,23,1,12,1,9,6,9,2,0,18,47,
23,14,29,25,15,8,16,19,32,18,23,16,7,14,25,9,25,8,15,16,7,10,27,18,0,22,
24,47,7,6,2,7,29,40,15,45,4,22,55,0,27,40,0,13,1,11,12,6,0,47,22,0,
0,0,27,64,31,34,59,38,6,17,3,43,46,52,43,30,15,4,63,40,3,36,35,8,28,39,
1,27,0,21,25,15,19,30,6,12,1,16,17,22,21,11,15,1,30,31,1,28,22,5,34,33,
2,64,21,0,32,32,53,38,6,18,9,57,52,53,35,34,17,4,47,38,1,34,38,8,45,50,
3,31,25,32,0,20,32,33,4,13,2,34,39,41,26,26,14,4,32,25,1,34,29,5,26,31,
4,34,15,32,20,0,34,25,4,11,7,29,31,36,17,23,14,1,22,21,1,24,24,10,21,34,
5,59,19,53,32,34,0,47,5,17,7,23,47,61,48,42,26,1,46,44,1,41,27,9,45,47,
6,38,30,38,33,25,47,0,6,24,7,20,51,49,46,22,15,13,40,50,2,34,38,3,45,38,
7,6,6,6,4,4,5,6,0,33,50,3,1,9,5,8,22,58,5,4,34,2,2,52,2,6,
8,17,12,18,13,11,17,24,33,0,37,11,18,27,13,9,22,38,18,21,33,20,12,50,17,22,
9,3,1,9,2,7,7,7,50,37,0,6,5,8,5,13,25,48,2,4,44,5,6,42,4,9,
10,43,16,57,34,29,23,20,3,11,6,0,34,54,23,29,15,1,38,23,1,32,31,6,21,30,
11,46,17,52,39,31,47,51,1,18,5,34,0,42,41,27,15,2,50,44,1,34,36,5,47,34,
12,52,22,53,41,36,61,49,9,27,8,54,42,0,50,50,22,0,59,48,2,44,35,6,49,59,
13,43,21,35,26,17,48,46,5,13,5,23,41,50,0,38,12,1,51,34,0,35,42,6,49,38,
14,30,11,34,26,23,42,22,8,9,13,29,27,50,38,0,7,0,31,33,0,30,26,4,33,36,
15,15,15,17,14,14,26,15,22,22,25,15,15,22,12,7,0,31,16,14,28,19,15,26,11,13,
16,4,1,4,4,1,1,13,58,38,48,1,2,0,1,0,31,0,0,0,37,2,3,33,6,2,
17,63,30,47,32,22,46,40,5,18,2,38,50,59,51,31,16,0,0,54,1,39,41,6,40,60,
18,40,31,38,25,21,44,50,4,21,4,23,44,48,34,33,14,0,54,0,2,31,24,9,41,31,
19,3,1,1,1,1,1,2,34,33,44,1,1,2,0,0,28,37,1,2,0,1,0,45,0,4,
20,36,28,34,34,24,41,34,2,20,5,32,34,44,35,30,19,2,39,31,1,0,24,10,35,37,
21,35,22,38,29,24,27,38,2,12,6,31,36,35,42,26,15,3,41,24,0,24,0,9,36,33,
22,8,5,8,5,10,9,3,52,50,42,6,5,6,6,4,26,33,6,9,45,10,9,0,6,6,
23,28,34,45,26,21,45,45,2,17,4,21,47,49,49,33,11,6,40,41,0,35,36,6,0,39,
24,39,33,50,31,34,47,38,6,22,9,30,34,59,38,36,13,2,60,31,4,37,33,6,39,0,
0,0,0,0,2,14,0,1,18,12,16,8,5,27,4,6,14,1,0,1,3,6,13,2,8,15,
1,0,0,58,33,1,43,25,0,2,3,9,0,0,0,47,3,44,19,30,11,21,11,50,3,2,
2,0,58,0,45,0,54,33,1,1,8,4,0,1,0,30,5,38,21,34,9,30,9,40,7,4,
3,2,33,45,0,1,33,20,2,6,3,18,2,2,0,38,7,58,13,27,16,47,15,26,13,8,
4,14,1,0,1,0,3,9,10,20,20,29,4,18,8,8,17,0,11,12,6,5,28,1,20,35,
5,0,43,54,33,3,0,43,0,10,18,15,0,3,0,36,1,44,14,47,8,33,19,44,5,6,
6,1,25,33,20,9,43,0,0,13,31,17,0,4,1,38,4,32,21,21,11,8,22,56,16,13,
7,18,0,1,2,10,0,0,0,11,11,4,42,18,30,7,3,0,2,3,16,3,9,0,14,7,
8,12,2,1,6,20,10,13,11,0,20,23,5,16,0,30,13,5,21,8,14,16,44,18,30,34,
9,16,3,8,3,20,18,31,11,20,0,24,5,17,2,7,7,15,19,15,14,10,22,30,14,16,
10,8,9,4,18,29,15,17,4,23,24,0,0,11,0,16,11,12,30,15,9,21,47,9,36,28,
11,5,0,0,2,4,0,0,42,5,5,0,0,7,65,4,3,0,0,2,6,1,3,0,4,3,
12,27,0,1,2,18,3,4,18,16,17,11,7,0,9,9,16,2,3,2,12,6,13,7,18,8,
13,4,0,0,0,8,0,1,30,0,2,0,65,9,0,0,11,0,0,0,6,0,0,0,0,1,
14,6,47,30,38,8,36,38,7,30,7,16,4,9,0,0,18,20,17,14,10,20,36,33,27,11,
15,14,3,5,7,17,1,4,3,13,7,11,3,16,11,18,0,3,9,11,8,10,21,4,21,13,
16,1,44,38,58,0,44,32,0,5,15,12,0,2,0,20,3,0,19,27,5,25,17,29,8,8,
17,0,19,21,13,11,14,21,2,21,19,30,0,3,0,17,9,19,0,13,19,15,19,25,24,17,
18,1,30,34,27,12,47,21,3,8,15,15,2,2,0,14,11,27,13,0,5,26,22,23,10,9,
19,3,11,9,16,6,8,11,16,14,14,9,6,12,6,10,8,5,19,5,0,10,9,17,10,4,
20,6,21,30,47,5,33,8,3,16,10,21,1,6,0,20,10,25,15,26,10,0,30,20,8,15,
21,13,11,9,15,28,19,22,9,44,22,47,3,13,0,36,21,17,19,22,9,30,0,22,40,39,
22,2,50,40,26,1,44,56,0,18,30,9,0,7,0,33,4,29,25,23,17,20,22,0,10,7,
23,8,3,7,13,20,5,16,14,30,14,36,4,18,0,27,21,8,24,10,10,8,40,10,0,37,
24,15,2,4,8,35,6,13,7,34,16,28,3,8,1,11,13,8,17,9,4,15,39,7,37,0,
0,0,4,1,15,41,4,10,8,14,5,11,3,5,0,1,9,35,13,0,3,7,3,14,5,24,
1,4,0,44,30,7,62,48,15,10,43,12,29,33,29,41,25,21,20,23,36,7,35,15,40,10,
2,1,44,0,13,0,33,31,9,22,70,11,56,75,65,72,10,2,1,61,38,11,38,7,66,5,
3,15,30,13,0,10,16,23,49,24,9,38,10,11,10,10,40,31,30,10,19,43,8,49,7,43,
4,41,7,0,10,0,7,18,8,3,0,11,2,1,2,2,7,36,10,2,4,10,0,9,2,21,
5,4,62,33,16,7,0,46,22,13,36,13,39,34,40,28,22,5,13,39,37,7,35,16,32,18,
6,10,48,31,23,18,46,0,15,6,40,6,29,30,40,38,21,22,15,27,34,9,19,17,33,10,
7,8,15,9,49,8,22,15,0,27,5,49,5,7,5,7,30,10,34,8,26,46,10,44,4,42,
8,14,10,22,24,3,13,6,27,0,25,32,17,14,7,9,17,21,30,4,16,27,23,27,8,30,
9,5,43,70,9,0,36,40,5,25,0,12,54,56,56,52,13,3,11,53,49,5,51,10,57,10,
10,11,12,11,38,11,13,6,49,32,12,0,2,9,3,3,30,14,31,2,22,36,17,47,4,32,
11,3,29,56,10,2,39,29,5,17,54,2,0,50,64,65,13,6,4,69,25,5,58,5,63,4,
12,5,33,75,11,1,34,30,7,14,56,9,50,0,61,59,11,3,2,62,32,6,40,7,46,8,
13,0,29,65,10,2,40,40,5,7,56,3,64,61,0,90,12,1,2,92,31,2,43,4,49,4,
14,1,41,72,10,2,28,38,7,9,52,3,65,59,90,0,9,1,2,90,27,3,44,3,60,2,
15,9,25,10,40,7,22,21,30,17,13,30,13,11,12,9,0,25,21,7,26,42,10,50,8,37,
16,35,21,2,31,36,5,22,10,21,3,14,6,3,1,1,25,0,37,3,7,22,9,27,1,31,
17,13,20,1,30,10,13,15,34,30,11,31,4,2,2,2,21,37,0,3,18,27,16,33,4,32,
18,0,23,61,10,2,39,27,8,4,53,2,69,62,92,90,7,3,3,0,29,1,30,0,57,3,
19,3,36,38,19,4,37,34,26,16,49,22,25,32,31,27,26,7,18,29,0,15,42,19,39,23,
20,7,7,11,43,10,7,9,46,27,5,36,5,6,2,3,42,22,27,1,15,0,8,39,0,28,
21,3,35,38,8,0,35,19,10,23,51,17,58,40,43,44,10,9,16,30,42,8,0,8,40,13,
22,14,15,7,49,9,16,17,44,27,10,47,5,7,4,3,50,27,33,0,19,39,8,0,7,42,
23,5,40,66,7,2,32,33,4,8,57,4,63,46,49,60,8,1,4,57,39,0,40,7,0,6,
24,24,10,5,43,21,18,10,42,30,10,32,4,8,4,2,37,31,32,3,23,28,13,42,6,0,
0,0,30,1,31,0,0,44,18,0,0,17,41,34,28,0,0,33,48,23,0,1,35,30,44,42,
1,30,0,8,29,3,2,28,23,4,4,24,38,32,6,3,3,29,31,26,1,4,31,44,23,38,
2,1,8,0,0,28,36,0,0,37,36,0,0,1,17,34,30,0,0,1,36,24,0,2,0,0,
3,31,29,0,0,2,0,48,55,0,0,36,35,44,34,0,0,21,32,31,0,2,46,39,50,50,
4,0,3,28,2,0,36,0,0,19,30,0,1,0,17,30,21,0,0,4,31,39,3,8,0,0,
5,0,2,36,0,36,0,0,0,91,85,0,0,0,15,22,69,0,0,5,77,39,0,2,0,0,
6,44,28,0,48,0,0,0,42,0,1,36,45,49,38,2,0,43,58,36,0,5,49,34,57,43,
7,18,23,0,55,0,0,42,0,0,0,32,27,47,27,1,0,31,39,36,0,1,42,32,43,43,
8,0,4,37,0,19,91,0,0,0,98,1,0,0,16,26,49,1,1,1,90,27,0,0,1,0,
9,0,4,36,0,30,85,1,0,98,0,0,0,0,8,18,103,0,0,1,86,28,0,5,0,0,
10,17,24,0,36,0,0,36,32,1,0,0,25,18,24,1,0,30,38,39,0,1,28,26,39,22,
11,41,38,0,35,1,0,45,27,0,0,25,0,38,35,1,0,54,48,25,0,2,41,35,44,50,
12,34,32,1,44,0,0,49,47,0,0,18,38,0,26,0,0,35,40,24,0,1,35,38,33,39,
13,28,6,17,34,17,15,38,27,16,8,24,35,26,0,25,17,21,23,27,11,23,24,14,28,19,
14,0,3,34,0,30,22,2,1,26,18,1,1,0,25,0,31,3,2,9,18,29,1,3,0,2,
15,0,3,30,0,21,69,0,0,49,103,0,0,0,17,31,0,0,0,10,76,24,1,0,0,0,
16,33,29,0,21,0,0,43,31,1,0,30,54,35,21,3,0,0,37,26,0,2,41,32,36,35,
17,48,31,0,32,0,0,58,39,1,0,38,48,40,23,2,0,37,0,35,0,0,29,20,49,49,
18,23,26,1,31,4,5,36,36,1,1,39,25,24,27,9,10,26,35,0,6,10,44,31,31,35,
19,0,1,36,0,31,77,0,0,90,86,0,0,0,11,18,76,0,0,6,0,39,0,0,0,0,
20,1,4,24,2,39,39,5,1,27,28,1,2,1,23,29,24,2,0,10,39,0,0,5,0,1,
21,35,31,0,46,3,0,49,42,0,0,28,41,35,24,1,1,41,29,44,0,0,0,40,43,49,
22,30,44,2,39,8,2,34,32,0,5,26,35,38,14,3,0,32,20,31,0,5,40,0,35,56,
23,44,23,0,50,0,0,57,43,1,0,39,44,33,28,0,0,36,49,31,0,0,43,35,0,46,
24,42,38,0,50,0,0,43,43,0,0,22,50,39,19,2,0,35,49,35,0,1,49,56,46,0,
0,0,8,9,25,29,41,30,47,2,47,4,33,13,26,34,36,22,10,4,18,14,26,14,37,20,
1,8,0,69,17,4,8,38,2,0,5,0,17,40,26,5,3,27,41,0,61,2,6,35,8,3,
2,9,69,0,12,6,8,43,11,0,13,0,12,23,24,6,10,24,37,0,51,0,6,25,11,2,
3,25,17,12,0,31,20,47,38,0,37,0,42,17,38,44,37,48,14,1,15,6,25,11,23,18,
4,29,4,6,31,0,36,32,32,2,24,3,37,7,30,26,33,13,7,3,5,6,34,4,31,22,
5,41,8,8,20,36,0,25,43,0,42,0,53,20,24,33,33,16,7,1,5,0,30,10,51,8,
6,30,38,43,47,32,25,0,32,0,31,0,58,24,54,38,32,42,35,0,61,8,37,28,33,16,
7,47,2,11,38,32,43,32,0,3,48,0,53,15,47,41,58,28,7,5,9,3,31,7,53,13,
8,2,0,0,0,2,0,0,3,0,0,113,0,0,0,6,0,0,0,79,0,76,2,0,11,27,
9,47,5,13,37,24,42,31,48,0,0,0,57,18,32,39,37,25,7,0,11,6,51,3,41,5,
10,4,0,0,0,3,0,0,0,113,0,0,1,0,0,5,2,0,0,73,0,100,0,1,14,22,
11,33,17,12,42,37,53,58,53,0,57,1,0,27,44,54,45,37,9,2,9,3,35,10,40,13,
12,13,40,23,17,7,20,24,15,0,18,0,27,0,23,19,8,27,29,0,27,1,15,33,20,3,
13,26,26,24,38,30,24,54,47,0,32,0,44,23,0,32,44,36,18,1,21,11,36,23,26,14,
14,34,5,6,44,26,33,38,41,6,39,5,54,19,32,0,39,22,11,10,11,10,33,6,46,11,
15,36,3,10,37,33,33,32,58,0,37,2,45,8,44,39,0,22,8,1,3,4,31,8,43,13,
16,22,27,24,48,13,16,42,28,0,25,0,37,27,36,22,22,0,28,0,29,0,23,22,10,3,
17,10,41,37,14,7,7,35,7,0,7,0,9,29,18,11,8,28,0,0,44,3,2,26,8,7,
18,4,0,0,1,3,1,0,5,79,0,73,2,0,1,10,1,0,0,0,0,77,1,0,5,16,
19,18,61,51,15,5,5,61,9,0,11,0,9,27,21,11,3,29,44,0,0,9,8,21,5,3,
20,14,2,0,6,6,0,8,3,76,6,100,3,1,11,10,4,0,3,77,9,0,7,5,1,30,
21,26,6,6,25,34,30,37,31,2,51,0,35,15,36,33,31,23,2,1,8,7,0,5,43,9,
22,14,35,25,11,4,10,28,7,0,3,1,10,33,23,6,8,22,26,0,21,5,5,0,7,7,
23,37,8,11,23,31,51,33,53,11,41,14,40,20,26,46,43,10,8,5,5,1,43,7,0,9,
24,20,3,2,18,22,8,16,13,27,5,22,13,3,14,11,13,3,7,16,3,30,9,7,9,0,
0,0,9,45,7,26,6,1,6,30,12,2,41,0,6,0,14,21,2,5,1,6,1,27,0,13,
1,9,0,12,8,3,14,26,21,17,13,17,3,17,11,33,21,4,14,20,17,33,29,28,17,16,
2,45,12,0,19,38,10,7,6,40,26,2,39,1,13,3,26,28,0,18,3,7,3,16,4,10,
3,7,8,19,0,9,10,19,15,24,20,12,9,4,13,16,16,12,2,21,2,22,14,4,8,13,
4,26,3,38,9,0,6,1,5,17,9,2,26,1,3,1,19,40,0,2,0,4,2,21,0,3,
5,6,14,10,10,6,0,20,44,22,7,45,4,24,11,27,9,4,19,31,6,19,7,10,12,18,
6,1,26,7,19,1,20,0,23,5,8,21,0,10,8,33,16,4,18,27,7,46,36,23,3,19,
7,6,21,6,15,5,44,23,0,4,15,52,7,26,18,33,11,7,25,49,8,28,3,9,25,18,
8,30,17,40,24,17,22,5,4,0,29,10,28,0,8,5,27,31,1,6,0,17,3,14,2,6,
9,12,13,26,20,9,7,8,15,29,0,18,20,9,11,13,36,20,2,19,3,36,8,15,6,10,
10,2,17,2,12,2,45,21,52,10,18,0,4,35,9,18,13,4,20,36,6,21,17,4,19,25,
11,41,3,39,9,26,4,0,7,28,20,4,0,1,7,3,27,31,0,5,0,3,2,24,2,18,
12,0,17,1,4,1,24,10,26,0,9,35,1,0,22,13,4,5,29,23,12,24,21,6,27,8,
13,6,11,13,13,3,11,8,18,8,11,9,7,22,0,23,29,3,24,10,21,14,27,10,13,7,
14,0,33,3,16,1,27,33,33,5,13,18,3,13,23,0,15,8,24,20,16,23,40,19,11,9,
15,14,21,26,16,19,9,16,11,27,36,13,27,4,29,15,0,17,6,19,10,16,7,8,11,10,
16,21,4,28,12,40,4,4,7,31,20,4,31,5,3,8,17,0,0,9,1,4,6,12,1,5,
17,2,14,0,2,0,19,18,25,1,2,20,0,29,24,24,6,0,0,19,31,9,23,6,21,9,
18,5,20,18,21,2,31,27,49,6,19,36,5,23,10,20,19,9,19,0,6,33,14,4,29,23,
19,1,17,3,2,0,6,7,8,0,3,6,0,12,21,16,10,1,31,6,0,1,23,4,19,18,
20,6,33,7,22,4,19,46,28,17,36,21,3,24,14,23,16,4,9,33,1,0,35,38,11,19,
21,1,29,3,14,2,7,36,3,3,8,17,2,21,27,40,7,6,23,14,23,35,0,32,15,20,
22,27,28,16,4,21,10,23,9,14,15,4,24,6,10,19,8,12,6,4,4,38,32,0,13,7,
23,0,17,4,8,0,12,3,25,2,6,19,2,27,13,11,11,1,21,29,19,11,15,13,0,21,
24,13,16,10,13,3,18,19,18,6,10,25,18,8,7,9,10,5,9,23,18,19,20,7,21,0,
0,0,39,27,22,14,8,18,8,26,23,9,1,8,8,11,21,3,19,7,11,11,22,10,5,1,
1,39,0,35,30,29,16,27,13,39,32,12,3,14,8,36,25,20,36,18,14,22,27,11,14,2,
2,27,35,0,42,52,20,35,18,37,37,41,10,9,8,23,38,24,35,25,14,34,48,23,20,1,
3,22,30,42,0,48,37,39,30,40,62,39,10,7,15,31,33,28,40,44,26,63,72,23,32,5,
4,14,29,52,48,0,35,25,18,25,44,49,12,4,8,25,38,20,25,29,13,39,36,21,21,4,
5,8,16,20,37,35,0,17,13,12,33,22,5,3,6,24,25,28,34,20,13,38,27,13,18,2,
6,18,27,35,39,25,17,0,8,34,22,20,8,4,19,18,28,10,28,22,13,20,17,19,17,8,
7,8,13,18,30,18,13,8,0,13,30,19,20,3,14,19,19,11,7,18,11,26,21,10,19,6,
8,26,39,37,40,25,12,34,13,0,26,15,7,5,4,27,26,12,23,34,16,29,35,7,16,3,
9,23,32,37,62,44,33,22,30,26,0,40,8,5,3,44,28,20,24,37,11,49,52,24,25,3,
10,9,12,41,39,49,22,20,19,15,40,0,1,10,4,17,25,14,24,23,6,31,33,13,22,4,
11,1,3,10,10,12,5,8,20,7,8,1,0,0,32,10,8,13,9,11,11,29,18,27,14,39,
12,8,14,9,7,4,3,4,3,5,5,10,0,0,4,5,1,5,3,6,6,5,4,0,5,1,
13,8,8,8,15,8,6,19,14,4,3,4,32,4,0,11,14,10,11,6,20,1,20,49,5,45,
14,11,36,23,31,25,24,18,19,27,44,17,10,5,11,0,29,22,33,33,12,50,30,16,16,1,
15,21,25,38,33,38,25,28,19,26,28,25,8,1,14,29,0,17,36,39,16,36,29,20,16,4,
16,3,20,24,28,20,28,10,11,12,20,14,13,5,10,22,17,0,29,5,16,20,32,12,9,4,
17,19,36,35,40,25,34,28,7,23,24,24,9,3,11,33,36,29,0,27,21,29,38,19,23,5,
18,7,18,25,44,29,20,22,18,34,37,23,11,6,6,33,39,5,27,0,12,43,30,17,24,1,
19,11,14,14,26,13,13,13,11,16,11,6,11,6,20,12,16,16,21,12,0,18,24,16,11,19,
20,11,22,34,63,39,38,20,26,29,49,31,29,5,1,50,36,20,29,43,18,0,41,22,26,10,
21,22,27,48,72,36,27,17,21,35,52,33,18,4,20,30,29,32,38,30,24,41,0,11,23,16,
22,10,11,23,23,21,13,19,10,7,24,13,27,0,49,16,20,12,19,17,16,22,11,0,10,33,
23,5,14,20,32,21,18,17,19,16,25,22,14,5,5,16,16,9,23,24,11,26,23,10,0,6,
24,1,2,1,5,4,2,8,6,3,3,4,39,1,45,1,4,4,5,1,19,10,16,33,6,0,
0,0,17,34,33,23,21,19,17,19,41,15,34,27,17,18,14,29,17,27,10,4,15,25,11,22,
1,17,0,8,40,8,14,31,14,17,18,21,21,18,16,25,4,36,16,9,13,3,13,22,11,19,
2,34,8,0,11,27,20,19,46,9,16,47,8,11,17,17,40,13,6,36,0,1,4,10,18,5,
3,33,40,11,0,22,22,46,19,52,45,57,60,44,13,52,17,50,21,22,13,13,22,56,17,22,
4,23,8,27,22,0,5,14,19,30,23,16,25,15,15,9,16,13,13,42,10,3,1,16,22,12,
5,21,14,20,22,5,0,9,14,14,5,17,21,19,5,22,29,20,7,7,2,5,5,6,13,3,
6,19,31,19,46,14,9,0,25,34,23,17,29,19,15,32,16,26,10,12,10,6,11,20,20,14,
7,17,14,46,19,19,14,25,0,18,30,36,19,24,20,25,40,16,16,32,7,1,20,25,16,12,
8,19,17,9,52,30,14,34,18,0,34,38,52,42,21,33,10,51,17,18,13,7,25,37,21,20,
9,41,18,16,45,23,5,23,30,34,0,35,27,32,20,26,13,36,33,22,12,18,31,38,16,25,
10,15,21,47,57,16,17,17,36,38,35,0,33,43,19,31,39,48,8,10,7,9,18,20,16,29,
11,34,21,8,60,25,21,29,19,52,27,33,0,40,20,24,19,34,14,24,12,9,11,37,17,23,
12,27,18,11,44,15,19,19,24,42,32,43,40,0,17,22,15,38,21,19,11,4,17,26,12,26,
13,17,16,17,13,15,5,15,20,21,20,19,20,17,0,24,12,17,21,33,5,0,11,18,27,16,
14,18,25,17,52,9,22,32,25,33,26,31,24,22,24,0,18,30,16,12,5,6,19,38,16,13,
15,14,4,40,17,16,29,16,40,10,13,39,19,15,12,18,0,18,8,25,3,2,8,10,21,10,
16,29,36,13,50,13,20,26,16,51,36,48,34,38,17,30,18,0,26,22,15,5,12,34,7,27,
17,17,16,6,21,13,7,10,16,17,33,8,14,21,21,16,8,26,0,19,14,9,16,22,14,17,
18,27,9,36,22,42,7,12,32,18,22,10,24,19,33,12,25,22,19,0,18,1,3,18,35,15,
19,10,13,0,13,10,2,10,7,13,12,7,12,11,5,5,3,15,14,18,0,13,9,17,12,16,
20,4,3,1,13,3,5,6,1,7,18,9,9,4,0,6,2,5,9,1,13,0,17,6,4,9,
21,15,13,4,22,1,5,11,20,25,31,18,11,17,11,19,8,12,16,3,9,17,0,15,3,23,
22,25,22,10,56,16,6,20,25,37,38,20,37,26,18,38,10,34,22,18,17,6,15,0,29,17,
23,11,11,18,17,22,13,20,16,21,16,16,17,12,27,16,21,7,14,35,12,4,3,29,0,9,
24,22,19,5,22,12,3,14,12,20,25,29,23,26,16,13,10,27,17,15,16,9,23,17,9,0,
0,0,45,27,13,1,16,25,25,0,20,27,16,36,0,15,3,30,21,0,0,6,28,26,30,23,
1,45,0,50,9,0,34,49,51,0,39,52,29,67,1,45,0,59,59,2,0,31,38,38,28,42,
2,27,50,0,7,1,20,32,28,1,24,17,25,44,1,28,1,43,34,1,0,12,29,27,27,25,
3,13,9,7,0,36,13,12,8,31,7,6,12,8,34,13,44,14,32,35,39,6,9,18,34,11,
4,1,0,1,36,0,2,1,1,52,2,11,2,1,60,1,50,1,2,59,67,17,1,2,20,0,
5,16,34,20,13,2,0,10,42,6,35,25,17,22,1,23,9,37,37,4,5,8,24,28,13,24,
6,25,49,32,12,1,10,0,37,1,20,22,29,34,1,27,0,49,31,2,0,9,12,25,32,26,
7,25,51,28,8,1,42,37,0,0,20,34,31,46,0,28,2,56,45,1,0,17,26,37,20,42,
8,0,0,1,31,52,6,1,0,0,2,7,0,0,70,3,54,0,0,59,68,18,0,3,22,0,
9,20,39,24,7,2,35,20,20,2,0,30,21,50,2,23,0,29,31,0,0,15,26,33,22,21,
10,27,52,17,6,11,25,22,34,7,30,0,19,39,11,29,13,35,33,9,11,22,28,23,8,24,
11,16,29,25,12,2,17,29,31,0,21,19,0,27,0,18,1,26,25,1,0,9,13,21,27,24,
12,36,67,44,8,1,22,34,46,0,50,39,27,0,1,39,0,42,40,0,0,11,26,48,25,35,
13,0,1,1,34,60,1,1,0,70,2,11,0,1,0,3,62,0,4,67,72,27,0,2,26,1,
14,15,45,28,13,1,23,27,28,3,23,29,18,39,3,0,2,38,37,1,0,12,27,36,24,26,
15,3,0,1,44,50,9,0,2,54,0,13,1,0,62,2,0,0,1,75,71,30,0,5,20,0,
16,30,59,43,14,1,37,49,56,0,29,35,26,42,0,38,0,0,33,0,0,11,35,45,28,45,
17,21,59,34,32,2,37,31,45,0,31,33,25,40,4,37,1,33,0,3,0,29,36,36,27,30,
18,0,2,1,35,59,4,2,1,59,0,9,1,0,67,1,75,0,3,0,64,25,0,7,22,1,
19,0,0,0,39,67,5,0,0,68,0,11,0,0,72,0,71,0,0,64,0,18,0,4,25,1,
20,6,31,12,6,17,8,9,17,18,15,22,9,11,27,12,30,11,29,25,18,0,14,16,3,14,
21,28,38,29,9,1,24,12,26,0,26,28,13,26,0,27,0,35,36,0,0,14,0,37,17,22,
22,26,38,27,18,2,28,25,37,3,33,23,21,48,2,36,5,45,36,7,4,16,37,0,33,32,
23,30,28,27,34,20,13,32,20,22,22,8,27,25,26,24,20,28,27,22,25,3,17,33,0,16,
24,23,42,25,11,0,24,26,42,0,21,24,24,35,1,26,0,45,30,1,1,14,22,32,16,0,
0,0,6,30,5,31,65,9,6,1,17,5,42,5,41,9,11,9,59,18,48,21,58,10,44,66,
1,6,0,24,11,0,2,21,21,38,22,24,1,25,13,54,37,38,1,39,0,25,9,15,4,0,
2,30,24,0,3,13,17,8,16,22,23,6,13,19,32,7,10,15,21,20,23,20,28,5,22,21,
3,5,11,3,0,4,4,23,18,31,8,26,4,21,6,22,28,17,11,21,3,5,2,24,2,4,
4,31,0,13,4,0,58,22,3,1,10,4,39,3,23,0,3,5,61,6,33,12,40,11,47,55,
5,65,2,17,4,58,0,24,0,5,11,7,54,3,31,1,1,3,50,5,35,20,40,10,63,64,
6,9,21,8,23,22,24,0,25,28,16,24,22,17,6,34,27,24,19,30,6,16,5,16,19,28,
7,6,21,16,18,3,0,25,0,23,9,23,2,19,5,41,37,32,0,24,2,15,5,15,1,0,
8,1,38,22,31,1,5,28,23,0,19,20,5,30,13,31,31,42,2,32,4,17,4,20,1,4,
9,17,22,23,8,10,11,16,9,19,0,21,11,28,29,23,17,21,14,41,14,29,20,4,16,12,
10,5,24,6,26,4,7,24,23,20,21,0,0,27,6,35,35,28,0,28,1,17,2,11,3,1,
11,42,1,13,4,39,54,22,2,5,11,0,0,4,19,1,0,2,38,6,40,14,36,14,54,61,
12,5,25,19,21,3,3,17,19,30,28,27,4,0,17,37,24,24,3,17,7,14,5,17,5,3,
13,41,13,32,6,23,31,6,5,13,29,6,19,17,0,19,13,21,40,26,42,43,35,6,25,33,
14,9,54,7,22,0,1,34,41,31,23,35,1,37,19,0,48,48,1,33,1,30,9,18,0,0,
15,11,37,10,28,3,1,27,37,31,17,35,0,24,13,48,0,30,4,39,2,13,5,27,2,1,
16,9,38,15,17,5,3,24,32,42,21,28,2,24,21,48,30,0,5,40,3,19,11,18,7,8,
17,59,1,21,11,61,50,19,0,2,14,0,38,3,40,1,4,5,0,12,54,14,47,8,57,57,
18,18,39,20,21,6,5,30,24,32,41,28,6,17,26,33,39,40,12,0,12,22,18,6,9,13,
19,48,0,23,3,33,35,6,2,4,14,1,40,7,42,1,2,3,54,12,0,25,35,6,48,45,
20,21,25,20,5,12,20,16,15,17,29,17,14,14,43,30,13,19,14,22,25,0,23,3,26,19,
21,58,9,28,2,40,40,5,5,4,20,2,36,5,35,9,5,11,47,18,35,23,0,6,38,48,
22,10,15,5,24,11,10,16,15,20,4,11,14,17,6,18,27,18,8,6,6,3,6,0,3,16,
23,44,4,22,2,47,63,19,1,1,16,3,54,5,25,0,2,7,57,9,48,26,38,3,0,51,
24,66,0,21,4,55,64,28,0,4,12,1,61,3,33,0,1,8,57,13,45,19,48,16,51,0,
0,0,19,34,16,13,16,20,9,48,10,2,1,59,29,28,9,11,60,19,19,2,13,47,41,11,
1,19,0,8,10,11,28,15,10,2,7,6,4,7,15,46,16,3,10,15,21,7,4,13,37,35,
2,34,8,0,9,23,10,19,5,15,27,11,12,34,6,5,16,6,18,19,10,7,32,32,13,3,
3,16,10,9,0,20,31,8,12,18,24,17,5,16,35,14,12,9,23,35,41,4,10,4,10,4,
4,13,11,23,20,0,16,3,6,22,33,21,25,6,21,5,16,14,10,33,15,30,23,5,3,1,
5,16,28,10,31,16,0,9,28,26,22,26,5,21,14,16,44,7,9,31,12,19,7,21,2,1,
6,20,15,19,8,3,9,0,3,3,6,3,3,17,10,8,4,2,13,7,7,1,5,19,8,11,
7,9,10,5,12,6,28,3,0,8,10,36,42,9,12,7,68,24,8,24,20,45,20,13,7,1,
8,48,2,15,18,22,26,3,8,0,15,15,6,18,22,16,7,3,19,34,18,3,9,22,7,2,
9,10,7,27,24,33,22,6,10,15,0,22,32,8,21,6,11,15,8,50,15,17,18,7,4,0,
10,2,6,11,17,21,26,3,36,15,22,0,31,5,13,6,47,20,1,25,17,24,18,5,4,2,
11,1,4,12,5,25,5,3,42,6,32,31,0,3,8,2,31,33,3,26,2,59,18,1,0,0,
12,59,7,34,16,6,21,17,9,18,8,5,3,0,16,7,6,2,33,14,7,2,28,57,30,5,
13,29,15,6,35,21,14,10,12,22,21,13,8,16,0,17,19,6,20,32,26,7,9,10,3,3,
14,28,46,5,14,5,16,8,7,16,6,6,2,7,17,0,14,4,23,15,13,3,6,7,6,18,
15,9,16,16,12,16,44,4,68,7,11,47,31,6,19,14,0,24,8,22,15,35,14,7,4,0,
16,11,3,6,9,14,7,2,24,3,15,20,33,2,6,4,24,0,5,16,5,33,9,5,0,0,
17,60,10,18,23,10,9,13,8,19,8,1,3,33,20,23,8,5,0,10,11,1,19,36,19,4,
18,19,15,19,35,33,31,7,24,34,50,25,26,14,32,15,22,16,10,0,38,17,11,16,11,1,
19,19,21,10,41,15,12,7,20,18,15,17,2,7,26,13,15,5,11,38,0,15,3,19,16,20,
20,2,7,7,4,30,19,1,45,3,17,24,59,2,7,3,35,33,1,17,15,0,28,1,0,0,
21,13,4,32,10,23,7,5,20,9,18,18,18,28,9,6,14,9,19,11,3,28,0,14,14,2,
22,47,13,32,4,5,21,19,13,22,7,5,1,57,10,7,7,5,36,16,19,1,14,0,30,10,
23,41,37,13,10,3,2,8,7,7,4,4,0,30,3,6,4,0,19,11,16,0,14,30,0,28,
24,11,35,3,4,1,1,11,1,2,0,2,0,5,3,18,0,0,4,1,20,0,2,10,28,0,
0,0,3,0,8,1,14,1,31,14,11,2,17,19,19,25,29,8,6,14,15,5,8,13,19,27,
1,3,0,8,8,10,13,8,8,5,21,7,2,9,20,2,2,17,18,7,14,3,7,27,19,2,
2,0,8,0,0,37,0,49,3,1,2,28,0,0,2,0,0,2,4,3,0,3,0,1,1,1,
3,8,8,0,0,4,20,9,21,5,20,17,4,29,6,8,9,22,12,6,33,8,34,41,38,7,
4,1,10,37,4,0,0,38,2,12,2,35,0,3,4,0,0,7,18,3,1,3,0,8,17,2,
5,14,13,0,20,0,0,1,18,6,15,5,12,14,16,15,12,18,17,35,25,6,8,30,23,17,
6,1,8,49,9,38,1,0,4,6,5,20,0,7,6,0,0,12,16,6,5,5,13,11,11,1,
7,31,8,3,21,2,18,4,0,29,17,14,10,37,13,12,18,10,5,14,30,12,17,16,18,34,
8,14,5,1,5,12,6,6,29,0,3,9,17,15,4,27,16,1,9,1,6,24,9,7,7,26,
9,11,21,2,20,2,15,5,17,3,0,12,4,24,15,2,0,30,17,17,23,4,12,42,24,2,
10,2,7,28,17,35,5,20,14,9,12,0,5,6,1,1,0,9,18,8,15,8,7,19,15,3,
11,17,2,0,4,0,12,0,10,17,4,5,0,6,2,52,32,0,2,7,2,20,4,5,9,24,
12,19,9,0,29,3,14,7,37,15,24,6,6,0,16,4,9,23,19,24,26,13,19,26,18,5,
13,19,20,2,6,4,16,6,13,4,15,1,2,16,0,0,4,10,22,11,23,16,11,15,10,1,
14,25,2,0,8,0,15,0,12,27,2,1,52,4,0,0,32,3,3,10,3,17,3,6,16,34,
15,29,2,0,9,0,12,0,18,16,0,0,32,9,4,32,0,0,3,5,9,19,5,5,12,29,
16,8,17,2,22,7,18,12,10,1,30,9,0,23,10,3,0,0,27,29,15,3,13,27,21,2,
17,6,18,4,12,18,17,16,5,9,17,18,2,19,22,3,3,27,0,31,22,5,10,12,6,1,
18,14,7,3,6,3,35,6,14,1,17,8,7,24,11,10,5,29,31,0,16,3,3,10,14,5,
19,15,14,0,33,1,25,5,30,6,23,15,2,26,23,3,9,15,22,16,0,5,24,29,26,5,
20,5,3,3,8,3,6,5,12,24,4,8,20,13,16,17,19,3,5,3,5,0,12,9,11,11,
21,8,7,0,34,0,8,13,17,9,12,7,4,19,11,3,5,13,10,3,24,12,0,29,28,12,
22,13,27,1,41,8,30,11,16,7,42,19,5,26,15,6,5,27,12,10,29,9,29,0,47,7,
23,19,19,1,38,17,23,11,18,7,24,15,9,18,10,16,12,21,6,14,26,11,28,47,0,19,
24,27,2,1,7,2,17,1,34,26,2,3,24,5,1,34,29,2,1,5,5,11,12,7,19,0,
0,0,15,9,3,7,6,4,5,13,11,7,11,8,7,9,10,7,5,6,6,12,33,4,9,1,
1,15,0,6,4,5,7,4,4,6,5,4,11,2,3,3,4,7,12,1,3,5,20,7,8,3,
2,9,6,0,22,25,29,34,39,30,43,26,4,53,13,24,26,35,1,18,19,42,23,32,25,16,
3,3,4,22,0,22,19,21,19,18,19,9,9,18,21,24,12,16,0,17,12,13,12,29,25,13,
4,7,5,25,22,0,18,15,28,17,22,15,13,46,30,31,26,28,0,33,28,27,26,14,33,27,
5,6,7,29,19,18,0,37,18,14,26,14,14,29,30,22,29,52,1,21,31,22,13,16,49,20,
6,4,4,34,21,15,37,0,36,17,30,12,16,39,33,17,23,19,0,26,13,16,17,22,34,12,
7,5,4,39,19,28,18,36,0,15,34,18,11,40,21,15,14,30,14,16,10,27,19,27,44,14,
8,13,6,30,18,17,14,17,15,0,25,28,11,23,18,20,28,14,0,10,13,21,4,17,19,18,
9,11,5,43,19,22,26,30,34,25,0,13,12,40,15,35,16,27,0,9,25,30,14,20,35,10,
10,7,4,26,9,15,14,12,18,28,13,0,6,34,12,18,16,30,8,25,9,23,15,28,11,14,
11,11,11,4,9,13,14,16,11,11,12,6,0,17,18,14,16,14,5,10,9,11,19,2,13,12,
12,8,2,53,18,46,29,39,40,23,40,34,17,0,39,49,45,30,3,40,24,39,26,20,38,36,
13,7,3,13,21,30,30,33,21,18,15,12,18,39,0,19,34,27,0,32,22,12,20,16,33,21,
14,9,3,24,24,31,22,17,15,20,35,18,14,49,19,0,24,30,2,24,19,25,17,32,21,8,
15,10,4,26,12,26,29,23,14,28,16,16,16,45,34,24,0,32,4,53,16,16,12,15,21,24,
16,7,7,35,16,28,52,19,30,14,27,30,14,30,27,30,32,0,0,35,15,20,15,26,37,23,
17,5,12,1,0,0,1,0,14,0,0,8,5,3,0,2,4,0,0,3,2,3,7,0,0,0,
18,6,1,18,17,33,21,26,16,10,9,25,10,40,32,24,53,35,3,0,10,31,14,13,26,23,
19,6,3,19,12,28,31,13,10,13,25,9,9,24,22,19,16,15,2,10,0,16,5,24,28,15,
20,12,5,42,13,27,22,16,27,21,30,23,11,39,12,25,16,20,3,31,16,0,17,37,24,11,
21,33,20,23,12,26,13,17,19,4,14,15,19,26,20,17,12,15,7,14,5,17,0,19,22,4,
22,4,7,32,29,14,16,22,27,17,20,28,2,20,16,32,15,26,0,13,24,37,19,0,23,13,
23,9,8,25,25,33,49,34,44,19,35,11,13,38,33,21,21,37,0,26,28,24,22,23,0,25,
24,1,3,16,13,27,20,12,14,18,10,14,12,36,21,8,24,23,0,23,15,11,4,13,25,0,
0,0,64,45,44,20,83,0,7,3,7,74,64,24,9,1,49,21,0,0,38,0,40,0,0,1,
1,64,0,41,55,33,63,1,5,4,7,64,61,27,7,3,50,29,0,0,62,1,36,0,2,2,
2,45,41,0,39,34,25,7,10,10,13,29,31,30,19,15,50,35,3,3,35,4,48,18,4,21,
3,44,55,39,0,18,29,1,5,1,9,51,45,18,11,2,42,23,1,0,61,3,24,0,1,2,
4,20,33,34,18,0,17,9,8,10,12,25,24,40,25,8,20,20,2,6,33,9,38,6,8,21,
5,83,63,25,29,17,0,0,2,3,10,43,49,13,10,0,43,12,2,0,39,1,20,0,0,4,
6,0,1,7,1,9,0,0,11,18,11,0,1,2,8,27,0,9,19,34,0,31,0,22,33,10,
7,7,5,10,5,8,2,11,0,15,15,10,1,13,10,18,3,9,20,13,8,12,7,23,23,16,
8,3,4,10,1,10,3,18,15,0,17,2,3,17,25,20,3,7,19,24,2,30,17,36,34,29,
9,7,7,13,9,12,10,11,15,17,0,7,5,12,20,22,6,24,5,11,4,18,8,32,16,19,
10,74,64,29,51,25,43,0,10,2,7,0,53,19,5,1,39,21,0,0,47,0,38,0,1,0,
11,64,61,31,45,24,49,1,1,3,5,53,0,14,7,1,30,22,0,1,40,1,31,1,0,0,
12,24,27,30,18,40,13,2,13,17,12,19,14,0,19,14,21,16,5,8,23,13,39,12,15,12,
13,9,7,19,11,25,10,8,10,25,20,5,7,19,0,4,17,22,5,5,15,13,34,16,8,44,
14,1,3,15,2,8,0,27,18,20,22,1,1,14,4,0,0,5,28,37,0,38,8,26,36,16,
15,49,50,50,42,20,43,0,3,3,6,39,30,21,17,0,0,27,0,0,44,3,28,0,0,1,
16,21,29,35,23,20,12,9,9,7,24,21,22,16,22,5,27,0,4,3,36,5,28,19,3,22,
17,0,0,3,1,2,2,19,20,19,5,0,0,5,5,28,0,4,0,31,1,26,5,31,27,7,
18,0,0,3,0,6,0,34,13,24,11,0,1,8,5,37,0,3,31,0,1,29,12,35,47,10,
19,38,62,35,61,33,39,0,8,2,4,47,40,23,15,0,44,36,1,1,0,5,20,2,3,4,
20,0,1,4,3,9,1,31,12,30,18,0,1,13,13,38,3,5,26,29,5,0,9,33,46,31,
21,40,36,48,24,38,20,0,7,17,8,38,31,39,34,8,28,28,5,12,20,9,0,19,6,35,
22,0,0,18,0,6,0,22,23,36,32,0,1,12,16,26,0,19,31,35,2,33,19,0,39,27,
23,0,2,4,1,8,0,33,23,34,16,1,0,15,8,36,0,3,27,47,3,46,6,39,0,9,
24,1,2,21,2,21,4,10,16,29,19,0,0,12,44,16,1,22,7,10,4,31,35,27,9,0,
0,0,19,0,0,12,12,23,14,0,10,12,19,4,28,17,20,0,5,0,0,0,0,22,20,8,
1,19,0,8,8,6,33,38,29,7,40,20,26,14,34,30,41,1,19,0,0,0,0,38,25,29,
2,0,8,0,58,1,3,1,5,14,14,2,0,42,0,2,0,58,5,53,52,46,52,0,1,1,
3,0,8,58,0,1,0,0,11,19,11,7,0,63,2,3,0,38,4,45,29,36,35,1,1,2,
4,12,6,1,1,0,9,7,8,2,4,12,8,1,17,7,9,0,8,0,0,0,0,11,24,13,
5,12,33,3,0,9,0,25,26,4,32,17,11,5,21,29,29,2,30,1,3,1,1,21,11,27,
6,23,38,1,0,7,25,0,22,0,38,24,27,5,36,43,49,1,45,0,0,0,0,58,50,37,
7,14,29,5,11,8,26,22,0,5,34,9,17,4,17,17,27,2,24,0,2,1,0,36,13,33,
8,0,7,14,19,2,4,0,5,0,7,3,3,20,3,5,3,19,9,24,22,19,16,2,2,4,
9,10,40,14,11,4,32,38,34,7,0,18,15,20,27,28,27,2,37,1,3,2,7,26,21,30,
10,12,20,2,7,12,17,24,9,3,18,0,15,6,20,13,20,0,13,0,0,2,2,27,28,20,
11,19,26,0,0,8,11,27,17,3,15,15,0,1,15,21,23,0,13,0,0,0,0,26,15,17,
12,4,14,42,63,1,5,5,4,20,20,6,1,0,4,6,6,30,9,26,36,37,31,3,2,5,
13,28,34,0,2,17,21,36,17,3,27,20,15,4,0,31,57,0,30,0,0,0,1,46,43,32,
14,17,30,2,3,7,29,43,17,5,28,13,21,6,31,0,44,4,22,0,0,0,1,31,17,41,
15,20,41,0,0,9,29,49,27,3,27,20,23,6,57,44,0,0,22,0,0,0,0,50,37,33,
16,0,1,58,38,0,2,1,2,19,2,0,0,30,0,4,0,0,3,65,64,79,103,0,0,0,
17,5,19,5,4,8,30,45,24,9,37,13,13,9,30,22,22,3,0,1,5,3,2,30,18,24,
18,0,0,53,45,0,1,0,0,24,1,0,0,26,0,0,0,65,1,0,75,88,81,0,0,0,
19,0,0,52,29,0,3,0,2,22,3,0,0,36,0,0,0,64,5,75,0,78,53,0,3,0,
20,0,0,46,36,0,1,0,1,19,2,2,0,37,0,0,0,79,3,88,78,0,102,0,0,0,
21,0,0,52,35,0,1,0,0,16,7,2,0,31,1,1,0,103,2,81,53,102,0,1,0,0,
22,22,38,0,1,11,21,58,36,2,26,27,26,3,46,31,50,0,30,0,0,0,1,0,44,37,
23,20,25,1,1,24,11,50,13,2,21,28,15,2,43,17,37,0,18,0,3,0,0,44,0,27,
24,8,29,1,2,13,27,37,33,4,30,20,17,5,32,41,33,0,24,0,0,0,0,37,27,0,
0,0,2,0,1,57,2,13,18,21,0,13,1,27,3,2,21,17,3,16,31,45,2,3,2,17,
1,2,0,38,69,1,20,0,0,2,34,12,42,12,45,43,1,8,14,46,2,0,42,60,23,21,
2,0,38,0,35,1,21,9,3,4,42,13,28,5,29,23,5,7,23,14,15,1,25,37,32,7,
3,1,69,35,0,0,14,2,1,4,36,7,45,8,33,43,2,9,10,30,7,2,33,54,15,12,
4,57,1,1,0,0,9,18,18,22,0,20,1,11,2,0,18,13,8,19,14,33,5,0,5,12,
5,2,20,21,14,9,0,24,9,21,25,23,8,18,26,18,22,17,32,12,16,18,14,29,28,10,
6,13,0,9,2,18,24,0,37,54,4,39,2,32,20,7,64,23,50,19,44,47,4,6,18,31,
7,18,0,3,1,18,9,37,0,43,5,21,3,37,12,4,58,14,16,16,42,25,2,0,5,25,
8,21,2,4,4,22,21,54,43,0,3,40,3,63,18,1,60,24,34,20,51,38,7,0,27,27,
9,0,34,42,36,0,25,4,5,3,0,8,41,2,44,25,2,4,25,13,3,0,33,47,30,9,
10,13,12,13,7,20,23,39,21,40,8,0,9,34,21,4,51,13,31,11,25,22,10,11,26,31,
11,1,42,28,45,1,8,2,3,3,41,9,0,7,31,29,2,6,30,21,2,1,45,51,27,26,
12,27,12,5,8,11,18,32,37,63,2,34,7,0,16,7,63,25,33,22,41,16,6,11,17,19,
13,3,45,29,33,2,26,20,12,18,44,21,31,16,0,25,16,17,48,5,16,34,38,58,30,3,
14,2,43,23,43,0,18,7,4,1,25,4,29,7,25,0,5,2,16,10,7,1,28,45,9,9,
15,21,1,5,2,18,22,64,58,60,2,51,2,63,16,5,0,31,47,22,46,50,2,1,27,31,
16,17,8,7,9,13,17,23,14,24,4,13,6,25,17,2,31,0,43,15,14,19,7,7,11,19,
17,3,14,23,10,8,32,50,16,34,25,31,30,33,48,16,47,43,0,7,28,33,16,20,45,7,
18,16,46,14,30,19,12,19,16,20,13,11,21,22,5,10,22,15,7,0,9,16,24,42,9,36,
19,31,2,15,7,14,16,44,42,51,3,25,2,41,16,7,46,14,28,9,0,33,6,8,22,20,
20,45,0,1,2,33,18,47,25,38,0,22,1,16,34,1,50,19,33,16,33,0,1,3,19,7,
21,2,42,25,33,5,14,4,2,7,33,10,45,6,38,28,2,7,16,24,6,1,0,25,32,11,
22,3,60,37,54,0,29,6,0,0,47,11,51,11,58,45,1,7,20,42,8,3,25,0,25,13,
23,2,23,32,15,5,28,18,5,27,30,26,27,17,30,9,27,11,45,9,22,19,32,25,0,12,
24,17,21,7,12,12,10,31,25,27,9,31,26,19,3,9,31,19,7,36,20,7,11,13,12,0,
0,0,15,16,6,29,15,23,26,30,16,25,17,31,8,24,20,25,31,1,19,1,41,21,17,13,
1,15,0,10,12,27,17,34,29,29,10,51,39,20,18,18,29,19,69,1,10,1,34,42,16,7,
2,16,10,0,24,8,51,4,2,6,45,14,0,2,55,17,8,13,7,1,49,7,16,4,51,57,
3,6,12,24,0,4,33,5,8,10,38,19,8,12,38,13,15,14,13,2,40,1,14,11,45,38,
4,29,27,8,4,0,0,48,42,31,2,41,56,50,8,22,17,22,50,0,2,0,40,48,5,4,
5,15,17,51,33,0,0,3,5,12,76,18,3,6,67,21,25,39,8,5,82,3,37,4,97,73,
6,23,34,4,5,48,3,0,40,37,4,13,36,28,3,15,33,26,61,0,2,0,31,47,4,1,
7,26,29,2,8,42,5,40,0,26,7,38,40,22,7,11,27,23,50,2,4,1,28,42,9,8,
8,30,29,6,10,31,12,37,26,0,9,25,37,49,6,24,31,30,59,1,15,0,20,40,10,5,
9,16,10,45,38,2,76,4,7,9,0,20,5,5,58,22,21,22,3,7,65,7,16,6,81,71,
10,25,51,14,19,41,18,13,38,25,20,0,30,31,34,11,32,21,43,1,17,1,30,31,17,25,
11,17,39,0,8,56,3,36,40,37,5,30,0,24,0,20,22,29,55,0,6,4,39,40,4,2,
12,31,20,2,12,50,6,28,22,49,5,31,24,0,1,32,21,42,36,0,10,0,41,31,4,2,
13,8,18,55,38,8,67,3,7,6,58,34,0,1,0,19,27,13,2,4,71,4,19,11,64,52,
14,24,18,17,13,22,21,15,11,24,22,11,20,32,19,0,18,27,37,2,20,1,14,18,27,11,
15,20,29,8,15,17,25,33,27,31,21,32,22,21,27,18,0,10,38,0,18,1,18,31,17,26,
16,25,19,13,14,22,39,26,23,30,22,21,29,42,13,27,10,0,31,0,40,1,25,17,35,32,
17,31,69,7,13,50,8,61,50,59,3,43,55,36,2,37,38,31,0,0,6,3,41,73,3,3,
18,1,1,1,2,0,5,0,2,1,7,1,0,0,4,2,0,0,0,0,1,123,1,0,2,0,
19,19,10,49,40,2,82,2,4,15,65,17,6,10,71,20,18,40,6,1,0,4,24,5,94,71,
20,1,1,7,1,0,3,0,1,0,7,1,4,0,4,1,1,1,3,123,4,0,5,1,4,2,
21,41,34,16,14,40,37,31,28,20,16,30,39,41,19,14,18,25,41,1,24,5,0,30,30,23,
22,21,42,4,11,48,4,47,42,40,6,31,40,31,11,18,31,17,73,0,5,1,30,0,5,8,
23,17,16,51,45,5,97,4,9,10,81,17,4,4,64,27,17,35,3,2,94,4,30,5,0,75,
24,13,7,57,38,4,73,1,8,5,71,25,2,2,52,11,26,32,3,0,71,2,23,8,75,0,
0,0,6,31,10,26,8,6,8,10,21,35,20,13,1,9,3,17,8,8,21,6,7,23,2,40,
1,6,0,2,28,8,18,8,13,10,1,5,15,24,15,18,16,9,13,15,28,24,27,12,11,3,
2,31,2,0,4,39,1,2,6,0,31,39,14,3,5,3,1,14,8,3,5,5,0,23,1,25,
3,10,28,4,0,5,23,16,24,19,2,2,32,19,17,22,18,8,17,24,30,30,27,3,17,5,
4,26,8,39,5,0,1,1,9,2,51,44,15,11,4,7,9,24,2,7,3,12,7,42,2,32,
5,8,18,1,23,1,0,18,24,17,3,1,35,42,26,25,13,16,29,24,26,29,30,4,18,4,
6,6,8,2,16,1,18,0,5,14,5,5,18,15,12,21,20,12,16,23,34,12,10,8,20,4,
7,8,13,6,24,9,24,5,0,26,3,10,15,27,27,25,21,12,31,24,22,18,14,10,22,9,
8,10,10,0,19,2,17,14,26,0,6,5,14,27,30,28,25,5,19,19,29,47,24,7,35,7,
9,21,1,31,2,51,3,5,3,6,0,47,8,9,7,0,9,19,2,4,6,6,10,48,0,36,
10,35,5,39,2,44,1,5,10,5,47,0,9,7,2,1,5,27,5,7,5,6,9,47,0,55,
11,20,15,14,32,15,35,18,15,14,8,9,0,22,11,30,10,6,16,35,28,23,19,3,7,23,
12,13,24,3,19,11,42,15,27,27,9,7,22,0,25,28,23,8,19,19,28,34,35,28,17,9,
13,1,15,5,17,4,26,12,27,30,7,2,11,25,0,28,22,12,11,19,19,35,25,13,18,4,
14,9,18,3,22,7,25,21,25,28,0,1,30,28,28,0,26,9,23,20,35,27,30,9,19,1,
15,3,16,1,18,9,13,20,21,25,9,5,10,23,22,26,0,13,20,23,20,22,19,10,27,4,
16,17,9,14,8,24,16,12,12,5,19,27,6,8,12,9,13,0,8,8,18,15,14,20,6,18,
17,8,13,8,17,2,29,16,31,19,2,5,16,19,11,23,20,8,0,18,37,17,22,3,31,1,
18,8,15,3,24,7,24,23,24,19,4,7,35,19,19,20,23,8,18,0,22,26,16,6,13,6,
19,21,28,5,30,3,26,34,22,29,6,5,28,28,19,35,20,18,37,22,0,38,24,10,19,10,
20,6,24,5,30,12,29,12,18,47,6,6,23,34,35,27,22,15,17,26,38,0,34,20,11,6,
21,7,27,0,27,7,30,10,14,24,10,9,19,35,25,30,19,14,22,16,24,34,0,10,23,6,
22,23,12,23,3,42,4,8,10,7,48,47,3,28,13,9,10,20,3,6,10,20,10,0,0,26,
23,2,11,1,17,2,18,20,22,35,0,0,7,17,18,19,27,6,31,13,19,11,23,0,0,0,
24,40,3,25,5,32,4,4,9,7,36,55,23,9,4,1,4,18,1,6,10,6,6,26,0,0,
0,0,2,4,3,3,22,48,11,8,9,7,35,6,24,12,30,11,34,24,5,6,10,12,3,11,
1,2,0,18,41,38,0,1,1,2,12,18,6,27,0,1,3,3,14,4,46,11,14,17,23,13,
2,4,18,0,28,21,1,0,1,9,29,9,6,30,2,2,0,4,15,4,37,6,28,17,50,18,
3,3,41,28,0,21,2,0,9,8,13,3,6,33,4,6,11,13,0,20,46,10,13,11,34,37,
4,3,38,21,21,0,0,0,0,6,5,20,1,14,0,2,1,1,18,0,33,6,12,17,14,25,
5,22,0,1,2,0,0,46,24,14,10,5,18,2,32,2,12,6,24,14,1,2,5,4,0,5,
6,48,1,0,0,0,46,0,33,4,7,9,56,8,32,13,20,9,32,24,2,6,6,16,3,6,
7,11,1,1,9,0,24,33,0,5,5,10,19,0,20,2,9,11,12,11,3,5,8,6,0,5,
8,8,2,9,8,6,14,4,5,0,20,9,24,14,4,10,6,11,19,9,9,7,32,11,24,16,
9,9,12,29,13,5,10,7,5,20,0,16,9,12,3,6,15,19,23,13,21,8,25,13,31,31,
10,7,18,9,3,20,5,9,10,9,16,0,30,22,5,12,20,20,32,20,22,19,20,28,13,25,
11,35,6,6,6,1,18,56,19,24,9,30,0,9,27,26,41,22,47,45,6,5,19,25,3,6,
12,6,27,30,33,14,2,8,0,14,12,22,9,0,8,6,5,3,26,9,40,11,10,10,43,20,
13,24,0,2,4,0,32,32,20,4,3,5,27,8,0,27,11,9,9,14,0,4,3,4,2,6,
14,12,1,2,6,2,2,13,2,10,6,12,26,6,27,0,10,11,9,13,6,4,7,13,2,8,
15,30,3,0,11,1,12,20,9,6,15,20,41,5,11,10,0,20,35,44,1,6,18,16,2,14,
16,11,3,4,13,1,6,9,11,11,19,20,22,3,9,11,20,0,30,22,7,4,8,11,3,19,
17,34,14,15,0,18,24,32,12,19,23,32,47,26,9,9,35,30,0,36,17,19,24,34,15,21,
18,24,4,4,20,0,14,24,11,9,13,20,45,9,14,13,44,22,36,0,5,10,24,19,3,14,
19,5,46,37,46,33,1,2,3,9,21,22,6,40,0,6,1,7,17,5,0,18,21,28,57,39,
20,6,11,6,10,6,2,6,5,7,8,19,5,11,4,4,6,4,19,10,18,0,11,21,8,15,
21,10,14,28,13,12,5,6,8,32,25,20,19,10,3,7,18,8,24,24,21,11,0,15,25,27,
22,12,17,17,11,17,4,16,6,11,13,28,25,10,4,13,16,11,34,19,28,21,15,0,17,30,
23,3,23,50,34,14,0,3,0,24,31,13,3,43,2,2,2,3,15,3,57,8,25,17,0,31,
24,11,13,18,37,25,5,6,5,16,31,25,6,20,6,8,14,19,21,14,39,15,27,30,31,0,
0,0,42,2,24,9,25,49,1,33,0,4,46,30,44,8,1,17,0,40,1,31,36,7,14,0,
1,42,0,2,24,9,20,50,2,66,0,14,60,44,53,17,9,17,3,53,3,39,53,9,22,3,
2,2,2,0,5,48,7,4,51,2,8,28,2,1,1,23,28,4,29,3,53,13,2,18,14,44,
3,24,24,5,0,10,10,27,6,33,1,11,24,34,26,16,3,23,2,24,5,23,23,7,8,3,
4,9,9,48,10,0,6,12,51,13,14,36,6,5,7,8,22,5,49,11,44,29,1,38,3,44,
5,25,20,7,10,6,0,21,6,14,7,6,19,17,22,16,6,9,1,18,4,11,24,2,8,5,
6,49,50,4,27,12,21,0,5,61,5,14,48,47,41,25,2,42,1,47,6,48,50,6,17,0,
7,1,2,51,6,51,6,5,0,1,9,24,0,0,0,23,30,12,44,2,39,16,2,21,7,62,
8,33,66,2,33,13,14,61,1,0,2,12,69,49,39,21,3,34,2,53,7,44,46,13,24,3,
9,0,0,8,1,14,7,5,9,2,0,11,0,0,1,2,4,0,3,3,8,6,0,32,13,9,
