Node/Edge,1000,9386
Step/Entity,1600,30
meet_step
0,0,4,1,12,12,7,7,9,1,2,11,9,28,2,7,6,3,4,4,0,4,16,42,7,15,7,26,17,2,2,
1,4,0,0,4,1,2,0,2,2,7,10,6,0,28,0,8,22,13,0,13,0,1,1,5,15,20,2,6,22,0,
2,1,0,0,5,22,4,9,4,20,0,0,2,9,0,7,1,0,2,35,0,25,19,6,2,0,0,1,1,3,35,
3,12,4,5,0,15,3,2,15,4,0,0,2,13,1,14,22,9,3,3,4,6,9,9,18,8,2,14,21,2,1,
4,12,1,22,15,0,4,29,3,23,0,0,2,14,0,32,0,3,5,12,0,11,20,17,7,0,0,5,2,2,9,
5,7,2,4,3,4,0,2,10,2,11,7,17,15,5,4,13,7,15,11,2,6,8,8,19,15,19,10,5,2,9,
6,7,0,9,2,29,2,0,7,38,0,0,6,14,0,17,9,0,4,9,1,17,19,11,5,0,0,7,5,1,18,
7,9,2,4,15,3,10,7,0,1,3,10,6,24,7,7,33,15,16,6,5,6,11,10,51,12,16,22,32,6,7,
8,1,2,20,4,23,2,38,1,0,0,0,7,13,0,10,3,0,2,11,0,27,27,4,2,0,0,3,3,0,23,
9,2,7,0,0,0,11,0,3,0,0,26,6,7,10,11,8,27,33,3,12,0,3,8,3,32,20,8,2,16,0,
10,11,10,0,0,0,7,0,10,0,26,0,3,1,10,2,6,15,34,0,15,0,1,6,6,20,21,10,10,18,0,
11,9,6,2,2,2,17,6,6,7,6,3,0,6,15,10,3,6,7,15,5,5,6,13,0,6,4,6,3,3,9,
12,28,0,9,13,14,15,14,24,13,7,1,6,0,2,15,15,3,5,4,0,8,28,44,13,7,6,36,15,5,10,
13,2,28,0,1,0,5,0,7,0,10,10,15,2,0,1,2,8,5,0,28,0,1,0,6,4,24,3,4,25,0,
14,7,0,7,14,32,4,17,7,10,11,2,10,15,1,0,2,2,9,11,2,15,19,14,11,10,4,16,2,2,10,
15,6,8,1,22,0,13,9,33,3,8,6,3,15,2,2,0,27,10,0,10,1,4,11,34,13,16,25,33,11,0,
16,3,22,0,9,3,7,0,15,0,27,15,6,3,8,2,27,0,33,0,10,0,1,1,21,32,21,8,22,15,0,
17,4,13,2,3,5,15,4,16,2,33,34,7,5,5,9,10,33,0,1,16,2,6,9,9,38,24,17,7,19,4,
18,4,0,35,3,12,11,9,6,11,3,0,15,4,0,11,0,0,1,0,0,23,9,7,0,2,0,4,2,0,43,
19,0,13,0,4,0,2,1,5,0,12,15,5,0,28,2,10,10,16,0,0,0,0,2,3,11,14,7,2,19,0,
20,4,0,25,6,11,6,17,6,27,0,0,5,8,0,15,1,0,2,23,0,0,6,9,0,3,0,13,2,0,23,
21,16,1,19,9,20,8,19,11,27,3,1,6,28,1,19,4,1,6,9,0,6,0,18,5,9,1,14,13,5,20,
22,42,1,6,9,17,8,11,10,4,8,6,13,44,0,14,11,1,9,7,2,9,18,0,3,17,4,40,12,2,6,
23,7,5,2,18,7,19,5,51,2,3,6,0,13,6,11,34,21,9,0,3,0,5,3,0,8,15,18,20,8,2,
24,15,15,0,8,0,15,0,12,0,32,20,6,7,4,10,13,32,38,2,11,3,9,17,8,0,18,20,14,17,1,
25,7,20,0,2,0,19,0,16,0,20,21,4,6,24,4,16,21,24,0,14,0,1,4,15,18,0,8,12,23,1,
26,26,2,1,14,5,10,7,22,3,8,10,6,36,3,16,25,8,17,4,7,13,14,40,18,20,8,0,16,5,2,
27,17,6,1,21,2,5,5,32,3,2,10,3,15,4,2,33,22,7,2,2,2,13,12,20,14,12,16,0,9,4,
28,2,22,3,2,2,2,1,6,0,16,18,3,5,25,2,11,15,19,0,19,0,5,2,8,17,23,5,9,0,0,
29,2,0,35,1,9,9,18,7,23,0,0,9,10,0,10,0,0,4,43,0,23,20,6,2,1,1,2,4,0,0,
0,0,8,9,10,20,41,1,6,0,32,21,2,19,2,7,29,1,1,5,6,20,21,42,16,2,32,22,2,0,25,
1,8,0,28,2,6,0,5,3,6,1,1,13,3,29,22,2,18,2,14,2,15,2,6,3,14,3,0,7,11,10,
2,9,28,0,11,7,0,3,2,1,6,3,5,0,25,22,3,12,3,4,2,23,2,4,6,17,6,0,1,2,2,
3,10,2,11,0,17,3,6,40,26,11,39,6,9,20,27,26,7,0,46,16,31,31,25,38,4,21,6,7,8,29,
4,20,6,7,17,0,20,4,4,1,14,17,0,9,16,17,22,1,0,32,18,28,31,32,26,1,16,19,0,0,24,
5,41,0,0,3,20,0,1,0,1,36,33,0,13,0,5,42,0,0,8,27,9,16,46,14,0,29,48,0,0,33,
6,1,5,3,6,4,1,0,7,8,0,0,10,0,6,5,0,12,14,12,1,7,1,0,5,21,1,3,18,20,1,
7,6,3,2,40,4,0,7,0,34,0,16,4,6,7,14,14,10,10,20,7,22,6,6,15,8,4,4,15,10,4,
8,0,6,1,26,1,1,8,34,0,1,12,2,4,12,15,2,17,21,15,0,20,4,1,19,17,2,6,27,25,7,
9,32,1,6,11,14,36,0,0,1,0,19,1,10,3,6,39,0,0,11,7,18,23,33,21,0,19,32,0,0,22,
10,21,1,3,39,17,33,0,16,12,19,0,0,9,4,8,25,0,0,39,21,24,15,34,30,3,37,20,9,2,43,
11,2,13,5,6,0,0,10,4,2,1,0,0,0,20,7,0,22,9,4,1,1,0,0,0,12,0,0,4,11,0,
12,19,3,0,9,9,13,0,6,4,10,9,0,0,0,6,14,0,0,13,21,5,16,20,11,0,14,18,2,0,17,
13,2,29,25,20,16,0,6,7,12,3,4,20,0,0,54,1,12,9,10,5,16,4,3,3,19,5,0,8,10,6,
14,7,22,22,27,17,5,5,14,15,6,8,7,6,54,0,10,14,4,22,11,8,9,10,10,26,5,1,3,18,11,
15,29,2,3,26,22,42,0,14,2,39,25,0,14,1,10,0,2,0,25,21,22,32,49,30,0,34,25,1,0,40,
16,1,18,12,7,1,0,12,10,17,0,0,22,0,12,14,2,0,31,5,0,2,3,0,2,26,0,2,11,39,0,
17,1,2,3,0,0,0,14,10,21,0,0,9,0,9,4,0,31,0,4,0,3,2,0,0,23,0,2,10,25,2,
18,5,14,4,46,32,8,12,20,15,11,39,4,13,10,22,25,5,4,0,22,47,22,23,35,8,22,5,6,2,21,
19,6,2,2,16,18,27,1,7,0,7,21,1,21,5,11,21,0,0,22,0,10,22,24,21,0,21,2,0,0,12,
20,20,15,23,31,28,9,7,22,20,18,24,1,5,16,8,22,2,3,47,10,0,28,20,48,6,22,19,12,1,5,
21,21,2,2,31,31,16,1,6,4,23,15,0,16,4,9,32,3,2,22,22,28,0,33,39,1,37,23,1,1,32,
22,42,6,4,25,32,46,0,6,1,33,34,0,20,3,10,49,0,0,23,24,20,33,0,25,0,55,48,1,0,38,
23,16,3,6,38,26,14,5,15,19,21,30,0,11,3,10,30,2,0,35,21,48,39,25,0,6,34,16,4,0,24,
24,2,14,17,4,1,0,21,8,17,0,3,12,0,19,26,0,26,23,8,0,6,1,0,6,0,4,2,16,31,6,
25,32,3,6,21,16,29,1,4,2,19,37,0,14,5,5,34,0,0,22,21,22,37,55,34,4,0,19,0,0,26,
26,22,0,0,6,19,48,3,4,6,32,20,0,18,0,1,25,2,2,5,2,19,23,48,16,2,19,0,2,0,22,
27,2,7,1,7,0,0,18,15,27,0,9,4,2,8,3,1,11,10,6,0,12,1,1,4,16,0,2,0,19,0,
28,0,11,2,8,0,0,20,10,25,0,2,11,0,10,18,0,39,25,2,0,1,1,0,0,31,0,0,19,0,0,
29,25,10,2,29,24,33,1,4,7,22,43,0,17,6,11,40,0,2,21,12,5,32,38,24,6,26,22,0,0,0,
0,0,0,0,38,2,0,1,0,0,0,6,0,0,40,43,0,36,70,59,53,46,2,76,31,38,0,47,42,39,0,
1,0,0,12,0,22,36,25,16,6,11,4,14,20,0,0,8,0,1,0,0,0,11,0,0,0,17,0,0,4,24,
2,0,12,0,0,18,14,28,15,19,20,26,17,10,0,0,18,0,0,0,0,1,17,0,0,0,7,0,0,5,12,
3,38,0,0,0,0,0,1,0,0,0,0,0,0,27,23,0,28,40,52,46,28,0,52,24,35,0,29,28,20,0,
4,2,22,18,0,0,37,29,28,31,15,17,11,36,0,3,30,0,0,0,0,0,8,2,1,0,14,0,0,3,38,
5,0,36,14,0,37,0,37,27,23,15,36,22,23,0,0,15,2,0,0,0,0,16,0,0,0,13,0,0,4,27,
6,1,25,28,1,29,37,0,14,17,17,8,8,29,0,0,23,1,0,0,0,1,13,0,0,0,13,0,0,15,30,
7,0,16,15,0,28,27,14,0,15,6,31,15,31,0,2,43,0,0,0,1,3,19,1,0,1,8,0,0,6,31,
8,0,6,19,0,31,23,17,15,0,31,11,5,12,0,0,13,1,0,0,0,1,5,0,0,0,19,0,0,1,9,
9,0,11,20,0,15,15,17,6,31,0,4,10,6,0,0,3,0,0,0,0,0,6,0,0,0,14,0,0,1,8,
10,6,4,26,0,17,36,8,31,11,4,0,7,25,1,5,35,2,1,0,2,3,15,10,5,1,3,4,2,1,18,
11,0,14,17,0,11,22,8,15,5,10,7,0,10,0,0,13,0,0,0,1,0,15,0,0,0,9,0,0,6,10,
12,0,20,10,0,36,23,29,31,12,6,25,10,0,0,0,58,0,0,0,1,0,28,0,0,0,9,1,0,5,28,
13,40,0,0,27,0,0,0,0,0,0,1,0,0,0,60,0,48,50,45,50,27,1,48,28,49,0,29,35,9,1,
14,43,0,0,23,3,0,0,2,0,0,5,0,0,60,0,0,61,45,54,47,35,0,45,32,63,0,34,40,16,0,
15,0,8,18,0,30,15,23,43,13,3,35,13,58,0,0,0,0,1,0,0,0,28,0,0,2,9,1,0,9,36,
16,36,0,0,28,0,2,1,0,1,0,2,0,0,48,61,0,0,58,47,31,46,4,50,31,62,0,49,25,8,0,
17,70,1,0,40,0,0,0,0,0,0,1,0,0,50,45,1,58,0,74,53,34,1,74,35,57,0,48,44,32,0,
18,59,0,0,52,0,0,0,0,0,0,0,0,0,45,54,0,47,74,0,83,41,0,64,43,60,0,69,46,35,0,
19,53,0,0,46,0,0,0,1,0,0,2,1,1,50,47,0,31,53,83,0,37,0,39,26,49,0,55,37,28,0,
20,46,0,1,28,0,0,1,3,1,0,3,0,0,27,35,0,46,34,41,37,0,2,55,44,32,0,38,40,14,4,
21,2,11,17,0,8,16,13,19,5,6,15,15,28,1,0,28,4,1,0,0,2,0,1,2,2,14,2,0,10,35,
22,76,0,0,52,2,0,0,1,0,0,10,0,0,48,45,0,50,74,64,39,55,1,0,50,46,0,62,24,38,0,
23,31,0,0,24,1,0,0,0,0,0,5,0,0,28,32,0,31,35,43,26,44,2,50,0,23,0,44,43,15,0,
24,38,0,0,35,0,0,0,1,0,0,1,0,0,49,63,2,62,57,60,49,32,2,46,23,0,0,45,38,20,1,
25,0,17,7,0,14,13,13,8,19,14,3,9,9,0,0,9,0,0,0,0,0,14,0,0,0,0,0,0,0,9,
26,47,0,0,29,0,0,0,0,0,0,4,0,1,29,34,1,49,48,69,55,38,2,62,44,45,0,0,25,27,0,
27,42,0,0,28,0,0,0,0,0,0,2,0,0,35,40,0,25,44,46,37,40,0,24,43,38,0,25,0,13,0,
28,39,4,5,20,3,4,15,6,1,1,1,6,5,9,16,9,8,32,35,28,14,10,38,15,20,0,27,13,0,6,
29,0,24,12,0,38,27,30,31,9,8,18,10,28,1,0,36,0,0,0,0,4,35,0,0,1,9,0,0,6,0,
0,0,45,23,4,15,26,1,61,24,0,0,0,29,38,0,9,78,0,0,0,0,63,0,42,0,8,1,12,0,0,
1,45,0,28,5,22,39,0,42,10,0,0,1,26,53,0,6,55,1,0,0,0,63,0,48,0,7,4,5,0,1,
2,23,28,0,7,6,41,4,12,13,1,8,0,34,29,2,11,38,11,17,0,3,24,4,18,1,10,0,0,2,8,
3,4,5,7,0,8,6,29,1,5,11,28,19,9,2,1,30,6,27,28,4,7,1,15,3,15,12,10,20,2,24,
4,15,22,6,8,0,11,4,15,23,2,2,5,11,24,0,29,23,8,5,0,1,15,0,43,3,7,1,4,0,6,
5,26,39,41,6,11,0,3,23,16,0,3,3,30,27,0,8,35,1,9,0,1,39,1,5,0,7,6,8,0,3,
6,1,0,4,29,4,3,0,2,4,15,36,24,18,1,3,18,1,26,49,4,8,1,27,2,18,21,24,29,2,49,
7,61,42,12,1,15,23,2,0,16,1,0,2,27,60,0,7,55,1,3,0,0,51,1,23,1,5,2,2,0,0,
8,24,10,13,5,23,16,4,16,0,8,7,8,18,18,0,8,26,13,13,0,3,16,5,15,0,4,4,4,0,11,
9,0,0,1,11,2,0,15,1,8,0,14,19,8,0,11,3,0,18,21,11,2,0,31,0,35,29,27,24,16,21,
10,0,0,8,28,2,3,36,0,7,14,0,14,13,0,2,20,0,25,48,4,5,0,31,0,23,13,21,23,8,36,
11,0,1,0,19,5,3,24,2,8,19,14,0,5,4,2,5,1,9,21,7,10,1,25,2,20,27,16,27,5,21,
12,29,26,34,9,11,30,18,27,18,8,13,5,0,32,4,20,34,21,20,1,5,38,9,9,0,6,3,1,0,12,
13,38,53,29,2,24,27,1,60,18,0,0,4,32,0,0,8,69,2,2,0,0,60,3,34,0,4,1,7,0,0,
14,0,0,2,1,0,0,3,0,0,11,2,2,4,0,0,6,0,7,1,21,5,0,1,0,7,4,1,7,12,3,
15,9,6,11,30,29,8,18,7,8,3,20,5,20,8,6,0,4,22,19,0,6,6,3,28,7,1,3,10,0,10,
16,78,55,38,6,23,35,1,55,26,0,0,1,34,69,0,4,0,0,4,0,0,84,3,36,0,4,2,11,0,0,
17,0,1,11,27,8,1,26,1,13,18,25,9,21,2,7,22,0,0,38,7,14,0,16,0,15,13,7,9,7,36,
18,0,0,17,28,5,9,49,3,13,21,48,21,20,2,1,19,4,38,0,9,10,1,33,1,38,21,22,36,7,42,
19,0,0,0,4,0,0,4,0,0,11,4,7,1,0,21,0,0,7,9,0,4,0,5,0,27,5,1,6,25,7,
20,0,0,3,7,1,1,8,0,3,2,5,10,5,0,5,6,0,14,10,4,0,0,3,0,3,1,4,1,5,15,
21,63,63,24,1,15,39,1,51,16,0,0,1,38,60,0,6,84,0,1,0,0,0,0,31,0,8,3,6,0,0,
22,0,0,4,15,0,1,27,1,5,31,31,25,9,3,1,3,3,16,33,5,3,0,0,1,20,28,31,33,5,36,
23,42,48,18,3,43,5,2,23,15,0,0,2,9,34,0,28,36,0,1,0,0,31,1,0,2,4,2,4,0,0,
24,0,0,1,15,3,0,18,1,0,35,23,20,0,0,7,7,0,15,38,27,3,0,20,2,0,29,19,26,25,25,
25,8,7,10,12,7,7,21,5,4,29,13,27,6,4,4,1,4,13,21,5,1,8,28,4,29,0,16,34,2,29,
26,1,4,0,10,1,6,24,2,4,27,21,16,3,1,1,3,2,7,22,1,4,3,31,2,19,16,0,24,2,15,
27,12,5,0,20,4,8,29,2,4,24,23,27,1,7,7,10,11,9,36,6,1,6,33,4,26,34,24,0,4,25,
28,0,0,2,2,0,0,2,0,0,16,8,5,0,0,12,0,0,7,7,25,5,0,5,0,25,2,2,4,0,6,
29,0,1,8,24,6,3,49,0,11,21,36,21,12,0,3,10,0,36,42,7,15,0,36,0,25,29,15,25,6,0,
0,0,19,21,2,5,16,14,1,11,24,4,15,11,6,23,7,3,26,1,3,0,12,7,3,24,0,4,1,2,11,
1,19,0,50,0,0,16,75,0,53,51,0,37,27,43,51,27,0,53,0,1,0,17,13,1,52,0,0,0,2,74,
2,21,50,0,3,1,18,51,0,59,48,0,52,30,31,63,42,0,46,0,1,0,15,20,0,54,0,0,0,1,45,
3,2,0,3,0,0,4,3,6,1,7,7,1,0,0,1,1,2,3,10,8,2,0,0,12,1,5,3,6,20,0,
4,5,0,1,0,0,2,1,51,2,6,15,5,0,3,2,1,27,1,48,12,51,0,1,5,3,0,43,16,20,2,
5,16,16,18,4,2,0,15,7,13,31,9,16,11,8,7,10,4,10,9,10,7,12,8,13,13,2,7,2,13,9,
6,14,75,51,3,1,15,0,2,86,54,2,60,37,38,63,30,0,58,0,3,2,31,31,3,53,2,0,0,1,64,
7,1,0,0,6,51,7,2,0,0,0,32,1,0,0,0,0,36,0,58,12,66,0,1,6,0,12,49,32,28,0,
8,11,53,59,1,2,13,86,0,0,34,0,45,36,36,45,29,0,51,0,0,0,21,33,0,55,0,0,0,0,58,
9,24,51,48,7,6,31,54,0,34,0,0,56,18,19,40,16,1,38,0,5,0,28,22,12,34,0,0,0,1,52,
10,4,0,0,7,15,9,2,32,0,0,0,0,0,0,0,0,43,0,41,1,38,0,0,2,0,69,29,78,8,0,
11,15,37,52,1,5,16,60,1,45,56,0,0,17,21,44,29,0,32,0,0,0,12,18,0,52,0,2,1,1,40,
12,11,27,30,0,0,11,37,0,36,18,0,17,0,21,41,32,0,33,0,0,0,14,21,0,41,0,0,0,1,37,
13,6,43,31,0,3,8,38,0,36,19,0,21,21,0,27,34,0,38,0,3,1,15,18,2,41,0,0,0,0,40,
14,23,51,63,1,2,7,63,0,45,40,0,44,41,27,0,23,0,42,0,0,0,28,29,1,61,0,0,0,0,75,
15,7,27,42,1,1,10,30,0,29,16,0,29,32,34,23,0,0,48,0,0,0,16,12,0,33,0,0,0,0,53,
16,3,0,0,2,27,4,0,36,0,1,43,0,0,0,0,0,0,0,34,5,32,0,0,3,0,37,32,51,13,1,
17,26,53,46,3,1,10,58,0,51,38,0,32,33,38,42,48,0,0,0,1,0,18,26,0,57,0,0,0,0,56,
18,1,0,0,10,48,9,0,58,0,0,41,0,0,0,0,0,34,0,0,16,78,0,0,2,0,21,55,42,25,0,
19,3,1,1,8,12,10,3,12,0,5,1,0,0,3,0,0,5,1,16,0,7,1,1,17,1,0,6,2,11,0,
20,0,0,0,2,51,7,2,66,0,0,38,0,0,1,0,0,32,0,78,7,0,0,0,3,0,21,48,39,21,0,
21,12,17,15,0,0,12,31,0,21,28,0,12,14,15,28,16,0,18,0,1,0,0,20,3,18,0,0,0,0,32,
22,7,13,20,0,1,8,31,1,33,22,0,18,21,18,29,12,0,26,0,1,0,20,0,3,33,0,0,0,0,35,
23,3,1,0,12,5,13,3,6,0,12,2,0,0,2,1,0,3,0,2,17,3,3,3,0,1,0,2,2,13,2,
24,24,52,54,1,3,13,53,0,55,34,0,52,41,41,61,33,0,57,0,1,0,18,33,1,0,0,0,0,0,73,
25,0,0,0,5,0,2,2,12,0,0,69,0,0,0,0,0,37,0,21,0,21,0,0,0,0,0,18,72,4,0,
26,4,0,0,3,43,7,0,49,0,0,29,2,0,0,0,0,32,0,55,6,48,0,0,2,0,18,0,24,21,0,
27,1,0,0,6,16,2,0,32,0,0,78,1,0,0,0,0,51,0,42,2,39,0,0,2,0,72,24,0,2,0,
28,2,2,1,20,20,13,1,28,0,1,8,1,1,0,0,0,13,0,25,11,21,0,0,13,0,4,21,2,0,0,
29,11,74,45,0,2,9,64,0,58,52,0,40,37,40,75,53,1,56,0,0,0,32,35,2,73,0,0,0,0,0,
0,0,1,0,0,0,39,0,0,41,23,2,0,1,2,11,32,38,9,14,24,0,6,0,45,1,42,10,0,19,2,
1,1,0,45,36,37,0,50,27,0,0,16,35,12,10,1,0,0,0,2,2,12,3,31,3,15,1,0,44,0,3,
2,0,45,0,49,39,0,63,31,0,0,11,40,20,3,0,0,0,0,0,2,1,0,26,0,16,0,0,54,0,0,
3,0,36,49,0,27,0,50,31,0,0,13,24,16,5,1,0,0,0,0,0,3,0,20,0,8,0,0,35,5,5,
4,0,37,39,27,0,0,24,25,0,0,15,20,17,0,0,0,0,1,0,2,3,1,14,0,17,0,0,44,0,3,
5,39,0,0,0,0,0,0,0,60,4,5,0,0,0,8,48,69,33,25,7,0,4,0,58,0,50,23,0,2,2,
6,0,50,63,50,24,0,0,33,0,0,11,59,31,4,0,0,0,0,0,1,4,0,31,0,12,0,0,34,0,0,
7,0,27,31,31,25,0,33,0,0,0,8,30,25,2,0,0,0,0,0,0,3,1,15,0,6,0,2,34,1,1,
8,41,0,0,0,0,60,0,0,0,3,1,0,0,0,2,90,72,49,26,1,0,0,0,61,0,51,38,0,0,0,
9,23,0,0,0,0,4,0,0,3,0,0,1,8,8,27,3,0,10,35,18,3,19,1,20,2,8,22,0,23,19,
10,2,16,11,13,15,5,11,8,1,0,0,16,15,1,0,0,2,4,3,7,3,1,14,1,10,4,1,10,4,1,
11,0,35,40,24,20,0,59,30,0,1,16,0,36,13,3,0,0,2,2,1,13,5,28,0,15,0,1,31,0,2,
12,1,12,20,16,17,0,31,25,0,8,15,36,0,8,0,1,0,1,0,17,8,2,15,0,11,0,1,19,4,0,
13,2,10,3,5,0,0,4,2,0,8,1,13,8,0,29,0,0,0,4,17,30,16,3,1,9,0,0,3,2,25,
14,11,1,0,1,0,8,0,0,2,27,0,3,0,29,0,1,1,15,29,13,0,41,0,8,1,6,20,0,24,32,
15,32,0,0,0,0,48,0,0,90,3,0,0,1,0,1,0,66,29,21,3,0,0,0,46,0,44,37,0,0,0,
16,38,0,0,0,0,69,0,0,72,0,2,0,0,0,1,66,0,42,26,2,0,1,0,55,0,38,38,0,2,2,
17,9,0,0,0,1,33,0,0,49,10,4,2,1,0,15,29,42,0,45,8,0,2,2,27,0,36,45,0,7,6,
18,14,2,0,0,0,25,0,0,26,35,3,2,0,4,29,21,26,45,0,15,0,4,0,15,0,32,34,0,5,7,
19,24,2,2,0,2,7,1,0,1,18,7,1,17,17,13,3,2,8,15,0,3,9,3,9,1,19,9,1,28,10,
20,0,12,1,3,3,0,4,3,0,3,3,13,8,30,0,0,0,0,0,3,0,8,12,1,13,0,2,3,7,15,
21,6,3,0,0,1,4,0,1,0,19,1,5,2,16,41,0,1,2,4,9,8,0,0,3,1,5,3,1,53,41,
22,0,31,26,20,14,0,31,15,0,1,14,28,15,3,0,0,0,2,0,3,12,0,0,0,10,0,0,25,1,0,
23,45,3,0,0,0,58,0,0,61,20,1,0,0,1,8,46,55,27,15,9,1,3,0,0,0,40,12,0,6,4,
24,1,15,16,8,17,0,12,6,0,2,10,15,11,9,1,0,0,0,0,1,13,1,10,0,0,0,0,17,1,2,
25,42,1,0,0,0,50,0,0,51,8,4,0,0,0,6,44,38,36,32,19,0,5,0,40,0,0,9,0,2,2,
26,10,0,0,0,0,23,0,2,38,22,1,1,1,0,20,37,38,45,34,9,2,3,0,12,0,9,0,0,3,3,
27,0,44,54,35,44,0,34,34,0,0,10,31,19,3,0,0,0,0,0,1,3,1,25,0,17,0,0,0,0,2,
28,19,0,0,5,0,2,0,1,0,23,4,0,4,2,24,0,2,7,5,28,7,53,1,6,1,2,3,0,0,45,
29,2,3,0,5,3,2,0,1,0,19,1,2,0,25,32,0,2,6,7,10,15,41,0,4,2,2,3,2,45,0,
0,0,4,1,12,2,1,9,0,8,1,18,6,8,4,6,6,13,3,5,6,0,10,1,7,7,9,8,6,5,2,
1,4,0,1,1,21,2,0,3,0,40,0,4,71,1,33,54,1,42,1,53,0,2,12,0,28,1,17,51,5,24,
2,1,1,0,0,22,27,0,60,0,4,0,0,0,0,3,3,0,1,0,0,71,0,0,0,0,0,21,1,0,18,
3,12,1,0,0,0,0,41,0,18,1,42,14,3,38,1,2,36,2,28,2,0,38,34,54,2,44,1,1,26,1,
4,2,21,22,0,0,26,0,23,0,25,0,5,21,0,8,9,0,9,0,17,29,1,3,0,2,0,35,14,7,14,
5,1,2,27,0,26,0,0,47,0,1,0,0,3,0,3,0,0,3,0,3,49,0,5,0,1,0,21,0,0,9,
6,9,0,0,41,0,0,0,0,18,0,34,18,0,33,3,7,29,2,35,0,0,34,39,34,0,37,0,1,22,0,
7,0,3,60,0,23,47,0,0,0,3,0,0,1,0,2,1,0,1,0,3,75,0,0,0,1,0,29,1,1,20,
8,8,0,0,18,0,0,18,0,0,0,21,14,2,17,2,2,20,0,11,2,0,25,20,21,0,16,0,0,21,0,
9,1,40,4,1,25,1,0,3,0,0,1,3,52,0,25,27,0,27,6,46,2,1,9,0,22,0,15,34,3,19,
10,18,0,0,42,0,0,34,0,21,1,0,18,1,35,2,0,26,2,33,0,0,36,16,32,0,45,0,1,29,0,
11,6,4,0,14,5,0,18,0,14,3,18,0,5,13,7,5,16,8,8,4,0,12,12,14,4,25,1,5,17,1,
12,8,71,0,3,21,3,0,1,2,52,1,5,0,0,43,50,0,42,0,45,0,0,14,0,31,1,20,26,8,18,
13,4,1,0,38,0,0,33,0,17,0,35,13,0,0,3,2,37,3,30,0,0,41,36,43,0,34,0,9,25,0,
14,6,33,3,1,8,3,3,2,2,25,2,7,43,3,0,26,2,32,3,37,1,3,10,2,18,2,14,26,1,12,
15,6,54,3,2,9,0,7,1,2,27,0,5,50,2,26,0,5,62,4,37,1,4,19,4,22,2,9,37,7,31,
16,13,1,0,36,0,0,29,0,20,0,26,16,0,37,2,5,0,0,35,0,0,33,40,45,0,33,0,0,19,0,
17,3,42,1,2,9,3,2,1,0,27,2,8,42,3,32,62,0,0,4,41,0,1,8,2,11,1,14,40,2,19,
18,5,1,0,28,0,0,35,0,11,6,33,8,0,30,3,4,35,4,0,1,0,22,26,25,3,13,0,2,17,0,
19,6,53,0,2,17,3,0,3,2,46,0,4,45,0,37,37,0,41,1,0,0,2,10,1,24,0,22,31,6,16,
20,0,0,71,0,29,49,0,75,0,2,0,0,0,0,1,1,0,0,0,0,0,0,0,0,0,0,34,0,0,16,
21,10,2,0,38,1,0,34,0,25,1,36,12,0,41,3,4,33,1,22,2,0,0,30,58,1,38,0,0,18,0,
22,1,12,0,34,3,5,39,0,20,9,16,12,14,36,10,19,40,8,26,10,0,30,0,56,5,38,0,14,16,4,
23,7,0,0,54,0,0,34,0,21,0,32,14,0,43,2,4,45,2,25,1,0,58,56,0,1,41,0,0,11,0,
24,7,28,0,2,2,1,0,1,0,22,0,4,31,0,18,22,0,11,3,24,0,1,5,1,0,2,6,20,5,13,
25,9,1,0,44,0,0,37,0,16,0,45,25,1,34,2,2,33,1,13,0,0,38,38,41,2,0,0,0,23,0,
26,8,17,21,1,35,21,0,29,0,15,0,1,20,0,14,9,0,14,0,22,34,0,0,0,6,0,0,15,4,9,
27,6,51,1,1,14,0,1,1,0,34,1,5,26,9,26,37,0,40,2,31,0,0,14,0,20,0,15,0,6,24,
28,5,5,0,26,7,0,22,1,21,3,29,17,8,25,1,7,19,2,17,6,0,18,16,11,5,23,4,6,0,0,
29,2,24,18,1,14,9,0,20,0,19,0,1,18,0,12,31,0,19,0,16,16,0,4,0,13,0,9,24,0,0,
0,0,56,15,0,68,32,49,21,44,37,54,0,0,0,7,56,56,8,15,48,6,5,0,1,26,18,1,0,7,0,
1,56,0,7,0,49,45,51,11,41,31,33,1,0,0,5,41,44,0,12,46,8,2,0,2,15,11,5,1,2,0,
2,15,7,0,9,6,1,3,3,5,9,7,5,9,1,7,6,6,35,18,10,25,45,7,8,22,15,60,18,9,7,
3,0,0,9,0,0,0,0,0,0,0,0,27,32,14,21,0,0,3,14,0,19,4,54,64,4,22,3,26,11,38,
4,68,49,6,0,0,61,65,22,58,53,41,1,0,0,5,58,62,4,8,52,3,5,0,0,20,11,4,1,4,0,
5,32,45,1,0,61,0,63,16,53,38,15,0,0,0,10,50,51,3,5,41,3,4,0,0,29,15,8,1,3,0,
6,49,51,3,0,65,63,0,11,63,35,16,0,0,0,7,52,37,7,9,56,4,2,0,0,39,20,7,2,9,0,
7,21,11,3,0,22,16,11,0,11,12,68,0,0,0,0,13,18,5,5,10,1,4,0,1,3,1,1,1,1,0,
8,44,41,5,0,58,53,63,11,0,50,28,2,0,0,7,30,41,5,3,34,3,2,0,0,9,7,3,2,4,0,
9,37,31,9,0,53,38,35,12,50,0,14,1,0,0,3,40,31,18,5,46,1,24,0,0,21,10,17,6,4,0,
10,54,33,7,0,41,15,16,68,28,14,0,0,0,0,2,21,32,8,10,24,0,4,0,2,8,0,1,0,0,0,
11,0,1,5,27,1,0,0,0,2,1,0,0,11,9,21,2,0,9,15,2,14,9,42,27,0,22,10,9,17,20,
12,0,0,9,32,0,0,0,0,0,0,0,11,0,22,6,0,0,3,11,0,9,6,28,36,0,6,1,31,11,30,
13,0,0,1,14,0,0,0,0,0,0,0,9,22,0,6,0,0,0,6,0,6,2,20,15,1,6,0,6,12,16,
14,7,5,7,21,5,10,7,0,7,3,2,21,6,6,0,9,4,9,11,3,25,14,30,20,8,29,14,8,16,16,
15,56,41,6,0,58,50,52,13,30,40,21,2,0,0,9,0,45,10,11,49,3,0,0,3,19,9,4,0,5,0,
16,56,44,6,0,62,51,37,18,41,31,32,0,0,0,4,45,0,1,3,63,5,6,0,0,21,2,4,1,10,0,
17,8,0,35,3,4,3,7,5,5,18,8,9,3,0,9,10,1,0,30,4,19,41,4,1,27,9,59,10,3,4,
18,15,12,18,14,8,5,9,5,3,5,10,15,11,6,11,11,3,30,0,6,34,25,13,14,9,10,31,7,8,9,
19,48,46,10,0,52,41,56,10,34,46,24,2,0,0,3,49,63,4,6,0,1,2,0,0,19,7,5,0,7,1,
20,6,8,25,19,3,3,4,1,3,1,0,14,9,6,25,3,5,19,34,1,0,16,22,12,7,25,48,2,13,10,
21,5,2,45,4,5,4,2,4,2,24,4,9,6,2,14,0,6,41,25,2,16,0,7,9,19,5,70,26,8,2,
22,0,0,7,54,0,0,0,0,0,0,0,42,28,20,30,0,0,4,13,0,22,7,0,80,3,30,1,28,36,57,
23,1,2,8,64,0,0,0,1,0,0,2,27,36,15,20,3,0,1,14,0,12,9,80,0,1,22,0,40,22,51,
24,26,15,22,4,20,29,39,3,9,21,8,0,0,1,8,19,21,27,9,19,7,19,3,1,0,16,7,4,14,2,
25,18,11,15,22,11,15,20,1,7,10,0,22,6,6,29,9,2,9,10,7,25,5,30,22,16,0,21,2,16,11,
26,1,5,60,3,4,8,7,1,3,17,1,10,1,0,14,4,4,59,31,5,48,70,1,0,7,21,0,23,9,2,
27,0,1,18,26,1,1,2,1,2,6,0,9,31,6,8,0,1,10,7,0,2,26,28,40,4,2,23,0,14,28,
28,7,2,9,11,4,3,9,1,4,4,0,17,11,12,16,5,10,3,8,7,13,8,36,22,14,16,9,14,0,30,
29,0,0,7,38,0,0,0,0,0,0,0,20,30,16,16,0,0,4,9,1,10,2,57,51,2,11,2,28,30,0,
0,0,0,12,7,14,16,21,10,11,25,3,25,0,47,15,20,24,0,19,36,2,0,16,1,4,10,0,20,14,10,
1,0,0,0,0,0,0,0,0,0,0,0,0,51,0,0,0,0,51,0,0,3,54,0,2,0,0,38,0,0,0,
2,12,0,0,58,20,42,24,35,25,32,32,25,0,33,22,21,30,0,10,36,30,0,28,14,27,51,0,17,43,24,
3,7,0,58,0,24,49,19,35,37,26,29,32,0,22,42,11,39,0,10,23,33,0,32,30,32,30,0,32,43,30,
4,14,0,20,24,0,27,14,13,14,37,13,23,0,8,16,23,38,0,9,16,13,0,24,11,14,14,0,37,14,54,
5,16,0,42,49,27,0,14,28,32,23,11,30,0,17,10,18,43,0,29,14,10,0,24,19,10,21,0,27,17,43,
6,21,0,24,19,14,14,0,23,27,18,17,19,0,40,6,6,2,0,9,37,9,0,4,5,5,26,0,11,9,6,
7,10,0,35,35,13,28,23,0,27,24,23,26,0,28,10,6,11,0,11,26,18,0,7,6,10,28,0,16,20,13,
8,11,0,25,37,14,32,27,27,0,15,21,8,0,17,16,18,16,0,8,22,20,0,20,23,11,15,0,20,18,32,
9,25,0,32,26,37,23,18,24,15,0,21,63,0,41,2,10,24,1,13,32,15,0,8,12,17,24,1,23,24,30,
10,3,0,32,29,13,11,17,23,21,21,0,19,0,21,9,11,11,0,13,23,16,0,15,17,9,21,0,22,15,10,
11,25,0,25,32,23,30,19,26,8,63,19,0,0,48,3,9,26,0,14,32,7,0,7,14,14,26,0,21,27,18,
12,0,51,0,0,0,0,0,0,0,0,0,0,0,0,0,0,0,45,0,0,2,80,0,0,0,0,39,0,0,0,
13,47,0,33,22,8,17,40,28,17,41,21,48,0,0,11,8,15,0,20,61,8,0,9,2,3,26,0,13,20,5,
14,15,0,22,42,16,10,6,10,16,2,9,3,0,11,0,23,37,0,11,9,15,0,26,25,24,1,0,32,19,21,
15,20,0,21,11,23,18,6,6,18,10,11,9,0,8,23,0,31,0,21,15,11,0,31,1,9,5,0,25,10,21,
16,24,0,30,39,38,43,2,11,16,24,11,26,0,15,37,31,0,0,18,12,11,0,31,21,19,9,0,38,10,33,
17,0,51,0,0,0,0,0,0,0,1,0,0,45,0,0,0,0,0,0,0,1,57,0,0,0,0,51,0,0,0,
18,19,0,10,10,9,29,9,11,8,13,13,14,0,20,11,21,18,0,0,22,4,0,19,10,5,6,0,14,10,17,
19,36,0,36,23,16,14,37,26,22,32,23,32,0,61,9,15,12,0,22,0,1,0,14,7,6,16,0,25,15,8,
20,2,3,30,33,13,10,9,18,20,15,16,7,2,8,15,11,11,1,4,1,0,1,9,28,16,5,1,16,5,15,
21,0,54,0,0,0,0,0,0,0,0,0,0,80,0,0,0,0,57,0,0,1,0,0,1,0,0,38,0,2,0,
22,16,0,28,32,24,24,4,7,20,8,15,7,0,9,26,31,31,0,19,14,9,0,0,12,19,7,0,40,24,22,
23,1,2,14,30,11,19,5,6,23,12,17,14,0,2,25,1,21,0,10,7,28,1,12,0,17,9,2,20,15,22,
24,4,0,27,32,14,10,5,10,11,17,9,14,0,3,24,9,19,0,5,6,16,0,19,17,0,15,0,16,23,18,
25,10,0,51,30,14,21,26,28,15,24,21,26,0,26,1,5,9,0,6,16,5,0,7,9,15,0,0,7,20,12,
26,0,38,0,0,0,0,0,0,0,1,0,0,39,0,0,0,0,51,0,0,1,38,0,2,0,0,0,0,0,0,
27,20,0,17,32,37,27,11,16,20,23,22,21,0,13,32,25,38,0,14,25,16,0,40,20,16,7,0,0,7,41,
28,14,0,43,43,14,17,9,20,18,24,15,27,0,20,19,10,10,0,10,15,5,2,24,15,23,20,0,7,0,15,
29,10,0,24,30,54,43,6,13,32,30,10,18,0,5,21,21,33,0,17,8,15,0,22,22,18,12,0,41,15,0,
0,0,10,3,0,0,19,20,18,0,16,9,31,13,3,2,14,7,6,4,5,22,30,19,23,0,25,19,34,19,21,
1,10,0,1,0,1,25,14,18,0,15,9,5,10,0,2,18,30,4,4,15,13,18,9,17,0,17,7,31,15,18,
2,3,1,0,0,4,4,4,13,0,12,5,4,8,10,5,8,8,7,5,5,3,2,4,11,11,6,10,11,5,6,
3,0,0,0,0,14,0,0,0,23,0,0,0,0,2,5,0,0,0,3,0,0,0,2,0,11,0,0,0,0,0,
4,0,1,4,14,0,0,2,3,8,2,0,0,6,8,8,0,2,6,7,1,3,0,4,0,6,2,1,1,1,0,
5,19,25,4,0,0,0,18,23,1,18,8,13,11,3,1,14,31,4,2,14,10,22,14,18,0,40,14,30,11,7,
6,20,14,4,0,2,18,0,24,0,17,17,17,32,3,3,27,21,8,6,8,12,14,30,27,0,29,12,12,29,13,
7,18,18,13,0,3,23,24,0,0,14,16,21,16,4,2,14,22,7,6,9,28,24,18,19,0,31,9,23,30,19,
8,0,0,0,23,8,1,0,0,0,0,0,0,0,0,6,0,0,0,1,0,0,0,0,0,28,0,0,0,0,0,
9,16,15,12,0,2,18,17,14,0,0,15,12,15,4,6,8,20,6,9,10,20,14,14,9,0,25,12,23,15,15,
10,9,9,5,0,0,8,17,16,0,15,0,16,7,1,0,10,18,4,7,13,9,15,5,10,0,8,12,12,17,14,
11,31,5,4,0,0,13,17,21,0,12,16,0,9,2,1,13,14,2,5,11,16,20,12,11,0,22,18,18,17,6,
12,13,10,8,0,6,11,32,16,0,15,7,9,0,1,6,23,6,22,17,2,25,7,7,9,0,14,15,3,13,7,
13,3,0,10,2,8,3,3,4,0,4,1,2,1,0,20,4,3,21,22,2,1,2,6,1,1,3,4,1,3,3,
14,2,2,5,5,8,1,3,2,6,6,0,1,6,20,0,2,5,28,35,0,2,2,7,1,0,0,3,0,6,2,
15,14,18,8,0,0,14,27,14,0,8,10,13,23,4,2,0,18,8,14,10,19,18,14,5,0,17,19,14,25,24,
16,7,30,8,0,2,31,21,22,0,20,18,14,6,3,5,18,0,12,9,14,17,17,9,17,0,27,21,29,15,21,
17,6,4,7,0,6,4,8,7,0,6,4,2,22,21,28,8,12,0,34,0,16,5,8,8,0,3,6,8,6,5,
18,4,4,5,3,7,2,6,6,1,9,7,5,17,22,35,14,9,34,0,3,13,10,8,2,0,6,8,10,4,6,
19,5,15,5,0,1,14,8,9,0,10,13,11,2,2,0,10,14,0,3,0,13,10,5,9,0,6,8,9,9,20,
20,22,13,3,0,3,10,12,28,0,20,9,16,25,1,2,19,17,16,13,13,0,26,11,22,0,19,13,13,12,13,
21,30,18,2,0,0,22,14,24,0,14,15,20,7,2,2,18,17,5,10,10,26,0,16,16,0,24,20,19,28,15,
22,19,9,4,2,4,14,30,18,0,14,5,12,7,6,7,14,9,8,8,5,11,16,0,11,0,27,21,23,17,13,
23,23,17,11,0,0,18,27,19,0,9,10,11,9,1,1,5,17,8,2,9,22,16,11,0,0,27,12,26,12,10,
24,0,0,11,11,6,0,0,0,28,0,0,0,0,1,0,0,0,0,0,0,0,0,0,0,0,0,0,0,0,0,
25,25,17,6,0,2,40,29,31,0,25,8,22,14,3,0,17,27,3,6,6,19,24,27,27,0,0,31,27,25,17,
26,19,7,10,0,1,14,12,9,0,12,12,18,15,4,3,19,21,6,8,8,13,20,21,12,0,31,0,15,19,8,
27,34,31,11,0,1,30,12,23,0,23,12,18,3,1,0,14,29,8,10,9,13,19,23,26,0,27,15,0,25,12,
28,19,15,5,0,1,11,29,30,0,15,17,17,13,3,6,25,15,6,4,9,12,28,17,12,0,25,19,25,0,27,
29,21,18,6,0,0,7,13,19,0,15,14,6,7,3,2,24,21,5,6,20,13,15,13,10,0,17,8,12,27,0,
0,0,10,19,27,7,28,14,14,0,18,15,0,14,7,12,16,15,5,0,30,11,6,1,14,0,24,7,1,16,1,
1,10,0,33,26,21,38,31,34,1,32,51,0,19,6,18,7,43,23,3,32,13,6,0,42,4,17,7,2,18,5,
2,19,33,0,28,22,33,22,21,1,19,46,5,24,3,17,9,24,13,2,45,11,9,12,39,8,21,5,4,22,6,
3,27,26,28,0,15,33,31,29,0,21,44,0,23,2,19,22,28,18,3,46,12,9,0,38,0,14,12,0,20,7,
4,7,21,22,15,0,31,32,1,1,15,25,1,17,11,12,2,23,5,0,30,14,5,0,20,2,25,2,1,17,5,
5,28,38,33,33,31,0,42,22,5,19,39,1,14,6,21,6,49,17,1,64,15,8,0,31,3,18,9,3,21,11,
6,14,31,22,31,32,42,0,25,0,18,52,1,25,13,16,17,43,37,7,30,23,10,0,31,0,25,5,0,26,4,
7,14,34,21,29,1,22,25,0,0,26,37,2,8,10,7,31,8,29,3,26,6,17,2,13,1,6,8,1,6,10,
8,0,1,1,0,1,5,0,0,0,1,4,58,4,0,2,0,1,2,29,0,0,44,52,2,64,0,0,50,22,20,
9,18,32,19,21,15,19,18,26,1,0,46,1,11,15,3,19,21,21,4,13,6,4,0,16,4,2,17,0,5,15,
10,15,51,46,44,25,39,52,37,4,46,0,5,19,4,18,26,15,28,4,49,15,7,0,54,1,11,7,2,23,9,
11,0,0,5,0,1,1,1,2,58,1,5,0,4,0,2,1,0,7,24,0,0,39,40,2,41,5,1,41,18,23,
12,14,19,24,23,17,14,25,8,4,11,19,4,0,12,11,4,25,15,0,23,11,6,2,18,3,16,11,4,16,1,
13,7,6,3,2,11,6,13,10,0,15,4,0,12,0,18,49,45,8,0,14,47,0,0,7,0,31,40,0,3,3,
14,12,18,17,19,12,21,16,7,2,3,18,2,11,18,0,7,26,5,0,25,9,2,2,20,4,12,10,1,12,2,
15,16,7,9,22,2,6,17,31,0,19,26,1,4,49,7,0,27,27,3,12,36,3,0,7,0,16,26,0,3,8,
16,15,43,24,28,23,49,43,8,1,21,15,0,25,45,26,27,0,13,0,31,37,1,0,23,0,40,21,1,22,0,
17,5,23,13,18,5,17,37,29,2,21,28,7,15,8,5,27,13,0,7,21,17,11,0,12,5,18,7,4,11,9,
18,0,3,2,3,0,1,7,3,29,4,4,24,0,0,0,3,0,7,0,0,0,9,48,3,29,0,0,35,8,38,
19,30,32,45,46,30,64,30,26,0,13,49,0,23,14,25,12,31,21,0,0,20,7,0,46,1,33,11,2,29,11,
20,11,13,11,12,14,15,23,6,0,6,15,0,11,47,9,36,37,17,0,20,0,9,2,16,0,29,26,0,9,9,
21,6,6,9,9,5,8,10,17,44,4,7,39,6,0,2,3,1,11,9,7,9,0,37,5,47,7,3,38,16,17,
22,1,0,12,0,0,0,0,2,52,0,0,40,2,0,2,0,0,0,48,0,2,37,0,2,56,0,0,30,14,39,
23,14,42,39,38,20,31,31,13,2,16,54,2,18,7,20,7,23,12,3,46,16,5,2,0,3,21,10,2,33,5,
24,0,4,8,0,2,3,0,1,64,4,1,41,3,0,4,0,0,5,29,1,0,47,56,3,0,1,0,43,19,30,
25,24,17,21,14,25,18,25,6,0,2,11,5,16,31,12,16,40,18,0,33,29,7,0,21,1,0,15,3,14,2,
26,7,7,5,12,2,9,5,8,0,17,7,1,11,40,10,26,21,7,0,11,26,3,0,10,0,15,0,1,9,3,
27,1,2,4,0,1,3,0,1,50,0,2,41,4,0,1,0,1,4,35,2,0,38,30,2,43,3,1,0,10,18,
28,16,18,22,20,17,21,26,6,22,5,23,18,16,3,12,3,22,11,8,29,9,16,14,33,19,14,9,10,0,1,
29,1,5,6,7,5,11,4,10,20,15,9,23,1,3,2,8,0,9,38,11,9,17,39,5,30,2,3,18,1,0,
0,0,4,7,19,2,1,16,3,1,2,15,8,9,3,21,14,1,0,8,19,2,16,4,1,5,14,13,0,2,6,
1,4,0,20,2,14,1,7,22,12,8,32,21,31,9,0,19,31,10,6,1,27,6,7,9,25,2,0,27,8,29,
2,7,20,0,0,22,3,5,27,27,18,27,16,16,16,0,21,3,0,7,7,20,2,18,14,24,0,1,1,14,19,
3,19,2,0,0,5,0,12,7,3,3,11,2,3,4,35,11,0,0,27,25,5,34,2,4,2,23,11,1,3,6,
4,2,14,22,5,0,20,5,19,26,15,11,23,16,32,0,6,6,3,1,3,29,1,15,27,15,0,1,1,23,24,
5,1,1,3,0,20,0,1,6,3,4,8,2,8,15,0,5,8,59,1,0,9,0,4,8,9,0,0,15,13,1,
6,16,7,5,12,5,1,0,14,3,9,10,5,10,8,10,7,1,0,3,14,11,5,6,3,8,2,12,1,7,9,
7,3,22,27,7,19,6,14,0,40,32,57,36,39,22,5,29,3,1,21,4,26,4,30,25,48,1,2,3,20,41,
8,1,12,27,3,26,3,3,40,0,20,31,8,25,5,1,13,0,0,11,3,19,1,40,22,20,3,2,6,22,17,
9,2,8,18,3,15,4,9,32,20,0,37,26,21,14,3,12,0,0,7,2,18,1,15,21,29,0,1,1,14,26,
10,15,32,27,11,11,8,10,57,31,37,0,38,39,21,7,24,0,0,22,8,30,6,29,26,35,5,2,0,20,28,
11,8,21,16,2,23,2,5,36,8,26,38,0,35,40,2,30,3,1,6,2,29,4,12,21,41,0,2,0,11,41,
12,9,31,16,3,16,8,10,39,25,21,39,35,0,20,3,30,3,1,4,3,27,3,12,23,33,2,0,4,3,33,
13,3,9,16,4,32,15,8,22,5,14,21,40,20,0,3,9,2,0,5,1,23,4,4,11,20,1,2,2,12,14,
14,21,0,0,35,0,0,10,5,1,3,7,2,3,3,0,11,0,0,24,39,3,21,5,2,1,21,19,0,3,3,
15,14,19,21,11,6,5,7,29,13,12,24,30,30,9,11,0,0,0,8,8,19,3,16,9,15,4,3,0,14,17,
16,1,31,3,0,6,8,1,3,0,0,0,3,3,2,0,0,0,30,0,0,0,0,0,1,0,0,0,45,8,3,
17,0,10,0,0,3,59,0,1,0,0,0,1,1,0,0,0,30,0,0,0,0,0,1,1,1,0,0,59,0,0,
18,8,6,7,27,1,1,3,21,11,7,22,6,4,5,24,8,0,0,0,25,13,28,11,15,8,7,10,0,4,10,
19,19,1,7,25,3,0,14,4,3,2,8,2,3,1,39,8,0,0,25,0,2,20,2,7,1,18,21,0,4,5,
20,2,27,20,5,29,9,11,26,19,18,30,29,27,23,3,19,0,0,13,2,0,6,24,29,33,0,4,0,18,28,
21,16,6,2,34,1,0,5,4,1,1,6,4,3,4,21,3,0,0,28,20,6,0,2,5,1,14,19,0,0,6,
22,4,7,18,2,15,4,6,30,40,15,29,12,12,4,5,16,0,1,11,2,24,2,0,26,21,0,3,2,35,23,
23,1,9,14,4,27,8,3,25,22,21,26,21,23,11,2,9,1,1,15,7,29,5,26,0,18,1,1,2,26,29,
24,5,25,24,2,15,9,8,48,20,29,35,41,33,20,1,15,0,1,8,1,33,1,21,18,0,1,3,2,1,34,
25,14,2,0,23,0,0,2,1,3,0,5,0,2,1,21,4,0,0,7,18,0,14,0,1,1,0,14,0,0,1,
26,13,0,1,11,1,0,12,2,2,1,2,2,0,2,19,3,0,0,10,21,4,19,3,1,3,14,0,0,1,5,
27,0,27,1,1,1,15,1,3,6,1,0,0,4,2,0,0,45,59,0,0,0,0,2,2,2,0,0,0,1,5,
28,2,8,14,3,23,13,7,20,22,14,20,11,3,12,3,14,8,0,4,4,18,0,35,26,1,0,1,1,0,19,
29,6,29,19,6,24,1,9,41,17,26,28,41,33,14,3,17,3,0,10,5,28,6,23,29,34,1,5,5,19,0,
0,0,9,19,0,0,8,0,25,2,7,41,0,4,6,3,44,2,3,2,27,1,12,30,0,3,23,32,1,0,14,
1,9,0,21,0,2,2,2,13,0,1,10,0,1,33,2,15,2,0,6,14,19,10,10,2,1,6,7,15,9,3,
2,19,21,0,0,22,10,6,33,3,1,27,0,0,15,4,13,3,6,2,35,10,19,17,4,2,13,23,4,4,0,
3,0,0,0,0,16,10,23,1,15,18,0,15,33,0,23,2,30,21,32,4,0,8,1,0,28,5,0,0,0,13,
4,0,2,22,16,0,17,29,14,17,9,8,20,20,0,23,9,25,10,28,17,0,20,6,0,22,11,13,0,0,14,
5,8,2,10,10,17,0,13,7,17,11,23,9,18,6,18,16,8,3,8,14,0,28,17,0,12,6,13,1,0,11,
6,0,2,6,23,29,13,0,4,12,14,2,35,26,0,20,0,24,25,34,1,0,14,2,0,25,8,1,0,0,25,
7,25,13,33,1,14,7,4,0,2,7,28,1,2,3,2,39,3,0,8,30,2,29,19,2,1,23,25,2,2,6,
8,2,0,3,15,17,17,12,2,0,22,7,20,19,0,25,1,18,29,18,2,0,19,1,0,27,6,4,0,0,26,
9,7,1,1,18,9,11,14,7,22,0,6,18,24,1,7,6,12,21,17,11,0,16,14,0,15,3,7,0,0,15,
10,41,10,27,0,8,23,2,28,7,6,0,4,0,13,10,45,1,9,8,27,2,17,44,0,6,44,38,6,0,23,
11,0,0,0,15,20,9,35,1,20,18,4,0,12,0,8,0,23,23,20,3,0,14,0,0,14,9,1,0,0,14,
12,4,1,0,33,20,18,26,2,19,24,0,12,0,0,19,0,23,28,40,3,0,14,0,0,32,17,6,0,0,22,
13,6,33,15,0,0,6,0,3,0,1,13,0,0,0,1,10,0,1,2,3,13,2,9,14,0,7,7,5,0,4,
14,3,2,4,23,23,18,20,2,25,7,10,8,19,1,0,8,17,10,19,7,0,29,3,1,15,2,6,2,0,15,
15,44,15,13,2,9,16,0,39,1,6,45,0,0,10,8,0,0,4,1,28,3,21,40,0,3,34,37,3,0,12,
16,2,2,3,30,25,8,24,3,18,12,1,23,23,0,17,0,0,16,16,5,0,15,0,0,27,12,2,0,0,12,
17,3,0,6,21,10,3,25,0,29,21,9,23,28,1,10,4,16,0,31,2,0,9,1,0,22,16,5,0,0,25,
18,2,6,2,32,28,8,34,8,18,17,8,20,40,2,19,1,16,31,0,2,0,30,0,0,22,18,6,0,0,33,
19,27,14,35,4,17,14,1,30,2,11,27,3,3,3,7,28,5,2,2,0,1,41,21,0,3,21,35,0,0,1,
20,1,19,10,0,0,0,0,2,0,0,2,0,0,13,0,3,0,0,0,1,0,0,4,64,0,2,2,61,61,0,
21,12,10,19,8,20,28,14,29,19,16,17,14,14,2,29,21,15,9,30,41,0,0,23,0,13,16,24,0,0,10,
22,30,10,17,1,6,17,2,19,1,14,44,0,0,9,3,40,0,1,0,21,4,23,0,1,1,32,21,1,1,13,
23,0,2,4,0,0,0,0,2,0,0,0,0,0,14,1,0,0,0,0,0,64,0,1,0,0,0,0,83,94,0,
24,3,1,2,28,22,12,25,1,27,15,6,14,32,0,15,3,27,22,22,3,0,13,1,0,0,4,3,0,0,18,
25,23,6,13,5,11,6,8,23,6,3,44,9,17,7,2,34,12,16,18,21,2,16,32,0,4,0,36,0,0,25,
26,32,7,23,0,13,13,1,25,4,7,38,1,6,7,6,37,2,5,6,35,2,24,21,0,3,36,0,0,0,2,
27,1,15,4,0,0,1,0,2,0,0,6,0,0,5,2,3,0,0,0,0,61,0,1,83,0,0,0,0,70,2,
28,0,9,4,0,0,0,0,2,0,0,0,0,0,0,0,0,0,0,0,0,61,0,1,94,0,0,0,70,0,0,
29,14,3,0,13,14,11,25,6,26,15,23,14,22,4,15,12,12,25,33,1,0,10,13,0,18,25,2,2,0,0,
0,0,46,17,20,9,16,16,7,35,18,4,1,14,6,17,16,28,33,0,2,30,42,23,3,22,32,13,24,10,23,
1,46,0,7,17,3,7,11,8,42,16,4,5,7,5,5,18,14,15,0,0,16,16,18,1,7,21,2,35,9,14,
2,17,7,0,14,14,23,17,15,1,9,22,34,20,27,17,5,6,8,11,17,19,31,16,7,14,2,15,1,17,27,
3,20,17,14,0,6,14,11,13,15,12,9,7,16,19,8,11,8,18,0,0,17,28,6,5,15,3,29,7,9,23,
4,9,3,14,6,0,26,15,20,2,14,12,10,10,29,25,1,8,19,4,0,14,16,6,2,16,2,18,3,22,20,
5,16,7,23,14,26,0,24,36,9,29,17,13,15,21,44,2,7,38,0,0,36,41,19,0,44,15,21,7,31,49,
6,16,11,17,11,15,24,0,27,6,27,8,7,9,11,12,7,14,13,2,2,12,27,12,0,21,7,21,9,28,32,
7,7,8,15,13,20,36,27,0,7,24,24,7,8,23,27,0,11,36,6,1,15,24,19,4,39,3,32,4,20,41,
8,35,42,1,15,2,9,6,7,0,14,4,3,2,9,11,26,16,24,1,0,14,10,24,5,5,36,9,47,7,10,
9,18,16,9,12,14,29,27,24,14,0,10,6,3,24,28,13,8,20,0,0,14,25,21,3,35,5,22,6,25,27,
10,4,4,22,9,12,17,8,24,4,10,0,36,38,33,13,1,3,12,8,6,14,20,6,6,22,15,20,1,22,37,
11,1,5,34,7,10,13,7,7,3,6,36,0,13,27,11,1,0,10,33,28,11,22,4,29,15,2,16,2,15,35,
12,14,7,20,16,10,15,9,8,2,3,38,13,0,11,13,4,9,9,4,3,16,32,19,4,19,10,17,7,8,20,
13,6,5,27,19,29,21,11,23,9,24,33,27,11,0,25,0,7,14,0,0,13,39,8,9,32,5,49,3,37,48,
14,17,5,17,8,25,44,12,27,11,28,13,11,13,25,0,4,12,19,4,2,33,21,28,2,23,6,36,11,26,34,
15,16,18,5,11,1,2,7,0,26,13,1,1,4,0,4,0,15,6,0,0,10,6,1,1,6,12,1,34,2,3,
16,28,14,6,8,8,7,14,11,16,8,3,0,9,7,12,15,0,16,0,0,19,11,11,0,10,12,4,22,6,12,
17,33,15,8,18,19,38,13,36,24,20,12,10,9,14,19,6,16,0,1,1,30,38,32,2,26,31,18,27,31,25,
18,0,0,11,0,4,0,2,6,1,0,8,33,4,0,4,0,0,1,0,45,1,3,2,31,2,1,0,1,2,4,
19,2,0,17,0,0,0,2,1,0,0,6,28,3,0,2,0,0,1,45,0,0,3,2,34,0,3,1,0,1,1,
20,30,16,19,17,14,36,12,15,14,14,14,11,16,13,33,10,19,30,1,0,0,36,22,4,19,24,15,10,24,31,
21,42,16,31,28,16,41,27,24,10,25,20,22,32,39,21,6,11,38,3,3,36,0,30,3,24,15,20,7,20,50,
22,23,18,16,6,6,19,12,19,24,21,6,4,19,8,28,1,11,32,2,2,22,30,0,1,19,30,17,15,7,20,
23,3,1,7,5,2,0,0,4,5,3,6,29,4,9,2,1,0,2,31,34,4,3,1,0,8,2,11,1,3,11,
24,22,7,14,15,16,44,21,39,5,35,22,15,19,32,23,6,10,26,2,0,19,24,19,8,0,12,29,7,23,34,
25,32,21,2,3,2,15,7,3,36,5,15,2,10,5,6,12,12,31,1,3,24,15,30,2,12,0,8,27,10,11,
26,13,2,15,29,18,21,21,32,9,22,20,16,17,49,36,1,4,18,0,1,15,20,17,11,29,8,0,6,22,40,
27,24,35,1,7,3,7,9,4,47,6,1,2,7,3,11,34,22,27,1,0,10,7,15,1,7,27,6,0,11,1,
28,10,9,17,9,22,31,28,20,7,25,22,15,8,37,26,2,6,31,2,1,24,20,7,3,23,10,22,11,0,37,
29,23,14,27,23,20,49,32,41,10,27,37,35,20,48,34,3,12,25,4,1,31,50,20,11,34,11,40,1,37,0,
0,0,33,2,29,33,39,46,61,1,51,27,38,1,56,6,32,24,42,50,33,23,0,40,36,21,32,56,42,3,21,
1,33,0,7,16,15,45,31,36,16,25,11,40,11,42,3,42,15,31,39,18,27,11,27,37,11,16,43,21,19,16,
2,2,7,0,5,1,1,3,1,40,4,8,4,35,3,27,22,0,2,0,6,0,28,6,1,4,3,1,3,33,0,
3,29,16,5,0,20,24,19,26,1,17,10,19,1,22,3,6,13,12,31,21,8,1,26,18,13,11,31,17,1,19,
4,33,15,1,20,0,27,24,37,0,17,27,28,1,47,2,6,10,22,33,33,21,0,19,34,15,22,39,26,1,34,
5,39,45,1,24,27,0,28,32,2,16,23,30,0,43,9,20,12,25,49,35,10,0,19,18,12,12,32,23,3,34,
6,46,31,3,19,24,28,0,49,0,29,19,40,0,49,4,24,22,19,49,43,28,0,27,43,17,28,50,32,0,31,
7,61,36,1,26,37,32,49,0,0,37,39,44,0,59,9,23,15,21,50,41,25,1,23,45,26,28,60,33,1,31,
8,1,16,40,1,0,2,0,0,0,2,0,2,63,1,27,38,9,1,0,2,0,50,0,0,0,2,0,1,67,0,
9,51,25,4,17,17,16,29,37,2,0,25,34,0,49,6,17,14,24,35,23,24,1,19,21,19,11,28,28,3,26,
10,27,11,8,10,27,23,19,39,0,25,0,26,1,47,3,9,9,17,35,26,12,2,17,31,15,31,31,32,0,34,
11,38,40,4,19,28,30,40,44,2,34,26,0,1,59,9,18,19,28,67,44,36,2,40,38,23,29,54,27,2,37,
12,1,11,35,1,1,0,0,0,63,0,1,1,0,0,18,32,3,0,0,0,0,45,0,1,0,0,1,0,34,0,
13,56,42,3,22,47,43,49,59,1,49,47,59,0,0,10,22,15,28,67,45,48,0,44,48,30,47,80,40,2,44,
14,6,3,27,3,2,9,4,9,27,6,3,9,18,10,0,19,2,4,4,5,5,28,2,1,2,9,7,5,41,3,
15,32,42,22,6,6,20,24,23,38,17,9,18,32,22,19,0,20,13,26,17,10,37,8,18,3,9,24,9,29,8,
16,24,15,0,13,10,12,22,15,9,14,9,19,3,15,2,20,0,18,20,10,14,10,14,17,13,11,26,10,12,11,
17,42,31,2,12,22,25,19,21,1,24,17,28,0,28,4,13,18,0,24,18,18,0,22,22,10,22,23,16,5,24,
18,50,39,0,31,33,49,49,50,0,35,35,67,0,67,4,26,20,24,0,47,40,0,51,45,25,28,65,52,2,43,
19,33,18,6,21,33,35,43,41,2,23,26,44,0,45,5,17,10,18,47,0,18,0,13,50,30,32,40,33,2,36,
20,23,27,0,8,21,10,28,25,0,24,12,36,0,48,5,10,14,18,40,18,0,0,49,29,16,16,33,22,1,15,
21,0,11,28,1,0,0,0,1,50,1,2,2,45,0,28,37,10,0,0,0,0,0,0,1,0,0,0,0,49,0,
22,40,27,6,26,19,19,27,23,0,19,17,40,0,44,2,8,14,22,51,13,49,0,0,33,14,25,34,22,1,19,
23,36,37,1,18,34,18,43,45,0,21,31,38,1,48,1,18,17,22,45,50,29,1,33,0,18,24,50,27,1,30,
24,21,11,4,13,15,12,17,26,0,19,15,23,0,30,2,3,13,10,25,30,16,0,14,18,0,13,26,18,3,21,
25,32,16,3,11,22,12,28,28,2,11,31,29,0,47,9,9,11,22,28,32,16,0,25,24,13,0,21,27,1,28,
26,56,43,1,31,39,32,50,60,0,28,31,54,1,80,7,24,26,23,65,40,33,0,34,50,26,21,0,37,1,34,
27,42,21,3,17,26,23,32,33,1,28,32,27,0,40,5,9,10,16,52,33,22,0,22,27,18,27,37,0,0,29,
28,3,19,33,1,1,3,0,1,67,3,0,2,34,2,41,29,12,5,2,2,1,49,1,1,3,1,1,0,0,2,
29,21,16,0,19,34,34,31,31,0,26,34,37,0,44,3,8,11,24,43,36,15,0,19,30,21,28,34,29,2,0,
0,0,9,14,4,10,1,22,0,15,3,3,20,10,25,6,28,9,2,4,6,8,12,8,7,0,4,8,22,8,14,
1,9,0,17,23,4,8,4,0,4,19,15,7,23,15,7,10,13,15,4,15,7,7,17,13,0,25,11,6,16,8,
2,14,17,0,18,25,25,10,0,11,20,19,13,7,13,6,17,7,14,17,2,3,15,23,25,0,15,21,14,4,8,
3,4,23,18,0,6,33,12,1,4,33,44,8,31,15,13,11,30,24,11,29,31,16,20,14,2,23,7,3,20,13,
4,10,4,25,6,0,1,23,0,12,5,2,8,0,12,18,12,15,1,21,10,7,16,12,18,0,8,22,16,13,14,
5,1,8,25,33,1,0,8,3,2,36,14,0,20,3,2,1,12,28,5,4,17,6,15,4,4,17,4,2,9,6,
6,22,4,10,12,23,8,0,0,5,5,7,13,19,14,17,25,25,16,18,7,25,17,14,10,0,5,19,19,14,23,
7,0,0,0,1,0,3,0,0,0,0,0,0,0,0,0,0,0,1,0,0,0,0,7,0,86,0,0,0,0,0,
8,15,4,11,4,12,2,5,0,0,7,10,12,6,16,6,13,6,5,5,14,14,20,4,11,0,4,12,5,8,18,
9,3,19,20,33,5,36,5,0,7,0,51,4,55,27,0,2,24,46,10,25,44,11,15,5,2,45,6,0,36,16,
10,3,15,19,44,2,14,7,0,10,51,0,9,53,20,1,8,44,27,6,32,34,18,5,5,0,35,7,0,28,17,
11,20,7,13,8,8,0,13,0,12,4,9,0,15,14,8,20,15,2,10,13,11,9,14,13,0,7,13,14,8,8,
12,10,23,7,31,0,20,19,0,6,55,53,15,0,15,4,4,46,39,6,23,46,30,6,10,0,30,10,4,43,22,
13,25,15,13,15,12,3,14,0,16,27,20,14,15,0,16,14,23,19,13,15,27,20,10,10,0,25,7,6,26,15,
14,6,7,6,13,18,2,17,0,6,0,1,8,4,16,0,11,10,0,4,10,8,12,10,8,0,6,10,9,5,8,
15,28,10,17,11,12,1,25,0,13,2,8,20,4,14,11,0,6,1,13,7,1,9,8,10,0,5,23,9,6,10,
16,9,13,7,30,15,12,25,0,6,24,44,15,46,23,10,6,0,23,8,24,40,28,9,13,0,28,14,9,40,9,
17,2,15,14,24,1,28,16,1,5,46,27,2,39,19,0,1,23,0,3,23,33,22,8,5,2,20,6,2,22,15,
18,4,4,17,11,21,5,18,0,5,10,6,10,6,13,4,13,8,3,0,5,12,9,20,13,0,4,32,11,14,10,
19,6,15,2,29,10,4,7,0,14,25,32,13,23,15,10,7,24,23,5,0,42,19,9,11,0,22,9,8,36,27,
20,8,7,3,31,7,17,25,0,14,44,34,11,46,27,8,1,40,33,12,42,0,23,13,8,0,26,14,8,48,27,
21,12,7,15,16,16,6,17,0,20,11,18,9,30,20,12,9,28,22,9,19,23,0,8,16,0,24,14,5,26,16,
22,8,17,23,20,12,15,14,7,4,15,5,14,6,10,10,8,9,8,20,9,13,8,0,17,21,21,15,15,12,10,
23,7,13,25,14,18,4,10,0,11,5,5,13,10,10,8,10,13,5,13,11,8,16,17,0,0,8,17,3,8,11,
24,0,0,0,2,0,4,0,86,0,2,0,0,0,0,0,0,0,2,0,0,0,0,21,0,0,2,0,0,0,0,
25,4,25,15,23,8,17,5,0,4,45,35,7,30,25,6,5,28,20,4,22,26,24,21,8,2,0,6,6,17,18,
26,8,11,21,7,22,4,19,0,12,6,7,13,10,7,10,23,14,6,32,9,14,14,15,17,0,6,0,14,14,6,
27,22,6,14,3,16,2,19,0,5,0,0,14,4,6,9,9,9,2,11,8,8,5,15,3,0,6,14,0,4,4,
28,8,16,4,20,13,9,14,0,8,36,28,8,43,26,5,6,40,22,14,36,48,26,12,8,0,17,14,4,0,16,
29,14,8,8,13,14,6,23,0,18,16,17,8,22,15,8,10,9,15,10,27,27,16,10,11,0,18,6,4,16,0,
0,0,16,27,3,2,34,3,26,30,31,8,23,7,31,26,18,16,34,18,10,24,38,14,2,35,0,28,0,25,40,
1,16,0,40,1,7,26,13,23,18,31,22,25,4,24,35,23,12,28,9,19,21,27,14,11,17,3,26,0,24,33,
2,27,40,0,0,1,57,5,86,59,64,17,69,26,37,70,56,23,62,33,15,60,40,19,2,36,1,52,0,61,61,
3,3,1,0,0,42,2,6,0,0,0,7,0,3,0,0,0,41,5,7,17,0,0,0,7,0,9,0,27,0,0,
4,2,7,1,42,0,0,23,2,0,0,27,2,5,3,7,6,36,2,19,51,0,0,2,34,0,37,0,8,0,2,
5,34,26,57,2,0,0,8,47,37,52,23,26,12,19,48,17,23,20,8,18,22,36,15,1,33,2,43,0,39,46,
6,3,13,5,6,23,8,0,3,3,12,13,5,0,4,19,7,12,0,3,31,8,4,4,27,4,19,5,7,3,6,
7,26,23,86,0,2,47,3,0,50,41,10,53,19,33,48,39,12,46,31,17,43,52,22,2,24,0,58,0,43,52,
8,30,18,59,0,0,37,3,50,0,31,11,34,13,29,42,30,11,41,25,7,47,38,18,1,26,0,37,1,55,34,
9,31,31,64,0,0,52,12,41,31,0,19,34,10,37,54,22,22,31,15,13,36,48,19,0,33,4,49,0,45,75,
10,8,22,17,7,27,23,13,10,11,19,0,9,1,17,20,3,33,11,6,37,17,11,3,15,14,14,19,6,17,14,
11,23,25,69,0,2,26,5,53,34,34,9,0,26,26,42,33,7,39,32,9,35,37,26,1,19,1,47,0,39,42,
12,7,4,26,3,5,12,0,19,13,10,1,26,0,12,20,19,1,26,25,3,13,26,10,11,7,2,16,0,17,14,
13,31,24,37,0,3,19,4,33,29,37,17,26,12,0,20,12,6,19,13,21,31,31,12,3,14,6,17,3,21,55,
14,26,35,70,0,7,48,19,48,42,54,20,42,20,20,0,35,16,30,24,29,34,40,9,2,25,10,49,2,52,51,
15,18,23,56,0,6,17,7,39,30,22,3,33,19,12,35,0,10,29,28,7,26,31,10,5,8,4,30,1,26,28,
16,16,12,23,41,36,23,12,12,11,22,33,7,1,6,16,10,0,6,1,39,13,11,5,18,12,18,23,11,15,23,
17,34,28,62,5,2,20,0,46,41,31,11,39,26,19,30,29,6,0,26,5,28,39,17,1,18,0,29,0,32,27,
18,18,9,33,7,19,8,3,31,25,15,6,32,25,13,24,28,1,26,0,0,37,22,13,2,22,1,24,0,39,29,
19,10,19,15,17,51,18,31,17,7,13,37,9,3,21,29,7,39,5,0,0,4,3,3,32,14,36,9,9,10,21,
20,24,21,60,0,0,22,8,43,47,36,17,35,13,31,34,26,13,28,37,4,0,40,10,1,25,1,41,0,39,40,
21,38,27,40,0,0,36,4,52,38,48,11,37,26,31,40,31,11,39,22,3,40,0,25,0,24,2,33,0,32,46,
22,14,14,19,0,2,15,4,22,18,19,3,26,10,12,9,10,5,17,13,3,10,25,0,1,14,2,10,1,23,26,
23,2,11,2,7,34,1,27,2,1,0,15,1,11,3,2,5,18,1,2,32,1,0,1,0,1,23,2,6,5,2,
24,35,17,36,0,0,33,4,24,26,33,14,19,7,14,25,8,12,18,22,14,25,24,14,1,0,0,21,0,22,32,
25,0,3,1,9,37,2,19,0,0,4,14,1,2,6,10,4,18,0,1,36,1,2,2,23,0,0,2,45,1,0,
26,28,26,52,0,0,43,5,58,37,49,19,47,16,17,49,30,23,29,24,9,41,33,10,2,21,2,0,0,64,50,
27,0,0,0,27,8,0,7,0,1,0,6,0,0,3,2,1,11,0,0,9,0,0,1,6,0,45,0,0,0,0,
28,25,24,61,0,0,39,3,43,55,45,17,39,17,21,52,26,15,32,39,10,39,32,23,5,22,1,64,0,0,50,
29,40,33,61,0,2,46,6,52,34,75,14,42,14,55,51,28,23,27,29,21,40,46,26,2,32,0,50,0,50,0,
0,0,0,0,0,41,0,0,0,0,2,6,28,1,14,22,0,0,3,1,1,0,7,3,0,57,1,0,34,19,2,
1,0,0,12,17,0,19,22,3,33,21,8,1,10,0,9,18,17,9,8,19,5,21,9,16,0,4,9,2,1,9,
2,0,12,0,22,0,29,18,18,23,8,12,2,19,0,17,14,7,9,11,6,9,7,10,28,2,8,9,0,0,13,
3,0,17,22,0,0,40,26,45,24,16,11,1,20,0,14,15,16,8,4,15,17,7,4,15,3,12,7,1,6,16,
4,41,0,0,0,0,0,0,0,0,1,1,26,0,14,14,0,0,1,1,1,2,4,1,1,30,0,1,18,23,0,
5,0,19,29,40,0,0,20,27,43,22,14,3,7,0,23,25,18,7,32,14,9,11,4,23,0,12,15,0,0,19,
