Node/Edge,1000,5450
Step/Entity,1600,30
meet_step
0,0,17,0,0,0,1,17,7,31,0,0,4,15,0,0,8,8,0,1,9,13,11,12,0,17,3,3,0,0,16,
1,17,0,0,0,0,0,13,5,11,0,0,3,13,0,0,6,5,0,0,7,11,12,39,0,17,12,2,2,0,21,
2,0,0,0,73,0,91,0,1,0,9,14,0,0,50,97,1,0,2,82,0,0,0,0,12,0,1,0,68,0,0,
3,0,0,73,0,8,67,0,1,1,2,2,1,0,39,63,0,0,2,63,0,1,0,0,20,0,0,0,50,0,0,
4,0,0,0,8,0,1,0,0,0,0,19,0,0,1,0,0,0,77,1,0,0,0,0,39,0,0,0,1,0,0,
5,1,0,91,67,1,0,0,1,0,6,15,0,0,66,81,0,0,2,94,0,0,0,0,4,0,1,0,85,0,0,
6,17,13,0,0,0,0,0,6,15,0,0,4,14,0,0,11,12,0,0,30,24,5,21,0,12,3,15,0,0,6,
7,7,5,1,1,0,1,6,0,3,0,0,6,10,0,2,10,3,0,0,15,6,1,9,0,9,8,4,0,0,4,
8,31,11,0,1,0,0,15,3,0,0,0,9,10,0,0,17,16,0,0,30,22,6,16,0,19,6,5,0,0,16,
9,0,0,9,2,0,6,0,0,0,0,3,0,0,20,16,0,0,0,9,0,0,0,0,0,0,35,0,26,0,0,
10,0,0,14,2,19,15,0,0,0,3,0,0,0,5,19,0,0,23,8,0,0,0,0,25,0,0,0,4,0,0,
11,4,3,0,1,0,0,4,6,9,0,0,0,6,0,0,23,3,0,0,2,0,8,4,0,8,8,10,0,0,0,
12,15,13,0,0,0,0,14,10,10,0,0,6,0,0,0,14,20,0,0,25,21,7,27,0,32,7,26,0,0,30,
13,0,0,50,39,1,66,0,0,0,20,5,0,0,0,56,0,0,2,36,0,1,0,0,6,0,2,0,54,0,0,
14,0,0,97,63,0,81,0,2,0,16,19,0,0,56,0,0,0,1,96,0,0,0,1,9,2,1,0,69,0,2,
15,8,6,1,0,0,0,11,10,17,0,0,23,14,0,0,0,21,0,0,23,13,7,13,0,22,10,4,0,0,23,
16,8,5,0,0,0,0,12,3,16,0,0,3,20,0,0,21,0,0,0,15,10,13,6,0,4,2,41,0,0,4,
17,0,0,2,2,77,2,0,0,0,0,23,0,0,2,1,0,0,0,0,0,0,0,0,43,0,0,0,2,0,0,
18,1,0,82,63,1,94,0,0,0,9,8,0,0,36,96,0,0,0,0,0,0,0,0,2,0,2,0,87,0,0,
19,9,7,0,0,0,0,30,15,30,0,0,2,25,0,0,23,15,0,0,0,48,13,30,0,20,3,17,0,0,21,
20,13,11,0,1,0,0,24,6,22,0,0,0,21,1,0,13,10,0,0,48,0,7,14,0,8,1,15,0,0,8,
21,11,12,0,0,0,0,5,1,6,0,0,8,7,0,0,7,13,0,0,13,7,0,17,0,22,6,10,0,0,19,
22,12,39,0,0,0,0,21,9,16,0,0,4,27,0,1,13,6,0,0,30,14,17,0,0,60,24,6,0,0,63,
23,0,0,12,20,39,4,0,0,0,0,25,0,0,6,9,0,0,43,2,0,0,0,0,0,0,0,0,5,0,0,
24,17,17,0,0,0,0,12,9,19,0,0,8,32,0,2,22,4,0,0,20,8,22,60,0,0,24,3,0,0,72,
25,3,12,1,0,0,1,3,8,6,35,0,8,7,2,1,10,2,0,2,3,1,6,24,0,24,0,2,3,0,26,
26,3,2,0,0,0,0,15,4,5,0,0,10,26,0,0,4,41,0,0,17,15,10,6,0,3,2,0,0,0,2,
27,0,2,68,50,1,85,0,0,0,26,4,0,0,54,69,0,0,2,87,0,0,0,0,5,0,3,0,0,0,0,
28,0,0,0,0,0,0,0,0,0,0,0,0,0,0,0,0,0,0,0,0,0,0,0,0,0,0,0,0,0,0,
29,16,21,0,0,0,0,6,4,16,0,0,0,30,0,2,23,4,0,0,21,8,19,63,0,72,26,2,0,0,0,
0,0,42,0,33,29,0,0,36,0,0,0,0,0,2,9,0,2,0,0,0,0,0,35,0,3,10,51,0,0,0,
1,42,0,0,40,22,0,0,37,0,0,3,0,0,1,1,0,4,0,0,0,0,0,34,0,0,9,46,0,0,0,
2,0,0,0,0,0,11,20,0,23,9,3,0,11,1,0,23,3,0,10,11,19,1,0,12,15,2,0,19,13,15,
3,33,40,0,0,30,0,0,18,0,0,0,0,0,0,0,0,0,0,0,0,0,0,60,0,0,10,80,0,0,0,
4,29,22,0,30,0,0,0,14,0,0,13,0,0,8,2,0,8,0,0,0,0,2,24,0,0,8,26,0,0,0,
5,0,0,11,0,0,0,25,0,18,17,5,0,18,0,0,31,0,1,11,23,53,2,0,20,11,0,0,12,21,18,
6,0,0,20,0,0,25,0,0,11,19,0,0,31,0,0,19,0,11,6,33,19,0,0,4,15,0,0,16,54,11,
7,36,37,0,18,14,0,0,0,0,0,8,0,0,11,24,0,6,0,2,0,0,3,18,0,2,37,37,0,0,0,
8,0,0,23,0,0,18,11,0,0,9,1,4,17,0,0,25,0,10,13,16,21,0,0,13,25,0,0,36,5,15,
9,0,0,9,0,0,17,19,0,9,0,2,2,19,0,1,12,0,4,15,15,6,0,0,8,8,0,0,21,19,11,
10,0,3,3,0,13,5,0,8,1,2,0,0,1,25,8,4,24,5,2,0,7,19,0,1,3,9,0,4,0,2,
11,0,0,0,0,0,0,0,0,4,2,0,0,0,0,0,0,1,298,1,0,0,0,0,2,0,0,0,1,0,2,
12,0,0,11,0,0,18,31,0,17,19,1,0,0,0,1,20,1,6,12,33,20,1,0,14,13,0,0,11,39,9,
13,2,1,1,0,8,0,0,11,0,0,25,0,0,0,19,0,34,0,0,0,0,9,0,0,0,29,0,0,0,0,
14,9,1,0,0,2,0,0,24,0,1,8,0,1,19,0,0,25,0,3,0,0,37,2,0,0,43,1,0,0,0,
15,0,0,23,0,0,31,19,0,25,12,4,0,20,0,0,0,0,3,24,15,24,0,0,11,20,0,0,22,12,30,
16,2,4,3,0,8,0,0,6,0,0,24,1,1,34,25,0,0,1,3,0,0,25,0,0,1,30,1,0,0,0,
17,0,0,0,0,0,1,11,0,10,4,5,298,6,0,0,3,1,0,3,2,3,2,0,5,4,0,0,7,1,7,
18,0,0,10,0,0,11,6,2,13,15,2,1,12,0,3,24,3,3,0,10,19,3,0,9,19,1,0,17,7,16,
19,0,0,11,0,0,23,33,0,16,15,0,0,33,0,0,15,0,2,10,0,16,0,0,4,17,0,0,11,40,7,
20,0,0,19,0,0,53,19,0,21,6,7,0,20,0,0,24,0,3,19,16,0,0,0,11,24,2,0,30,14,8,
21,0,0,1,0,2,2,0,3,0,0,19,0,1,9,37,0,25,2,3,0,0,0,0,4,2,14,0,1,2,0,
22,35,34,0,60,24,0,0,18,0,0,0,0,0,0,2,0,0,0,0,0,0,0,0,0,0,5,67,0,0,0,
23,0,0,12,0,0,20,4,0,13,8,1,2,14,0,0,11,0,5,9,4,11,4,0,0,10,0,0,20,4,11,
24,3,0,15,0,0,11,15,2,25,8,3,0,13,0,0,20,1,4,19,17,24,2,0,10,0,2,0,30,9,25,
25,10,9,2,10,8,0,0,37,0,0,9,0,0,29,43,0,30,0,1,0,2,14,5,0,2,0,5,0,0,0,
26,51,46,0,80,26,0,0,37,0,0,0,0,0,0,1,0,1,0,0,0,0,0,67,0,0,5,0,0,0,0,
27,0,0,19,0,0,12,16,0,36,21,4,1,11,0,0,22,0,7,17,11,30,1,0,20,30,0,0,0,7,22,
28,0,0,13,0,0,21,54,0,5,19,0,0,39,0,0,12,0,1,7,40,14,2,0,4,9,0,0,7,0,5,
29,0,0,15,0,0,18,11,0,15,11,2,2,9,0,0,30,0,7,16,7,8,0,0,11,25,0,0,22,5,0,
0,0,0,40,9,4,0,0,0,0,12,0,0,10,7,5,0,9,11,0,34,8,7,12,11,39,19,0,1,9,0,
1,0,0,1,4,35,37,34,20,3,3,8,39,0,1,11,3,4,0,1,1,2,0,4,0,2,1,25,34,0,8,
2,40,1,0,2,0,0,0,0,0,4,0,0,2,1,0,0,2,1,0,80,5,2,2,5,37,3,0,0,0,0,
3,9,4,2,0,4,0,1,0,0,23,0,0,10,22,8,0,19,21,0,21,20,30,25,5,24,11,0,0,11,4,
4,4,35,0,4,0,33,42,22,1,6,0,43,1,6,19,2,1,0,2,4,3,7,5,3,2,1,34,39,7,7,
5,0,37,0,0,33,0,36,30,1,0,6,48,0,0,28,1,0,0,0,0,0,0,1,0,0,0,28,20,0,17,
6,0,34,0,1,42,36,0,27,0,2,6,52,0,1,20,2,0,0,1,0,1,2,1,0,0,1,31,23,0,4,
7,0,20,0,0,22,30,27,0,8,0,8,23,0,0,10,11,0,0,13,0,0,0,0,0,0,0,28,14,0,23,
8,0,3,0,0,1,1,0,8,0,0,45,0,0,0,0,52,0,0,58,0,0,0,0,0,0,0,3,1,0,4,
9,12,3,4,23,6,0,2,0,0,0,0,0,22,44,5,0,40,24,0,18,4,32,44,14,43,19,0,1,29,5,
10,0,8,0,0,0,6,6,8,45,0,0,4,0,0,1,44,0,0,40,0,0,0,0,0,0,0,5,7,0,3,
11,0,39,0,0,43,48,52,23,0,0,4,0,0,0,25,3,1,0,0,0,2,0,0,0,0,0,30,19,0,15,
12,10,0,2,10,1,0,0,0,0,22,0,0,0,36,1,0,31,25,0,2,5,26,23,18,27,22,0,0,28,4,
13,7,1,1,22,6,0,1,0,0,44,0,0,36,0,3,0,54,33,0,17,29,76,63,29,53,19,0,0,47,8,
14,5,11,0,8,19,28,20,10,0,5,1,25,1,3,0,0,2,5,0,1,1,5,6,2,0,0,6,9,2,1,
15,0,3,0,0,2,1,2,11,52,0,44,3,0,0,0,0,0,0,49,0,0,0,0,0,0,0,2,3,0,3,
16,9,4,2,19,1,0,0,0,0,40,0,1,31,54,2,0,0,31,0,9,18,68,52,20,52,25,0,0,54,10,
17,11,0,1,21,0,0,0,0,0,24,0,0,25,33,5,0,31,0,0,11,22,36,31,18,28,11,0,0,29,13,
18,0,1,0,0,2,0,1,13,58,0,40,0,0,0,0,49,0,0,0,0,0,0,0,0,0,0,1,3,0,0,
19,34,1,80,21,4,0,0,0,0,18,0,0,2,17,1,0,9,11,0,0,7,18,25,2,40,17,0,0,10,2,
20,8,2,5,20,3,0,1,0,0,4,0,2,5,29,1,0,18,22,0,7,0,28,34,9,24,7,2,0,19,13,
21,7,0,2,30,7,0,2,0,0,32,0,0,26,76,5,0,68,36,0,18,28,0,72,38,54,28,0,0,59,6,
22,12,4,2,25,5,1,1,0,0,44,0,0,23,63,6,0,52,31,0,25,34,72,0,16,63,27,0,0,35,4,
23,11,0,5,5,3,0,0,0,0,14,0,0,18,29,2,0,20,18,0,2,9,38,16,0,27,8,0,0,33,7,
24,39,2,37,24,2,0,0,0,0,43,0,0,27,53,0,0,52,28,0,40,24,54,63,27,0,17,0,0,33,7,
25,19,1,3,11,1,0,1,0,0,19,0,0,22,19,0,0,25,11,0,17,7,28,27,8,17,0,0,0,15,5,
26,0,25,0,0,34,28,31,28,3,0,5,30,0,0,6,2,0,0,1,0,2,0,0,0,0,0,0,27,0,6,
27,1,34,0,0,39,20,23,14,1,1,7,19,0,0,9,3,0,0,3,0,0,0,0,0,0,0,27,0,0,5,
28,9,0,0,11,7,0,0,0,0,29,0,0,28,47,2,0,54,29,0,10,19,59,35,33,33,15,0,0,0,5,
29,0,8,0,4,7,17,4,23,4,5,3,15,4,8,1,3,10,13,0,2,13,6,4,7,7,5,6,5,5,0,
0,0,28,13,2,0,20,0,2,10,0,0,0,4,0,3,0,0,0,0,0,4,0,0,0,31,21,0,0,0,27,
1,28,0,12,0,1,16,0,1,26,9,1,2,7,0,6,2,0,0,1,0,1,0,0,1,55,12,3,1,0,19,
2,13,12,0,0,0,26,1,1,23,12,2,0,21,0,10,3,1,0,2,0,4,0,2,1,9,6,6,1,3,7,
3,2,0,0,0,0,0,0,0,0,0,0,0,0,0,0,0,0,0,0,0,0,0,0,0,1,1,0,0,0,1,
4,0,1,0,0,0,1,12,24,0,5,8,18,11,11,7,19,18,0,17,12,5,0,13,8,0,10,11,11,13,0,
5,20,16,26,0,1,0,7,1,23,10,0,0,30,0,1,3,4,0,2,0,5,0,2,2,27,21,1,0,1,20,
6,0,0,1,0,12,7,0,35,6,11,20,35,11,4,3,6,13,0,16,33,16,0,26,33,0,10,57,49,31,0,
7,2,1,1,0,24,1,35,0,1,19,20,25,8,9,7,12,25,0,11,25,25,0,25,17,1,12,55,38,31,0,
8,10,26,23,0,0,23,6,1,0,6,5,2,30,2,2,11,4,0,7,5,2,0,1,5,13,13,9,2,3,11,
9,0,9,12,0,5,10,11,19,6,0,28,16,40,2,30,17,3,0,14,18,36,0,13,46,3,10,29,30,22,5,
10,0,1,2,0,8,0,20,20,5,28,0,24,20,9,6,19,8,0,8,23,21,0,7,36,0,9,33,37,28,0,
11,0,2,0,0,18,0,35,25,2,16,24,0,4,10,7,11,14,0,24,20,11,0,27,16,0,10,42,31,46,0,
12,4,7,21,0,11,30,11,8,30,40,20,4,0,0,28,9,0,0,12,5,25,0,7,26,0,14,18,10,8,5,
13,0,0,0,0,11,0,4,9,2,2,9,10,0,0,1,3,7,39,7,4,1,38,7,7,0,0,10,6,7,0,
14,3,6,10,0,7,1,3,7,2,30,6,7,28,1,0,9,5,0,3,4,17,0,7,8,1,7,6,8,10,1,
15,0,2,3,0,19,3,6,12,11,17,19,11,9,3,9,0,14,0,9,20,11,0,15,18,0,10,15,16,14,1,
16,0,0,1,0,18,4,13,25,4,3,8,14,0,7,5,14,0,0,17,15,4,0,21,21,0,5,18,12,9,0,
17,0,0,0,0,0,0,0,0,0,0,0,0,0,39,0,0,0,0,0,0,0,123,0,0,0,0,0,0,0,0,
18,0,1,2,0,17,2,16,11,7,14,8,24,12,7,3,9,17,0,0,20,12,1,14,9,0,5,13,14,15,1,
19,0,0,0,0,12,0,33,25,5,18,23,20,5,4,4,20,15,0,20,0,31,0,26,25,0,7,34,42,29,0,
20,4,1,4,0,5,5,16,25,2,36,21,11,25,1,17,11,4,0,12,31,0,0,14,36,1,5,28,26,21,1,
21,0,0,0,0,0,0,0,0,0,0,0,0,0,38,0,0,0,123,1,0,0,0,0,0,0,0,1,0,0,0,
22,0,0,2,0,13,2,26,25,1,13,7,27,7,7,7,15,21,0,14,26,14,0,0,21,0,9,31,25,17,1,
23,0,1,1,0,8,2,33,17,5,46,36,16,26,7,8,18,21,0,9,25,36,0,21,0,0,9,44,39,32,0,
24,31,55,9,1,0,27,0,1,13,3,0,0,0,0,1,0,0,0,0,0,1,0,0,0,0,21,0,0,0,36,
25,21,12,6,1,10,21,10,12,13,10,9,10,14,0,7,10,5,0,5,7,5,0,9,9,21,0,8,5,10,14,
26,0,3,6,0,11,1,57,55,9,29,33,42,18,10,6,15,18,0,13,34,28,1,31,44,0,8,0,48,45,0,
27,0,1,1,0,11,0,49,38,2,30,37,31,10,6,8,16,12,0,14,42,26,0,25,39,0,5,48,0,39,1,
28,0,0,3,0,13,1,31,31,3,22,28,46,8,7,10,14,9,0,15,29,21,0,17,32,0,10,45,39,0,0,
29,27,19,7,1,0,20,0,0,11,5,0,0,5,0,1,1,0,0,1,0,1,0,1,0,36,14,0,1,0,0,
0,0,4,0,0,0,1,23,31,4,21,0,5,0,22,0,17,11,1,29,0,5,0,0,14,0,37,37,0,7,0,
1,4,0,0,1,0,0,4,4,2,13,0,0,2,2,0,11,2,0,6,2,3,2,1,0,0,12,6,1,5,1,
2,0,0,0,5,10,37,2,0,0,0,0,2,7,0,47,0,1,20,0,38,0,44,38,2,17,0,0,43,1,19,
3,0,1,5,0,25,5,4,2,0,0,0,22,27,2,1,1,0,28,1,34,0,22,24,21,8,0,0,30,5,17,
4,0,0,10,25,0,3,5,0,0,0,1,0,32,0,3,0,0,28,0,28,0,28,40,14,9,0,0,29,1,21,
5,1,0,37,5,3,0,5,0,1,0,5,0,9,0,45,0,0,10,0,13,0,10,15,0,19,0,3,10,0,11,
6,23,4,2,4,5,5,0,20,0,31,0,2,5,25,0,5,7,4,9,7,1,8,4,36,1,26,16,3,8,7,
7,31,4,0,2,0,0,20,0,7,18,0,9,0,27,0,13,7,0,19,0,2,0,0,13,0,31,29,1,8,0,
8,4,2,0,0,0,1,0,7,0,6,0,5,0,8,0,28,8,11,31,1,87,0,0,1,3,3,11,0,48,0,
9,21,13,0,0,0,0,31,18,6,0,0,3,0,18,0,6,2,0,12,0,13,0,0,8,0,35,15,0,9,0,
10,0,0,0,0,1,5,0,0,0,0,0,0,1,0,1,0,0,0,0,0,0,0,0,0,0,0,0,0,0,0,
11,5,0,2,22,0,0,2,9,5,3,0,0,0,10,0,16,17,0,6,2,7,1,1,2,1,13,1,1,17,0,
12,0,2,7,27,32,9,5,0,0,0,1,0,0,0,8,0,0,30,0,28,0,25,24,12,4,0,0,17,0,24,
13,22,2,0,2,0,0,25,27,8,18,0,10,0,0,0,7,17,0,22,0,20,0,1,18,0,18,35,0,6,0,
14,0,0,47,1,3,45,0,0,0,0,1,0,8,0,0,2,0,9,0,35,1,13,31,0,41,0,0,41,3,20,
15,17,11,0,1,0,0,5,13,28,6,0,16,0,7,2,0,34,0,3,0,26,0,0,6,0,12,10,0,69,0,
16,11,2,1,0,0,0,7,7,8,2,0,17,0,17,0,34,0,1,15,1,11,1,1,7,0,9,5,0,23,0,
17,1,0,20,28,28,10,4,0,11,0,0,0,30,0,9,0,1,0,9,40,5,43,46,19,17,0,4,47,1,33,
18,29,6,0,1,0,0,9,19,31,12,0,6,0,22,0,3,15,9,0,0,54,1,1,10,6,8,41,2,7,0,
19,0,2,38,34,28,13,7,0,1,0,0,2,28,0,35,0,1,40,0,0,1,63,54,17,13,0,2,69,0,28,
20,5,3,0,0,0,0,1,2,87,13,0,7,0,20,1,26,11,5,54,1,0,0,1,8,5,6,21,1,51,1,
21,0,2,44,22,28,10,8,0,0,0,0,1,25,0,13,0,1,43,1,63,0,0,48,20,12,0,0,55,0,28,
22,0,1,38,24,40,15,4,0,0,0,0,1,24,1,31,0,1,46,1,54,1,48,0,25,16,0,0,87,2,40,
23,14,0,2,21,14,0,36,13,1,8,0,2,12,18,0,6,7,19,10,17,8,20,25,0,3,22,8,22,2,13,
24,0,0,17,8,9,19,1,0,3,0,0,1,4,0,41,0,0,17,6,13,5,12,16,3,0,0,3,19,0,9,
25,37,12,0,0,0,0,26,31,3,35,0,13,0,18,0,12,9,0,8,0,6,0,0,22,0,0,21,0,7,0,
26,37,6,0,0,0,3,16,29,11,15,0,1,0,35,0,10,5,4,41,2,21,0,0,8,3,21,0,0,5,0,
27,0,1,43,30,29,10,3,1,0,0,0,1,17,0,41,0,0,47,2,69,1,55,87,22,19,0,0,0,0,39,
28,7,5,1,5,1,0,8,8,48,9,0,17,0,6,3,69,23,1,7,0,51,0,2,2,0,7,5,0,0,1,
29,0,1,19,17,21,11,7,0,0,0,0,0,24,0,20,0,0,33,0,28,1,28,40,13,9,0,0,39,1,0,
0,0,0,0,0,0,0,0,1,5,0,0,0,0,0,0,0,0,0,0,0,1,0,0,0,29,0,48,1,0,20,
1,0,0,4,13,0,21,26,5,0,11,7,4,0,4,18,2,0,1,10,1,1,26,13,1,0,0,0,3,0,0,
2,0,4,0,17,0,0,0,40,13,5,0,15,0,13,17,35,0,0,20,26,14,0,3,0,3,0,0,24,0,0,
3,0,13,17,0,0,0,1,31,15,20,0,30,0,36,51,19,0,0,12,12,17,0,1,0,0,0,1,26,0,0,
4,0,0,0,0,0,0,0,0,0,0,0,0,81,0,0,0,100,0,0,0,0,0,0,0,17,91,13,0,101,15,
5,0,21,0,0,0,0,41,0,0,0,13,0,0,4,0,0,0,20,0,0,15,20,20,29,0,0,0,0,0,0,
6,0,26,0,1,0,41,0,0,0,0,32,0,0,1,1,1,0,12,2,0,35,39,44,8,0,0,0,0,0,0,
7,1,5,40,31,0,0,0,0,20,8,0,10,0,13,40,13,0,0,32,33,7,0,4,0,0,0,0,47,0,1,
8,5,0,13,15,0,0,0,20,0,3,0,8,0,9,14,24,0,0,23,36,13,0,0,0,0,0,19,36,0,2,
9,0,11,5,20,0,0,0,8,3,0,0,26,0,18,20,12,0,0,5,5,3,1,1,0,0,0,0,6,0,1,
10,0,7,0,0,0,13,32,0,0,0,0,0,0,0,0,0,0,30,13,0,26,19,43,12,0,0,0,0,0,0,
11,0,4,15,30,0,0,0,10,8,26,0,0,0,38,15,10,0,0,14,14,5,1,4,0,0,0,0,21,0,0,
12,0,0,0,0,81,0,0,0,0,0,0,0,0,0,0,0,79,0,0,0,0,0,0,0,18,81,12,0,73,11,
13,0,4,13,36,0,4,1,13,9,18,0,38,0,0,32,25,0,0,15,13,1,6,2,0,1,0,0,31,0,0,
14,0,18,17,51,0,0,1,40,14,20,0,15,0,32,0,24,0,0,18,23,14,1,1,0,1,0,0,20,0,1,
15,0,2,35,19,0,0,1,13,24,12,0,10,0,25,24,0,0,0,23,30,7,0,1,0,2,0,0,23,0,0,
16,0,0,0,0,100,0,0,0,0,0,0,0,79,0,0,0,0,0,0,0,0,0,0,0,18,83,13,0,73,12,
17,0,1,0,0,0,20,12,0,0,0,30,0,0,0,0,0,0,0,0,0,22,2,23,54,0,0,0,0,0,0,
18,0,10,20,12,0,0,2,32,23,5,13,14,0,15,18,23,0,0,0,21,4,5,18,0,3,0,1,24,0,0,
19,0,1,26,12,0,0,0,33,36,5,0,14,0,13,23,30,0,0,21,0,7,0,2,0,0,0,0,15,0,0,
20,1,1,14,17,0,15,35,7,13,3,26,5,0,1,14,7,0,22,4,7,0,3,34,6,1,0,1,11,0,0,
21,0,26,0,0,0,20,39,0,0,1,19,1,0,6,1,0,0,2,5,0,3,0,18,2,0,0,0,0,0,0,
22,0,13,3,1,0,20,44,4,0,1,43,4,0,2,1,1,0,23,18,2,34,18,0,9,0,0,0,3,0,0,
23,0,1,0,0,0,29,8,0,0,0,12,0,0,0,0,0,0,54,0,0,6,2,9,0,0,0,0,0,0,0,
24,29,0,3,0,17,0,0,0,0,0,0,0,18,1,1,2,18,0,3,0,1,0,0,0,0,27,25,0,27,20,
25,0,0,0,0,91,0,0,0,0,0,0,0,81,0,0,0,83,0,0,0,0,0,0,0,27,0,12,0,84,13,
26,48,0,0,1,13,0,0,0,19,0,0,0,12,0,0,0,13,0,1,0,1,0,0,0,25,12,0,1,8,44,
27,1,3,24,26,0,0,0,47,36,6,0,21,0,31,20,23,0,0,24,15,11,0,3,0,0,0,1,0,0,0,
28,0,0,0,0,101,0,0,0,0,0,0,0,73,0,0,0,73,0,0,0,0,0,0,0,27,84,8,0,0,15,
29,20,0,0,0,15,0,0,1,2,1,0,0,11,0,1,0,12,0,0,0,0,0,0,0,20,13,44,0,15,0,
0,0,10,31,13,5,25,0,14,0,13,31,20,21,46,17,3,1,0,23,39,4,0,5,12,0,4,19,7,2,0,
1,10,0,0,2,8,12,0,29,1,31,1,18,15,0,15,0,4,1,18,1,2,0,11,0,0,3,13,0,1,0,
2,31,0,0,62,0,0,0,0,0,0,81,0,0,114,0,73,0,0,0,132,26,0,1,62,0,22,0,37,0,0,
3,13,2,62,0,0,0,0,0,0,0,39,1,0,57,0,77,0,0,0,65,20,0,0,59,0,16,0,49,0,0,
4,5,8,0,0,0,44,0,7,1,22,0,22,20,0,33,1,0,2,11,0,0,1,17,0,2,0,19,1,1,0,
5,25,12,0,0,44,0,1,9,0,35,0,33,39,0,37,0,11,0,12,1,0,0,20,1,1,0,28,0,1,0,
6,0,0,0,0,0,1,0,0,33,0,0,2,3,0,1,0,23,41,13,0,0,5,0,0,39,0,0,0,34,1,
7,14,29,0,0,7,9,0,0,0,9,1,22,16,0,4,1,0,0,19,1,2,0,13,2,0,0,14,2,0,0,
8,0,1,0,0,1,0,33,0,0,0,0,3,8,0,5,0,12,33,10,0,0,5,5,0,36,0,2,0,16,10,
9,13,31,0,0,22,35,0,9,0,0,0,26,21,0,30,0,4,1,21,0,0,0,21,0,1,0,38,0,0,0,
10,31,1,81,39,0,0,0,1,0,0,0,0,0,102,0,48,0,0,0,107,19,0,0,38,0,32,0,58,0,0,
11,20,18,0,1,22,33,2,22,3,26,0,0,50,2,30,0,2,8,45,0,0,0,28,0,13,0,34,0,2,0,
12,21,15,0,0,20,39,3,16,8,21,0,50,0,1,20,0,3,5,46,0,1,0,14,0,4,0,29,1,4,0,
13,46,0,114,57,0,0,0,0,0,0,102,2,1,0,0,70,0,0,0,140,28,0,0,60,0,28,0,52,0,0,
14,17,15,0,0,33,37,1,4,5,30,0,30,20,0,0,1,10,0,15,0,0,0,11,0,1,0,32,0,2,0,
15,3,0,73,77,1,0,0,1,0,0,48,0,0,70,1,0,1,0,0,97,28,0,0,53,0,29,0,42,0,0,
16,1,4,0,0,0,11,23,0,12,4,0,2,3,0,10,1,0,33,1,0,0,2,5,0,32,0,5,0,3,1,
17,0,1,0,0,2,0,41,0,33,1,0,8,5,0,0,0,33,0,7,0,0,2,0,0,48,0,0,0,15,0,
18,23,18,0,0,11,12,13,19,10,21,0,45,46,0,15,0,1,7,0,0,0,0,20,0,7,0,26,0,3,0,
19,39,1,132,65,0,1,0,1,0,0,107,0,0,140,0,97,0,0,0,0,36,0,1,75,0,21,2,50,0,0,
20,4,2,26,20,0,0,0,2,0,0,19,0,1,28,0,28,0,0,0,36,0,0,1,22,0,22,0,25,0,0,
21,0,0,0,0,1,0,5,0,5,0,0,0,0,0,0,0,2,2,0,0,0,0,0,0,3,0,0,0,7,17,
22,5,11,1,0,17,20,0,13,5,21,0,28,14,0,11,0,5,0,20,1,1,0,0,0,1,0,22,1,0,0,
23,12,0,62,59,0,1,0,2,0,0,38,0,0,60,0,53,0,0,0,75,22,0,0,0,0,24,0,61,0,0,
24,0,0,0,0,2,1,39,0,36,1,0,13,4,0,1,0,32,48,7,0,0,3,1,0,0,0,0,0,25,0,
25,4,3,22,16,0,0,0,0,0,0,32,0,0,28,0,29,0,0,0,21,22,0,0,24,0,0,0,27,0,0,
26,19,13,0,0,19,28,0,14,2,38,0,34,29,0,32,0,5,0,26,2,0,0,22,0,0,0,0,1,0,0,
27,7,0,37,49,1,0,0,2,0,0,58,0,1,52,0,42,0,0,0,50,25,0,1,61,0,27,1,0,0,0,
28,2,1,0,0,1,1,34,0,16,0,0,2,4,0,2,0,3,15,3,0,0,7,0,0,25,0,0,0,0,13,
29,0,0,0,0,0,0,1,0,10,0,0,0,0,0,0,0,1,0,0,0,0,17,0,0,0,0,0,0,13,0,
0,0,0,54,3,0,26,54,18,0,67,10,0,1,6,23,0,29,9,58,23,20,4,0,22,0,2,36,39,15,37,
1,0,0,0,0,0,0,0,1,29,0,0,31,0,4,0,67,0,0,0,0,0,0,22,0,15,2,0,0,0,0,
2,54,0,0,1,0,21,53,14,0,52,4,0,0,16,25,0,28,16,59,19,23,5,0,38,0,2,45,34,42,34,
3,3,0,1,0,39,3,4,0,0,4,11,0,8,3,2,0,0,4,4,11,5,0,0,0,0,0,4,11,4,5,
4,0,0,0,39,0,32,2,0,0,2,10,0,42,0,0,0,0,3,0,2,0,0,0,0,0,0,0,4,0,0,
5,26,0,21,3,32,0,12,10,0,15,3,0,26,0,8,0,11,3,21,3,14,0,2,12,0,1,11,22,5,11,
6,54,0,53,4,2,12,0,6,0,33,5,0,2,9,17,0,23,9,50,23,26,1,0,13,0,0,23,27,26,52,
7,18,1,14,0,0,10,6,0,0,11,3,0,0,1,5,0,28,6,27,4,8,15,0,17,0,19,20,16,9,21,
8,0,29,0,0,0,0,0,0,0,0,0,34,0,22,0,23,0,0,0,0,0,0,20,0,72,0,0,0,0,0,
9,67,0,52,4,2,15,33,11,0,0,3,0,4,10,23,0,26,21,35,31,13,3,0,21,0,3,38,45,12,40,
10,10,0,4,11,10,3,5,3,0,3,0,0,10,0,4,0,1,0,8,5,2,0,0,4,0,0,16,14,2,3,
11,0,31,0,0,0,0,0,0,34,0,0,0,0,19,0,18,0,0,0,0,0,0,29,0,73,0,0,0,0,0,
12,1,0,0,8,42,26,2,0,0,4,10,0,0,0,0,0,0,3,1,0,2,0,0,0,0,0,1,1,0,3,
13,6,4,16,3,0,0,9,1,22,10,0,19,0,0,6,3,1,4,9,2,5,0,10,18,33,0,10,4,12,18,
14,23,0,25,2,0,8,17,5,0,23,4,0,0,6,0,0,8,8,40,15,27,0,0,11,0,0,21,20,5,23,
15,0,67,0,0,0,0,0,0,23,0,0,18,0,3,0,0,0,0,0,0,0,0,36,0,25,0,0,0,0,0,
16,29,0,28,0,0,11,23,28,0,26,1,0,0,1,8,0,0,3,22,1,15,57,0,32,0,56,14,26,7,14,
17,9,0,16,4,3,3,9,6,0,21,0,0,3,4,8,0,3,0,6,21,11,0,0,3,0,0,8,9,10,18,
18,58,0,59,4,0,21,50,27,0,35,8,0,1,9,40,0,22,6,0,25,30,8,0,33,0,3,46,39,9,54,
19,23,0,19,11,2,3,23,4,0,31,5,0,0,2,15,0,1,21,25,0,9,0,0,5,0,0,14,13,14,14,
20,20,0,23,5,0,14,26,8,0,13,2,0,2,5,27,0,15,11,30,9,0,1,0,20,0,2,9,20,9,20,
21,4,0,5,0,0,0,1,15,0,3,0,0,0,0,0,0,57,0,8,0,1,0,26,26,1,160,6,1,43,4,
22,0,22,0,0,0,2,0,0,20,0,0,29,0,10,0,36,0,0,0,0,0,26,0,3,17,25,0,0,35,0,
23,22,0,38,0,0,12,13,17,0,21,4,0,0,18,11,0,32,3,33,5,20,26,3,0,0,17,14,16,9,15,
24,0,15,0,0,0,0,0,0,72,0,0,73,0,33,0,25,0,0,0,0,0,1,17,0,0,3,0,0,0,0,
25,2,2,2,0,0,1,0,19,0,3,0,0,0,0,0,0,56,0,3,0,2,160,25,17,3,0,2,0,54,2,
26,36,0,45,4,0,11,23,20,0,38,16,0,1,10,21,0,14,8,46,14,9,6,0,14,0,2,0,25,9,36,
27,39,0,34,11,4,22,27,16,0,45,14,0,1,4,20,0,26,9,39,13,20,1,0,16,0,0,25,0,7,39,
28,15,0,42,4,0,5,26,9,0,12,2,0,0,12,5,0,7,10,9,14,9,43,35,9,0,54,9,7,0,13,
29,37,0,34,5,0,11,52,21,0,40,3,0,3,18,23,0,14,18,54,14,20,4,0,15,0,2,36,39,13,0,
0,0,0,0,0,29,13,13,9,3,4,12,8,0,4,8,0,19,0,0,0,1,24,2,16,24,1,21,4,0,0,
1,0,0,8,40,0,0,0,0,0,0,0,0,0,0,0,11,0,17,52,40,1,0,0,0,0,1,0,0,1,6,
2,0,8,0,6,1,0,0,0,21,16,6,1,14,19,0,13,0,14,3,5,24,4,28,7,1,31,0,11,17,25,
3,0,40,6,0,0,0,0,0,0,0,0,0,0,2,0,15,1,24,76,27,0,0,0,0,0,0,0,0,1,14,
4,29,0,1,0,0,9,16,5,6,13,14,7,4,10,5,2,6,0,0,0,7,28,7,32,32,4,33,14,6,2,
5,13,0,0,0,9,0,4,5,0,1,0,3,0,0,0,0,3,0,0,0,0,6,0,7,12,0,11,0,0,0,
6,13,0,0,0,16,4,0,4,9,10,4,6,4,4,4,3,13,0,0,0,10,12,1,18,13,8,24,5,3,3,
7,9,0,0,0,5,5,4,0,0,4,3,5,0,0,2,0,3,1,0,0,0,17,0,0,13,0,6,0,1,0,
8,3,0,21,0,6,0,9,0,0,17,23,0,23,30,8,8,3,5,0,5,17,5,17,7,7,25,0,22,9,11,
9,4,0,16,0,13,1,10,4,17,0,5,2,16,10,3,6,3,0,0,0,48,5,34,7,7,31,1,13,8,1,
10,12,0,6,0,14,0,4,3,23,5,0,6,11,19,10,3,13,1,0,0,22,12,13,25,5,11,6,12,3,0,
11,8,0,1,0,7,3,6,5,0,2,6,0,0,1,10,0,14,0,0,0,0,36,2,3,15,0,19,2,0,0,
12,0,0,14,0,4,0,4,0,23,16,11,0,0,21,3,4,11,4,0,2,38,4,33,6,2,41,2,20,16,11,
13,4,0,19,2,10,0,4,0,30,10,19,1,21,0,3,2,3,4,0,1,26,0,26,10,2,17,2,21,28,13,
14,8,0,0,0,5,0,4,2,8,3,10,10,3,3,0,3,15,0,0,0,1,12,4,7,8,1,5,2,3,0,
15,0,11,13,15,2,0,3,0,8,6,3,0,4,2,3,0,0,37,15,28,9,0,9,7,1,4,1,1,20,24,
16,19,0,0,1,6,3,13,3,3,3,13,14,11,3,15,0,0,0,0,0,1,13,0,7,18,12,15,5,11,2,
17,0,17,14,24,0,0,0,1,5,0,1,0,4,4,0,37,0,0,31,24,2,0,5,1,0,7,0,5,8,20,
18,0,52,3,76,0,0,0,0,0,0,0,0,0,0,0,15,0,31,0,42,0,0,0,1,0,0,0,0,1,12,
19,0,40,5,27,0,0,0,0,5,0,0,0,2,1,0,28,0,24,42,0,1,1,6,0,0,1,0,3,0,16,
20,1,1,24,0,7,0,10,0,17,48,22,0,38,26,1,9,1,2,0,1,0,4,54,7,0,60,2,23,17,9,
21,24,0,4,0,28,6,12,17,5,5,12,36,4,0,12,0,13,0,0,1,4,0,1,18,58,1,69,4,3,4,
22,2,0,28,0,7,0,1,0,17,34,13,2,33,26,4,9,0,5,0,6,54,1,0,6,3,33,2,18,7,8,
23,16,0,7,0,32,7,18,0,7,7,25,3,6,10,7,7,7,1,1,0,7,18,6,0,17,10,12,5,10,3,
24,24,0,1,0,32,12,13,13,7,7,5,15,2,2,8,1,18,0,0,0,0,58,3,17,0,1,40,8,2,1,
25,1,1,31,0,4,0,8,0,25,31,11,0,41,17,1,4,12,7,0,1,60,1,33,10,1,0,0,38,28,12,
26,21,0,0,0,33,11,24,6,0,1,6,19,2,2,5,1,15,0,0,0,2,69,2,12,40,0,0,0,2,2,
27,4,0,11,0,14,0,5,0,22,13,12,2,20,21,2,1,5,5,0,3,23,4,18,5,8,38,0,0,22,10,
28,0,1,17,1,6,0,3,1,9,8,3,0,16,28,3,20,11,8,1,0,17,3,7,10,2,28,2,22,0,8,
29,0,6,25,14,2,0,3,0,11,1,0,0,11,13,0,24,2,20,12,16,9,4,8,3,1,12,2,10,8,0,
0,0,0,6,5,5,32,0,3,0,18,4,0,10,9,14,0,0,34,19,14,0,16,20,1,6,11,13,23,7,0,
1,0,0,0,0,3,0,6,3,7,0,0,11,5,1,2,1,4,0,0,0,3,0,0,4,2,0,4,0,10,4,
2,6,0,0,15,5,18,0,0,0,20,3,0,2,0,5,8,0,14,8,19,0,8,21,0,6,1,4,4,0,0,
3,5,0,15,0,3,19,0,0,0,20,4,0,0,0,2,1,0,16,20,25,0,22,30,0,2,6,4,29,0,0,
4,5,3,5,3,0,0,1,12,1,3,0,6,32,27,35,25,2,0,1,0,4,0,1,1,13,19,13,3,15,6,
5,32,0,18,19,0,0,0,0,0,18,21,0,0,0,0,0,0,63,10,46,0,7,26,0,0,0,0,14,0,0,
6,0,6,0,0,1,0,0,10,5,0,0,9,1,2,2,5,41,0,0,0,5,0,0,16,2,0,2,0,6,20,
7,3,3,0,0,12,0,10,0,3,0,0,4,24,17,6,5,4,0,0,0,5,0,0,12,16,7,9,0,14,25,
8,0,7,0,0,1,0,5,3,0,0,0,7,3,3,2,5,46,0,0,0,6,0,0,2,3,4,2,0,4,5,
9,18,0,20,20,3,18,0,0,0,0,4,0,7,0,0,1,0,28,26,23,0,26,15,1,2,1,1,36,1,2,
10,4,0,3,4,0,21,0,0,0,4,0,0,0,0,0,0,0,13,1,24,0,2,2,0,0,0,0,2,0,0,
11,0,11,0,0,6,0,9,4,7,0,0,0,4,2,3,6,6,0,0,0,14,0,0,17,5,0,0,0,14,8,
12,10,5,2,0,32,0,1,24,3,7,0,4,0,25,18,22,3,0,3,1,2,0,2,3,26,3,32,2,15,4,
13,9,1,0,0,27,0,2,17,3,0,0,2,25,0,12,20,6,0,0,1,4,1,0,5,16,11,9,2,18,6,
14,14,2,5,2,35,0,2,6,2,0,0,3,18,12,0,28,1,0,1,0,8,1,0,2,4,7,26,1,8,3,
15,0,1,8,1,25,0,5,5,5,1,0,6,22,20,28,0,0,0,0,0,0,2,1,6,23,24,23,2,7,7,
16,0,4,0,0,2,0,41,4,46,0,0,6,3,6,1,0,0,0,0,0,4,0,0,3,3,4,1,0,5,0,
17,34,0,14,16,0,63,0,0,0,28,13,0,0,0,0,0,0,0,13,32,0,27,31,0,0,0,0,18,0,0,
18,19,0,8,20,1,10,0,0,0,26,1,0,3,0,1,0,0,13,0,18,0,28,15,0,1,0,0,58,0,1,
19,14,0,19,25,0,46,0,0,0,23,24,0,1,1,0,0,0,32,18,0,0,26,9,0,0,0,0,28,0,0,
20,0,3,0,0,4,0,5,5,6,0,0,14,2,4,8,0,4,0,0,0,0,0,0,10,0,1,0,0,11,8,
21,16,0,8,22,0,7,0,0,0,26,2,0,0,1,1,2,0,27,28,26,0,0,19,0,0,1,1,47,0,0,
22,20,0,21,30,1,26,0,0,0,15,2,0,2,0,0,1,0,31,15,9,0,19,0,0,3,6,2,23,0,0,
23,1,4,0,0,1,0,16,12,2,1,0,17,3,5,2,6,3,0,0,0,10,0,0,0,5,2,3,0,17,23,
24,6,2,6,2,13,0,2,16,3,2,0,5,26,16,4,23,3,0,1,0,0,0,3,5,0,3,15,3,15,8,
25,11,0,1,6,19,0,0,7,4,1,0,0,3,11,7,24,4,0,0,0,1,1,6,2,3,0,19,1,3,3,
26,13,4,4,4,13,0,2,9,2,1,0,0,32,9,26,23,1,0,0,0,0,1,2,3,15,19,0,0,14,3,
27,23,0,4,29,3,14,0,0,0,36,2,0,2,2,1,2,0,18,58,28,0,47,23,0,3,1,0,0,0,1,
28,7,10,0,0,15,0,6,14,4,1,0,14,15,18,8,7,5,0,0,0,11,0,0,17,15,3,14,0,0,14,
29,0,4,0,0,6,0,20,25,5,2,0,8,4,6,3,7,0,0,1,0,8,0,0,23,8,3,3,1,14,0,
0,0,0,20,15,23,0,1,0,22,0,34,0,5,28,0,0,29,18,0,0,0,0,4,29,0,0,3,0,23,0,
1,0,0,0,0,0,11,0,0,0,26,0,23,1,0,15,0,0,0,5,9,19,32,15,0,11,7,0,15,0,2,
2,20,0,0,18,41,0,9,3,23,0,19,0,4,37,0,0,42,44,0,0,0,0,3,41,0,0,4,0,43,2,
3,15,0,18,0,19,0,15,6,6,0,4,0,2,18,0,2,9,30,0,1,0,0,1,12,0,1,7,0,20,4,
4,23,0,41,19,0,0,19,4,27,0,31,0,1,55,0,0,71,59,0,0,0,0,5,55,0,0,6,0,55,1,
5,0,11,0,0,0,0,0,0,0,26,0,30,1,0,14,0,0,0,12,8,34,25,15,0,13,14,0,17,0,5,
6,1,0,9,15,19,0,0,42,3,0,7,0,5,11,0,49,1,9,0,4,0,0,0,17,0,0,58,0,8,1,
7,0,0,3,6,4,0,42,0,27,0,1,0,0,3,0,90,1,2,0,0,0,0,0,3,0,0,72,0,1,0,
8,22,0,23,6,27,0,3,27,0,0,25,0,2,32,0,44,33,26,0,0,0,0,3,47,0,0,15,0,32,0,
9,0,26,0,0,0,26,0,0,0,0,0,62,0,0,20,0,0,0,12,16,36,39,26,0,14,10,0,38,0,7,
10,34,0,19,4,31,0,7,1,25,0,0,0,9,33,0,1,38,13,0,2,0,2,2,28,1,0,0,0,34,2,
11,0,23,0,0,0,30,0,0,0,62,0,0,1,0,36,0,0,0,17,19,48,49,24,0,18,19,0,31,0,12,
12,5,1,4,2,1,1,5,0,2,0,9,1,0,5,2,0,5,3,0,6,0,0,0,1,1,0,1,0,2,2,
13,28,0,37,18,55,0,11,3,32,0,33,0,5,0,0,4,46,35,0,7,0,0,8,46,0,0,3,0,41,0,
14,0,15,0,0,0,14,0,0,0,20,0,36,2,0,0,0,0,0,18,11,23,39,9,0,21,19,0,28,0,9,
15,0,0,0,2,0,0,49,90,44,0,1,0,0,4,0,0,1,0,0,0,0,0,0,4,0,0,81,0,2,0,
16,29,0,42,9,71,0,1,1,33,0,38,0,5,46,0,1,0,46,0,0,0,0,0,49,0,0,3,0,48,0,
17,18,0,44,30,59,0,9,2,26,0,13,0,3,35,0,0,46,0,0,7,0,0,3,40,0,0,0,0,46,1,
18,0,5,0,0,0,12,0,0,0,12,0,17,0,0,18,0,0,0,0,6,11,9,21,0,10,11,0,17,0,9,
19,0,9,0,1,0,8,4,0,0,16,2,19,6,7,11,0,0,7,6,0,14,18,4,0,21,15,0,8,0,10,
20,0,19,0,0,0,34,0,0,0,36,0,48,0,0,23,0,0,0,11,14,0,24,21,0,10,17,0,21,0,6,
21,0,32,0,0,0,25,0,0,0,39,2,49,0,0,39,0,0,0,9,18,24,0,14,0,18,20,0,35,0,6,
22,4,15,3,1,5,15,0,0,3,26,2,24,0,8,9,0,0,3,21,4,21,14,0,6,9,9,0,25,3,4,
23,29,0,41,12,55,0,17,3,47,0,28,0,1,46,0,4,49,40,0,0,0,0,6,0,0,0,8,0,32,0,
24,0,11,0,0,0,13,0,0,0,14,1,18,1,0,21,0,0,0,10,21,10,18,9,0,0,9,0,10,0,10,
25,0,7,0,1,0,14,0,0,0,10,0,19,0,0,19,0,0,0,11,15,17,20,9,0,9,0,0,15,0,11,
26,3,0,4,7,6,0,58,72,15,0,0,0,1,3,0,81,3,0,0,0,0,0,0,8,0,0,0,0,2,0,
27,0,15,0,0,0,17,0,0,0,38,0,31,0,0,28,0,0,0,17,8,21,35,25,0,10,15,0,0,0,11,
28,23,0,43,20,55,0,8,1,32,0,34,0,2,41,0,2,48,46,0,0,0,0,3,32,0,0,2,0,0,1,
29,0,2,2,4,1,5,1,0,0,7,2,12,2,0,9,0,0,1,9,10,6,6,4,0,10,11,0,11,1,0,
0,0,0,0,0,0,0,2,23,11,37,0,0,1,0,1,0,0,5,0,7,0,11,1,2,0,8,8,0,43,0,
1,0,0,0,45,18,23,0,1,11,0,0,34,48,0,36,25,36,17,0,27,22,25,37,25,0,20,0,15,0,13,
2,0,0,0,0,0,0,25,0,0,0,33,0,0,21,0,0,0,0,30,0,0,0,0,0,24,0,18,0,0,0,
3,0,45,0,0,25,21,0,0,14,1,0,47,66,0,24,36,31,22,0,29,13,18,34,27,0,23,0,17,0,20,
4,0,18,0,25,0,23,0,0,5,0,0,30,23,0,12,11,28,10,0,19,22,4,13,23,0,15,0,15,0,17,
5,0,23,0,21,23,0,0,0,4,0,0,46,26,0,33,23,46,14,0,43,14,6,33,21,0,21,0,3,1,22,
6,2,0,25,0,0,0,0,4,11,9,25,0,0,27,0,0,0,0,9,0,0,1,0,0,41,0,21,0,10,0,
7,23,1,0,0,0,0,4,0,19,29,0,0,1,1,0,1,1,8,0,1,1,14,1,4,2,4,7,1,26,0,
8,11,11,0,14,5,4,11,19,0,25,0,16,18,0,4,9,5,14,0,12,4,29,11,6,0,6,16,6,24,3,
9,37,0,0,1,0,0,9,29,25,0,0,0,0,0,1,0,0,5,1,0,0,23,0,0,0,6,15,0,51,0,
10,0,0,33,0,0,0,25,0,0,0,0,0,0,31,0,0,0,3,27,0,0,0,0,0,56,0,19,0,0,0,
11,0,34,0,47,30,46,0,0,16,0,0,0,52,0,33,33,55,21,0,59,14,27,59,27,0,20,0,21,0,22,
12,1,48,0,66,23,26,0,1,18,0,0,52,0,0,36,30,52,28,0,44,14,26,45,33,0,31,0,17,0,27,
13,0,0,21,0,0,0,27,1,0,0,31,0,0,0,0,0,0,2,13,0,0,0,0,0,51,0,20,0,1,0,
14,1,36,0,24,12,33,0,0,4,1,0,33,36,0,0,25,28,14,0,27,15,14,16,29,0,22,0,4,0,11,
15,0,25,0,36,11,23,0,1,9,0,0,33,30,0,25,0,22,9,0,43,11,7,26,26,0,11,0,6,1,24,
16,0,36,0,31,28,46,0,1,5,0,0,55,52,0,28,22,0,30,0,61,16,25,45,19,0,36,0,12,1,18,
17,5,17,0,22,10,14,0,8,14,5,3,21,28,2,14,9,30,0,0,26,13,30,21,5,0,18,1,9,5,8,
18,0,0,30,0,0,0,9,0,0,1,27,0,0,13,0,0,0,0,0,0,0,0,0,0,41,0,25,0,0,0,
19,7,27,0,29,19,43,0,1,12,0,0,59,44,0,27,43,61,26,0,0,16,12,34,20,0,30,0,10,0,24,
20,0,22,0,13,22,14,0,1,4,0,0,14,14,0,15,11,16,13,0,16,0,10,13,17,0,8,0,9,0,22,
21,11,25,0,18,4,6,1,14,29,23,0,27,26,0,14,7,25,30,0,12,10,0,12,6,0,16,12,13,13,3,
22,1,37,0,34,13,33,0,1,11,0,0,59,45,0,16,26,45,21,0,34,13,12,0,16,0,14,0,9,0,22,
23,2,25,0,27,23,21,0,4,6,0,0,27,33,0,29,26,19,5,0,20,17,6,16,0,0,14,0,6,1,16,
24,0,0,24,0,0,0,41,2,0,0,56,0,0,51,0,0,0,0,41,0,0,0,0,0,0,0,23,0,0,0,
25,8,20,0,23,15,21,0,4,6,6,0,20,31,0,22,11,36,18,0,30,8,16,14,14,0,0,0,17,6,11,
26,8,0,18,0,0,0,21,7,16,15,19,0,0,20,0,0,0,1,25,0,0,12,0,0,23,0,0,0,11,0,
27,0,15,0,17,15,3,0,1,6,0,0,21,17,0,4,6,12,9,0,10,9,13,9,6,0,17,0,0,0,1,
28,43,0,0,0,0,1,10,26,24,51,0,0,0,1,0,1,1,5,0,0,0,13,0,1,0,6,11,0,0,0,
29,0,13,0,20,17,22,0,0,3,0,0,22,27,0,11,24,18,8,0,24,22,3,22,16,0,11,0,1,0,0,
0,0,1,77,0,0,4,0,2,1,3,0,0,0,0,0,0,1,7,0,0,0,2,1,0,2,1,1,3,0,0,
1,1,0,7,10,1,0,9,11,7,0,9,10,7,0,3,8,21,1,5,0,0,0,0,3,0,0,6,0,32,4,
2,77,7,0,21,10,2,22,26,3,2,5,18,16,0,1,4,4,6,0,0,1,1,2,1,1,1,14,3,0,1,
3,0,10,21,0,21,0,20,34,1,3,6,32,25,0,0,7,7,0,0,0,0,0,0,2,0,3,16,0,8,17,
4,0,1,10,21,0,0,18,18,4,4,3,13,19,3,0,3,8,2,1,0,3,1,2,0,3,7,4,5,5,3,
5,4,0,2,0,0,0,0,0,1,17,0,0,7,47,0,4,2,6,0,0,47,64,7,0,9,0,0,54,0,0,
6,0,9,22,20,18,0,0,29,2,1,12,37,11,0,5,11,5,0,2,0,0,0,2,0,0,0,21,0,4,17,
7,2,11,26,34,18,0,29,0,2,1,5,26,21,1,0,10,4,0,2,0,0,0,0,0,3,4,15,0,5,5,
8,1,7,3,1,4,1,2,2,0,41,1,0,5,2,0,21,8,12,0,0,2,2,20,0,66,58,0,1,1,0,
9,3,0,2,3,4,17,1,1,41,0,0,1,5,23,0,7,16,4,0,0,13,19,8,0,55,31,3,14,0,3,
10,0,9,5,6,3,0,12,5,1,0,0,10,9,0,31,8,5,0,24,25,0,0,0,17,0,0,11,0,14,9,
11,0,10,18,32,13,0,37,26,0,1,10,0,20,0,1,10,13,0,0,0,0,0,1,2,0,1,11,0,3,21,
12,0,7,16,25,19,7,11,21,5,5,9,20,0,5,1,3,13,0,0,0,12,1,2,2,7,6,13,29,4,7,
13,0,0,0,0,3,47,0,1,2,23,0,0,5,0,0,0,1,5,0,0,62,50,4,0,20,2,0,63,1,0,
14,0,3,1,0,0,0,5,0,0,0,31,1,1,0,0,0,7,0,51,20,0,0,0,47,0,0,0,0,18,7,
15,0,8,4,7,3,4,11,10,21,7,8,10,3,0,0,0,2,3,0,0,3,0,1,1,14,3,6,2,0,3,
16,1,21,4,7,8,2,5,4,8,16,5,13,13,1,7,2,0,3,5,5,1,0,3,1,2,4,2,1,13,4,
17,7,1,6,0,2,6,0,0,12,4,0,0,0,5,0,3,3,0,0,0,2,2,41,0,6,31,2,5,1,0,
18,0,5,0,0,1,0,2,2,0,0,24,0,0,0,51,0,5,0,0,32,0,0,0,44,0,0,1,0,11,11,
19,0,0,0,0,0,0,0,0,0,0,25,0,0,0,20,0,5,0,32,0,0,0,0,17,0,0,1,0,4,6,
20,0,0,1,0,3,47,0,0,2,13,0,0,12,62,0,3,1,2,0,0,0,39,2,0,17,0,0,58,0,0,
21,2,0,1,0,1,64,0,0,2,19,0,0,1,50,0,0,0,2,0,0,39,0,2,0,25,0,0,36,0,0,
22,1,0,2,0,2,7,2,0,20,8,0,1,2,4,0,1,3,41,0,0,2,2,0,0,13,28,0,3,0,0,
23,0,3,1,2,0,0,0,0,0,0,17,2,2,0,47,1,1,0,44,17,0,0,0,0,0,0,1,0,18,11,
24,2,0,1,0,3,9,0,3,66,55,0,0,7,20,0,14,2,6,0,0,17,25,13,0,0,45,2,17,0,0,
25,1,0,1,3,7,0,0,4,58,31,0,1,6,2,0,3,4,31,0,0,0,0,28,0,45,0,1,2,0,0,
26,1,6,14,16,4,0,21,15,0,3,11,11,13,0,0,6,2,2,1,1,0,0,0,1,2,1,0,0,1,5,
27,3,0,3,0,5,54,0,0,1,14,0,0,29,63,0,2,1,5,0,0,58,36,3,0,17,2,0,0,0,0,
28,0,32,0,8,5,0,4,5,1,0,14,3,4,1,18,0,13,1,11,4,0,0,0,18,0,0,1,0,0,4,
29,0,4,1,17,3,0,17,5,0,3,9,21,7,0,7,3,4,0,11,6,0,0,0,11,0,0,5,0,4,0,
0,0,0,0,0,0,0,0,4,0,10,1,0,0,7,0,0,58,0,0,0,0,0,0,0,0,0,0,0,0,9,
1,0,0,30,14,8,15,7,1,11,0,1,22,23,0,10,2,0,5,20,0,13,14,11,9,18,16,16,12,1,1,
2,0,30,0,19,16,31,15,2,9,0,1,28,14,1,3,10,0,7,26,3,20,6,9,6,15,30,20,17,1,1,
3,0,14,19,0,14,17,5,0,8,0,0,15,11,0,5,5,0,1,22,0,15,5,24,12,19,21,25,29,0,0,
4,0,8,16,14,0,22,9,0,14,0,0,12,12,0,5,1,0,2,20,0,19,11,18,9,16,25,9,38,0,0,
5,0,15,31,17,22,0,20,0,27,0,0,23,22,0,0,4,0,1,33,0,11,11,14,11,22,34,20,30,0,0,
6,0,7,15,5,9,20,0,16,6,0,16,9,8,14,5,11,0,18,12,12,6,3,4,5,6,15,0,22,9,20,
7,4,1,2,0,0,0,16,0,0,28,17,2,1,35,2,1,14,2,0,11,0,0,0,0,0,0,0,0,11,50,
8,0,11,9,8,14,27,6,0,0,0,0,6,13,0,0,1,0,1,24,0,21,17,15,0,26,25,10,13,0,0,
9,10,0,0,0,0,0,0,28,0,0,5,0,0,30,0,0,34,0,0,0,0,0,0,0,0,0,0,0,2,40,
10,1,1,1,0,0,0,16,17,0,5,0,0,2,31,8,1,1,3,0,56,0,0,0,0,0,0,0,0,42,20,
11,0,22,28,15,12,23,9,2,6,0,0,0,19,0,5,8,0,4,25,5,10,4,8,14,13,12,18,22,0,0,
12,0,23,14,11,12,22,8,1,13,0,2,19,0,1,4,4,0,3,26,1,14,6,16,8,14,29,13,29,0,0,
13,7,0,1,0,0,0,14,35,0,30,31,0,1,0,0,1,2,3,0,23,0,0,0,0,0,0,0,0,13,47,
14,0,10,3,5,5,0,5,2,0,0,8,5,4,0,0,5,0,4,8,30,1,9,2,7,0,1,5,12,10,0,
15,0,2,10,5,1,4,11,1,1,0,1,8,4,1,5,0,0,20,2,0,7,1,5,4,3,5,4,7,0,0,
16,58,0,0,0,0,0,0,14,0,34,1,0,0,2,0,0,0,0,0,0,0,0,0,0,0,0,0,0,1,6,
17,0,5,7,1,2,1,18,2,1,0,3,4,3,3,4,20,0,0,5,7,4,0,4,0,4,5,7,7,3,1,
18,0,20,26,22,20,33,12,0,24,0,0,25,26,0,8,2,0,5,0,0,31,17,19,14,31,50,37,39,0,0,
19,0,0,3,0,0,0,12,11,0,0,56,5,1,23,30,0,0,7,0,0,0,0,0,1,0,0,0,0,32,10,
20,0,13,20,15,19,11,6,0,21,0,0,10,14,0,1,7,0,4,31,0,0,13,23,7,16,28,26,15,0,0,
21,0,14,6,5,11,11,3,0,17,0,0,4,6,0,9,1,0,0,17,0,13,0,12,8,15,16,18,33,1,0,
22,0,11,9,24,18,14,4,0,15,0,0,8,16,0,2,5,0,4,19,0,23,12,0,10,17,15,12,21,0,0,
23,0,9,6,12,9,11,5,0,0,0,0,14,8,0,7,4,0,0,14,1,7,8,10,0,6,10,12,14,0,0,
24,0,18,15,19,16,22,6,0,26,0,0,13,14,0,0,3,0,4,31,0,16,15,17,6,0,40,28,32,0,0,
25,0,16,30,21,25,34,15,0,25,0,0,12,29,0,1,5,0,5,50,0,28,16,15,10,40,0,47,47,0,0,
26,0,16,20,25,9,20,0,0,10,0,0,18,13,0,5,4,0,7,37,0,26,18,12,12,28,47,0,26,3,0,
27,0,12,17,29,38,30,22,0,13,0,0,22,29,0,12,7,0,7,39,0,15,33,21,14,32,47,26,0,0,0,
28,0,1,1,0,0,0,9,11,0,2,42,0,0,13,10,0,1,3,0,32,0,1,0,0,0,0,3,0,0,14,
29,9,1,1,0,0,0,20,50,0,40,20,0,0,47,0,0,6,1,0,10,0,0,0,0,0,0,0,0,14,0,
0,0,33,0,27,0,13,0,1,1,16,27,20,0,24,28,47,1,16,0,0,3,17,1,3,19,17,0,12,0,23,
1,33,0,3,67,0,43,0,1,0,50,49,42,0,33,16,33,0,14,0,0,8,41,1,13,50,20,1,38,0,31,
2,0,3,0,1,6,1,75,3,5,0,0,0,4,0,0,0,70,0,23,29,0,1,11,7,0,0,7,0,4,3,
3,27,67,1,0,1,38,0,0,2,53,43,47,2,47,35,30,1,15,0,0,8,34,0,22,66,39,1,43,0,46,
4,0,0,6,1,0,0,9,13,21,0,0,0,21,0,0,0,5,0,11,5,0,3,14,5,0,0,17,0,23,2,
5,13,43,1,38,0,0,1,0,0,35,39,33,0,19,11,23,0,9,0,0,4,37,0,7,24,8,0,48,0,22,
6,0,0,75,0,9,1,0,27,73,0,0,0,52,0,0,0,115,0,19,45,0,2,50,48,1,0,50,3,19,13,
7,1,1,3,0,13,0,27,0,17,0,0,0,17,0,0,0,12,0,10,15,0,1,22,24,0,0,23,0,24,6,
8,1,0,5,2,21,0,73,17,0,1,0,0,31,0,1,0,23,0,9,23,0,0,51,33,1,1,91,3,25,11,
9,16,50,0,53,0,35,0,0,1,0,45,28,0,37,23,39,0,15,0,0,7,26,0,18,43,33,0,26,0,41,
10,27,49,0,43,0,39,0,0,0,45,0,43,0,23,23,46,0,19,0,0,9,25,0,9,23,28,0,26,0,49,
11,20,42,0,47,0,33,0,0,0,28,43,0,0,25,21,31,0,27,0,0,16,24,0,4,35,26,0,22,0,30,
12,0,0,4,2,21,0,52,17,31,0,0,0,0,0,1,0,13,0,6,13,0,2,39,53,0,0,49,1,13,11,
13,24,33,0,47,0,19,0,0,0,37,23,25,0,0,33,22,0,7,0,0,15,7,0,30,31,35,0,16,0,23,
14,28,16,0,35,0,11,0,0,1,23,23,21,1,33,0,20,0,11,0,1,1,20,1,13,33,31,2,10,1,39,
15,47,33,0,30,0,23,0,0,0,39,46,31,0,22,20,0,0,18,0,0,8,18,0,4,32,20,0,20,3,44,
16,1,0,70,1,5,0,115,12,23,0,0,0,13,0,0,0,0,0,19,45,0,1,13,14,0,0,23,1,21,14,
17,16,14,0,15,0,9,0,0,0,15,19,27,0,7,11,18,0,0,0,0,43,14,0,1,15,7,0,7,0,13,
18,0,0,23,0,11,0,19,10,9,0,0,0,6,0,0,0,19,0,0,7,0,0,5,4,0,0,11,1,10,4,
19,0,0,29,0,5,0,45,15,23,0,0,0,13,0,1,0,45,0,7,0,0,2,9,12,0,0,16,1,11,5,
20,3,8,0,8,0,4,0,0,0,7,9,16,0,15,1,8,0,43,0,0,0,6,0,0,6,2,0,10,0,3,
21,17,41,1,34,3,37,2,1,0,26,25,24,2,7,20,18,1,14,0,2,6,0,5,3,33,21,7,23,1,26,
22,1,1,11,0,14,0,50,22,51,0,0,0,39,0,1,0,13,0,5,9,0,5,0,41,1,0,70,1,34,7,
23,3,13,7,22,5,7,48,24,33,18,9,4,53,30,13,4,14,1,4,12,0,3,41,0,31,24,44,8,19,27,
24,19,50,0,66,0,24,1,0,1,43,23,35,0,31,33,32,0,15,0,0,6,33,1,31,0,36,2,36,2,40,
25,17,20,0,39,0,8,0,0,1,33,28,26,0,35,31,20,0,7,0,0,2,21,0,24,36,0,3,13,0,29,
26,0,1,7,1,17,0,50,23,91,0,0,0,49,0,2,0,23,0,11,16,0,7,70,44,2,3,0,3,23,6,
27,12,38,0,43,0,48,3,0,3,26,26,22,1,16,10,20,1,7,1,1,10,23,1,8,36,13,3,0,0,12,
28,0,0,4,0,23,0,19,24,25,0,0,0,13,0,1,3,21,0,10,11,0,1,34,19,2,0,23,0,0,10,
29,23,31,3,46,2,22,13,6,11,41,49,30,11,23,39,44,14,13,4,5,3,26,7,27,40,29,6,12,10,0,
0,0,0,28,0,15,0,40,25,0,0,54,38,0,27,37,0,0,0,6,25,0,9,0,23,3,0,0,42,0,0,
1,0,0,0,41,0,6,0,0,0,13,0,0,0,0,0,3,25,30,0,0,0,0,0,0,0,0,11,0,0,0,
2,28,0,0,0,6,0,32,28,8,0,14,36,1,19,35,2,0,0,4,13,6,2,2,26,5,2,0,37,3,5,
3,0,41,0,0,0,8,0,0,0,19,0,0,2,0,0,2,42,32,0,0,0,0,0,0,0,0,10,0,0,0,
4,15,0,6,0,0,0,21,25,0,0,7,14,0,31,18,0,0,0,9,28,0,3,0,26,0,1,0,48,0,0,
5,0,6,0,8,0,0,0,0,1,27,0,0,6,0,0,10,0,3,1,1,1,3,0,0,4,5,28,0,3,4,
6,40,0,32,0,21,0,0,43,0,0,40,47,0,28,49,0,0,0,8,21,1,8,0,49,1,1,0,77,0,0,
7,25,0,28,0,25,0,43,0,0,0,11,33,0,16,36,3,0,0,11,26,1,11,0,55,1,1,0,50,0,0,
8,0,0,8,0,0,1,0,0,0,1,0,0,14,1,2,10,0,0,12,2,30,9,23,0,23,13,3,0,22,8,
9,0,13,0,19,0,27,0,0,1,0,0,0,5,0,0,17,6,6,1,0,3,0,0,0,2,3,20,0,0,1,
10,54,0,14,0,7,0,40,11,0,0,0,43,0,27,37,0,0,0,6,24,0,4,0,28,1,1,0,44,1,0,
11,38,0,36,0,14,0,47,33,0,0,43,0,0,32,87,0,0,0,4,25,2,11,0,56,2,0,0,74,0,0,
12,0,0,1,2,0,6,0,0,14,5,0,0,0,0,2,10,0,0,8,2,25,14,25,0,16,13,7,0,18,18,
13,27,0,19,0,31,0,28,16,1,0,27,32,0,0,16,0,0,0,6,24,0,12,0,27,0,1,0,42,1,0,
14,37,0,35,0,18,0,49,36,2,0,37,87,2,16,0,0,0,0,8,28,3,6,5,45,1,2,0,54,0,0,
15,0,3,2,2,0,10,0,3,10,17,0,0,10,0,0,0,1,0,8,0,24,14,15,1,20,9,10,0,25,11,
16,0,25,0,42,0,0,0,0,0,6,0,0,0,0,0,1,0,49,0,0,0,0,0,0,0,0,1,0,0,1,
17,0,30,0,32,0,3,0,0,0,6,0,0,0,0,0,0,49,0,0,0,0,0,0,0,1,0,10,0,0,0,
18,6,0,4,0,9,1,8,11,12,1,6,4,8,6,8,8,0,0,0,6,31,3,27,3,7,23,0,6,16,17,
19,25,0,13,0,28,1,21,26,2,0,24,25,2,24,28,0,0,0,6,0,2,8,1,30,2,1,0,21,1,4,
20,0,0,6,0,0,1,1,1,30,3,0,2,25,0,3,24,0,0,31,2,0,20,65,2,35,41,4,2,44,49,
21,9,0,2,0,3,3,8,11,9,0,4,11,14,12,6,14,0,0,3,8,20,0,11,20,8,6,3,13,15,11,
22,0,0,2,0,0,0,0,0,23,0,0,0,25,0,5,15,0,0,27,1,65,11,0,0,17,36,5,1,33,29,
23,23,0,26,0,26,0,49,55,0,0,28,56,0,27,45,1,0,0,3,30,2,20,0,0,2,0,0,53,2,1,
24,3,0,5,0,0,4,1,1,23,2,1,2,16,0,1,20,0,1,7,2,35,8,17,2,0,11,2,0,28,14,
25,0,0,2,0,1,5,1,1,13,3,1,0,13,1,2,9,0,0,23,1,41,6,36,0,11,0,4,0,17,29,
26,0,11,0,10,0,28,0,0,3,20,0,0,7,0,0,10,1,10,0,0,4,3,5,0,2,4,0,0,2,3,
27,42,0,37,0,48,0,77,50,0,0,44,74,0,42,54,0,0,0,6,21,2,13,1,53,0,0,0,0,0,0,
28,0,0,3,0,0,3,0,0,22,0,1,0,18,1,0,25,0,0,16,1,44,15,33,2,28,17,2,0,0,20,
29,0,0,5,0,0,4,0,0,8,1,0,0,18,0,0,11,1,0,17,4,49,11,29,1,14,29,3,0,20,0,
0,0,53,58,0,24,0,0,0,0,0,0,45,0,1,0,7,0,0,11,0,0,13,0,0,49,50,0,0,0,0,
1,53,0,42,0,65,0,0,0,0,0,0,80,0,6,0,3,0,0,3,0,0,3,0,0,90,29,0,0,0,0,
2,58,42,0,0,28,0,0,0,0,5,0,34,0,16,0,24,0,0,7,0,0,33,0,0,47,42,0,1,0,0,
3,0,0,0,0,1,17,12,10,3,15,14,0,42,3,0,6,3,5,3,1,9,1,0,13,0,2,4,14,0,0,
4,24,65,28,1,0,0,6,0,0,2,0,68,0,21,0,8,0,0,1,0,0,8,0,0,67,25,0,0,0,0,
5,0,0,0,17,0,0,5,21,1,7,22,0,6,0,0,6,14,17,5,0,21,1,0,14,0,3,2,20,0,0,
6,0,0,0,12,6,5,0,2,3,15,12,3,2,7,0,8,13,9,6,0,9,0,0,10,1,4,2,8,1,1,
7,0,0,0,10,0,21,2,0,13,2,12,0,21,0,0,0,39,26,1,23,39,0,0,20,0,2,17,5,0,23,
8,0,0,0,3,0,1,3,13,0,2,4,0,28,0,40,0,2,17,0,27,19,0,33,2,0,0,53,0,38,52,
9,0,0,5,15,2,7,15,2,2,0,29,0,3,1,0,5,14,21,5,0,13,1,0,12,0,0,1,26,0,1,
10,0,0,0,14,0,22,12,12,4,29,0,0,6,1,0,1,32,29,5,8,21,0,0,16,0,1,4,13,0,9,
11,45,80,34,0,68,0,3,0,0,0,0,0,0,40,0,2,0,0,0,0,0,3,0,1,92,32,0,0,0,0,
12,0,0,0,42,0,6,2,21,28,3,6,0,0,0,1,1,4,21,1,25,34,0,4,5,0,0,28,4,3,52,
13,1,6,16,3,21,0,7,0,0,1,1,40,0,0,0,46,2,0,1,0,3,7,0,0,6,7,0,1,0,0,
14,0,0,0,0,0,0,0,0,40,0,0,0,1,0,0,0,0,2,0,5,0,0,109,0,0,0,1,0,113,2,
15,7,3,24,6,8,6,8,0,0,5,1,2,1,46,0,0,4,1,1,0,2,14,0,3,4,13,0,3,0,0,
16,0,0,0,3,0,14,13,39,2,14,32,0,4,2,0,4,0,63,1,5,27,0,0,33,0,0,4,11,0,7,
17,0,0,0,5,0,17,9,26,17,21,29,0,21,0,2,1,63,0,0,18,46,1,0,23,0,0,18,7,5,22,
18,11,3,7,3,1,5,6,1,0,5,5,0,1,1,0,1,1,0,0,0,4,4,0,5,0,1,0,9,0,0,
19,0,0,0,1,0,0,0,23,27,0,8,0,25,0,5,0,5,18,0,0,22,0,1,1,0,0,64,0,4,56,
20,0,0,0,9,0,21,9,39,19,13,21,0,34,3,0,2,27,46,4,22,0,0,1,9,0,0,24,4,3,28,
21,13,3,33,1,8,1,0,0,0,1,0,3,0,7,0,14,0,1,4,0,0,0,0,0,2,7,0,0,0,0,
22,0,0,0,0,0,0,0,0,33,0,0,0,4,0,109,0,0,0,0,1,1,0,0,0,0,0,4,0,99,2,
23,0,0,0,13,0,14,10,20,2,12,16,1,5,0,0,3,33,23,5,1,9,0,0,0,0,2,1,21,0,2,
24,49,90,47,0,67,0,1,0,0,0,0,92,0,6,0,4,0,0,0,0,0,2,0,0,0,34,0,0,0,0,
25,50,29,42,2,25,3,4,2,0,0,1,32,0,7,0,13,0,0,1,0,0,7,0,2,34,0,0,3,0,0,
26,0,0,0,4,0,2,2,17,53,1,4,0,28,0,1,0,4,18,0,64,24,0,4,1,0,0,0,1,1,77,
27,0,0,1,14,0,20,8,5,0,26,13,0,4,1,0,3,11,7,9,0,4,0,0,21,0,3,1,0,3,3,
28,0,0,0,0,0,0,1,0,38,0,0,0,3,0,113,0,0,5,0,4,3,0,99,0,0,0,1,3,0,7,
29,0,0,0,0,0,0,1,23,52,1,9,0,52,0,2,0,7,22,0,56,28,0,2,2,0,0,77,3,7,0,
0,0,11,15,0,11,4,4,3,15,0,4,1,10,0,11,1,7,6,8,8,17,19,0,0,15,7,1,4,8,1,
1,11,0,24,3,0,0,9,23,3,0,21,0,15,4,2,20,41,0,35,11,0,13,2,0,0,26,2,33,56,21,
2,15,24,0,0,0,2,9,15,6,0,5,0,14,0,2,7,41,1,15,5,3,15,0,0,0,28,1,25,31,14,
3,0,3,0,0,0,0,5,21,0,77,2,0,1,104,0,0,1,0,5,0,0,0,142,0,0,0,0,0,1,4,
4,11,0,0,0,0,4,0,0,5,0,2,4,3,0,15,0,0,28,0,2,10,4,0,4,27,0,6,0,0,0,
5,4,0,2,0,4,0,1,3,5,0,7,0,1,0,2,5,5,1,6,0,12,6,0,0,0,3,6,1,5,5,
6,4,9,9,5,0,1,0,7,4,0,6,0,20,2,2,4,17,0,25,1,0,8,4,0,0,8,0,12,18,4,
7,3,23,15,21,0,3,7,0,3,12,9,0,10,30,0,15,20,0,41,16,1,0,32,0,0,19,17,32,30,27,
8,15,3,6,0,5,5,4,3,0,0,6,2,15,0,3,3,4,0,4,5,33,18,0,0,14,10,3,4,11,3,
9,0,0,0,77,0,0,0,12,0,0,1,0,0,50,0,0,0,0,1,0,0,0,59,0,0,0,2,0,2,0,
10,4,21,5,2,2,7,6,9,6,1,0,0,7,0,16,16,7,1,15,19,9,7,2,0,0,8,13,33,27,32,
11,1,0,0,0,4,0,0,0,2,0,0,0,0,0,1,0,0,0,0,0,0,0,0,51,41,0,0,0,0,0,
12,10,15,14,1,3,1,20,10,15,0,7,0,0,1,4,5,18,2,11,22,6,19,0,0,1,14,2,18,20,5,
13,0,4,0,104,0,0,2,30,0,50,0,0,1,0,0,1,0,0,0,0,0,0,113,0,0,1,0,1,1,0,
14,11,2,2,0,15,2,2,0,3,0,16,1,4,0,0,0,4,6,1,0,14,8,0,3,17,4,1,0,1,2,
15,1,20,7,0,0,5,4,15,3,0,16,0,5,1,0,0,12,0,27,14,0,0,1,0,0,22,10,35,28,18,
16,7,41,41,1,0,5,17,20,4,0,7,0,18,0,4,12,0,0,42,7,2,26,0,0,0,32,0,26,40,15,
17,6,0,1,0,28,1,0,0,0,0,1,0,2,0,6,0,0,0,0,0,8,3,0,4,9,0,8,0,0,0,
18,8,35,15,5,0,6,25,41,4,1,15,0,11,0,1,27,42,0,0,12,0,21,0,0,0,29,14,49,37,35,
19,8,11,5,0,2,0,1,16,5,0,19,0,22,0,0,14,7,0,12,0,1,6,1,0,0,8,16,15,16,10,
20,17,0,3,0,10,12,0,1,33,0,9,0,6,0,14,0,2,8,0,1,0,10,0,1,5,1,6,0,0,0,
21,19,13,15,0,4,6,8,0,18,0,7,0,19,0,8,0,26,3,21,6,10,0,0,0,4,5,2,10,11,4,
22,0,2,0,142,0,0,4,32,0,59,2,0,0,113,0,1,0,0,0,1,0,0,0,0,0,0,0,5,2,1,
23,0,0,0,0,4,0,0,0,0,0,0,51,0,0,3,0,0,4,0,0,1,0,0,0,17,0,0,0,0,0,
24,15,0,0,0,27,0,0,0,14,0,0,41,1,0,17,0,0,9,0,0,5,4,0,17,0,0,0,0,0,0,
25,7,26,28,0,0,3,8,19,10,0,8,0,14,1,4,22,32,0,29,8,1,5,0,0,0,0,5,32,27,14,
26,1,2,1,0,6,6,0,17,3,2,13,0,2,0,1,10,0,8,14,16,6,2,0,0,0,5,0,17,13,17,
27,4,33,25,0,0,1,12,32,4,0,33,0,18,1,0,35,26,0,49,15,0,10,5,0,0,32,17,0,60,50,
28,8,56,31,1,0,5,18,30,11,2,27,0,20,1,1,28,40,0,37,16,0,11,2,0,0,27,13,60,0,36,
29,1,21,14,4,0,5,4,27,3,0,32,0,5,0,2,18,15,0,35,10,0,4,1,0,0,14,17,50,36,0,
0,0,11,2,5,8,1,0,22,0,7,4,7,6,11,0,3,4,0,0,1,2,3,10,14,1,3,12,4,10,1,
1,11,0,0,20,12,1,0,15,3,30,6,10,7,36,0,8,16,0,0,0,2,8,14,18,0,4,14,26,8,1,
2,2,0,0,0,0,36,25,0,0,0,0,4,0,0,29,0,0,0,14,58,3,0,0,0,1,0,0,0,0,4,
3,5,20,0,0,61,0,0,5,3,4,3,0,29,33,0,20,40,3,0,0,1,18,19,1,0,21,4,24,26,0,
4,8,12,0,61,0,0,0,8,0,5,2,0,42,39,0,12,25,5,0,0,2,26,15,3,0,17,8,40,21,0,
5,1,1,36,0,0,0,9,2,26,1,0,11,0,0,23,0,0,0,15,51,7,1,0,1,27,0,18,0,0,6,
6,0,0,25,0,0,9,0,0,0,0,0,0,0,0,12,0,0,0,33,14,0,0,0,0,0,0,0,0,0,0,
7,22,15,0,5,8,2,0,0,2,37,15,5,6,16,0,2,4,1,0,0,0,7,13,17,0,2,19,7,7,6,
