Node/Edge,1000,3771
Step/Entity,1600,30
meet_step
0,0,21,0,12,9,11,6,0,0,8,0,0,1,28,6,0,0,0,7,0,77,0,27,0,0,56,50,0,7,0,
1,21,0,0,14,35,9,3,0,0,6,0,0,5,4,9,0,0,0,17,0,26,0,24,1,0,35,23,0,4,0,
2,0,0,0,0,0,0,0,0,0,0,92,0,0,0,0,0,0,0,0,0,0,93,0,0,0,0,0,0,0,0,
3,12,14,0,0,23,9,25,3,2,26,0,5,21,42,27,0,2,0,27,0,13,0,41,3,0,5,3,0,35,4,
4,9,35,0,23,0,5,16,0,0,39,0,0,22,16,25,0,0,0,17,0,6,0,14,0,0,27,8,0,40,0,
5,11,9,0,9,5,0,22,0,0,15,0,0,24,13,12,0,0,0,43,4,17,0,11,1,0,4,6,0,6,0,
6,6,3,0,25,16,22,0,0,0,25,0,0,46,24,32,0,0,0,33,27,5,0,11,0,0,2,1,0,37,0,
7,0,0,0,3,0,0,0,0,26,0,0,39,0,0,0,0,1,40,0,0,0,0,0,34,0,0,0,44,0,36,
8,0,0,0,2,0,0,0,26,0,0,2,8,0,0,0,0,4,30,0,0,0,0,0,5,0,0,0,21,0,47,
9,8,6,0,26,39,15,25,0,0,0,0,1,17,20,39,0,5,0,32,0,6,0,11,0,0,3,3,0,47,0,
10,0,0,92,0,0,0,0,0,2,0,0,0,0,0,0,0,0,1,0,0,0,79,0,0,0,0,0,0,0,2,
11,0,0,0,5,0,0,0,39,8,1,0,0,0,0,2,0,9,32,0,0,0,0,0,53,0,0,0,27,0,18,
12,1,5,0,21,22,24,46,0,0,17,0,0,0,34,20,0,0,0,29,0,2,0,16,0,0,1,1,0,13,0,
13,28,4,0,42,16,13,24,0,0,20,0,0,34,0,24,0,0,0,30,0,39,0,27,0,0,20,25,0,21,0,
14,6,9,0,27,25,12,32,0,0,39,0,2,20,24,0,0,4,0,34,0,4,0,13,0,0,4,2,0,55,0,
15,0,0,0,0,0,0,0,0,0,0,0,0,0,0,0,0,0,0,0,0,0,0,0,0,8,0,0,0,0,0,
16,0,0,0,2,0,0,0,1,4,5,0,9,0,0,4,0,0,0,1,0,0,0,1,11,0,0,0,2,2,1,
17,0,0,0,0,0,0,0,40,30,0,1,32,0,0,0,0,0,0,0,0,0,0,0,18,0,0,0,28,0,19,
18,7,17,0,27,17,43,33,0,0,32,0,0,29,30,34,0,1,0,0,4,8,0,7,0,0,3,3,0,44,0,
19,0,0,0,0,0,4,27,0,0,0,0,0,0,0,0,0,0,0,4,0,0,0,0,0,0,0,0,0,0,0,
20,77,26,0,13,6,17,5,0,0,6,0,0,2,39,4,0,0,0,8,0,0,0,26,0,0,50,45,0,4,0,
21,0,0,93,0,0,0,0,0,0,0,79,0,0,0,0,0,0,0,0,0,0,0,0,0,0,0,0,0,0,0,
22,27,24,0,41,14,11,11,0,0,11,0,0,16,27,13,0,1,0,7,0,26,0,0,0,0,35,20,0,11,0,
23,0,1,0,3,0,1,0,34,5,0,0,53,0,0,0,0,11,18,0,0,0,0,0,0,0,0,0,19,2,13,
24,0,0,0,0,0,0,0,0,0,0,0,0,0,0,0,8,0,0,0,0,0,0,0,0,0,0,0,0,0,0,
25,56,35,0,5,27,4,2,0,0,3,0,0,1,20,4,0,0,0,3,0,50,0,35,0,0,0,78,0,4,0,
26,50,23,0,3,8,6,1,0,0,3,0,0,1,25,2,0,0,0,3,0,45,0,20,0,0,78,0,0,3,0,
27,0,0,0,0,0,0,0,44,21,0,0,27,0,0,0,0,2,28,0,0,0,0,0,19,0,0,0,0,0,22,
28,7,4,0,35,40,6,37,0,0,47,0,0,13,21,55,0,2,0,44,0,4,0,11,2,0,4,3,0,0,0,
29,0,0,0,4,0,0,0,36,47,0,2,18,0,0,0,0,1,19,0,0,0,0,0,13,0,0,0,22,0,0,
0,0,3,1,16,0,39,0,8,4,2,0,42,8,0,1,8,1,20,21,18,1,0,28,0,0,3,3,50,32,0,
1,3,0,0,0,0,0,0,2,29,37,0,1,0,15,34,1,19,0,1,0,11,0,7,45,0,1,3,2,0,0,
2,1,0,0,0,0,4,0,4,0,0,0,0,2,2,0,92,24,0,2,13,57,0,0,0,0,99,132,4,1,0,
3,16,0,0,0,0,14,3,19,1,0,0,18,22,0,0,0,24,14,28,0,1,0,15,0,7,1,0,25,23,0,
4,0,0,0,0,0,0,15,0,0,0,0,0,0,0,0,0,0,0,0,0,0,48,0,0,50,0,0,0,0,0,
5,39,0,4,14,0,0,0,4,1,0,0,63,4,2,3,10,6,27,28,11,1,0,35,0,0,2,2,36,26,0,
6,0,0,0,3,15,0,0,7,0,0,0,0,7,0,0,0,0,0,5,2,0,19,0,0,20,0,0,0,0,0,
7,8,2,4,19,0,4,7,0,0,2,0,9,31,0,1,3,10,9,27,0,0,0,3,4,0,0,2,9,11,0,
8,4,29,0,1,0,1,0,0,0,72,0,1,0,49,48,0,11,0,0,0,33,0,24,62,0,0,3,1,0,0,
9,2,37,0,0,0,0,0,2,72,0,0,4,0,72,56,0,16,0,1,1,31,0,28,95,0,0,3,3,3,0,
10,0,0,0,0,0,0,0,0,0,0,0,0,0,0,0,0,0,0,0,0,0,0,0,1,0,0,0,0,0,47,
11,42,1,0,18,0,63,0,9,1,4,0,0,6,2,1,10,2,27,15,11,5,0,32,0,0,2,1,41,52,0,
12,8,0,2,22,0,4,7,31,0,0,0,6,0,1,1,0,17,9,22,3,0,0,2,0,0,0,0,14,11,0,
13,0,15,2,0,0,2,0,0,49,72,0,2,1,0,35,1,12,0,2,0,15,0,12,50,0,1,3,1,0,5,
14,1,34,0,0,0,3,0,1,48,56,0,1,1,35,0,1,9,0,0,0,30,0,8,56,0,0,4,0,0,0,
15,8,1,92,0,0,10,0,3,0,0,0,10,0,1,1,0,18,0,2,29,40,0,7,0,0,75,101,14,6,0,
16,1,19,24,24,0,6,0,10,11,16,0,2,17,12,9,18,0,2,20,0,19,0,6,16,1,23,24,2,5,0,
17,20,0,0,14,0,27,0,9,0,0,0,27,9,0,0,0,2,0,19,0,2,0,13,0,0,2,0,19,17,0,
18,21,1,2,28,0,28,5,27,0,1,0,15,22,2,0,2,20,19,0,3,7,1,10,0,1,1,3,14,19,0,
19,18,0,13,0,0,11,2,0,0,1,0,11,3,0,0,29,0,0,3,0,3,0,23,0,0,17,14,18,12,0,
20,1,11,57,1,0,1,0,0,33,31,0,5,0,15,30,40,19,2,7,3,0,0,0,25,0,62,51,1,3,0,
21,0,0,0,0,48,0,19,0,0,0,0,0,0,0,0,0,0,0,1,0,0,0,0,0,49,0,0,0,0,0,
22,28,7,0,15,0,35,0,3,24,28,0,32,2,12,8,7,6,13,10,23,0,0,0,21,0,0,0,29,17,0,
23,0,45,0,0,0,0,0,4,62,95,1,0,0,50,56,0,16,0,0,0,25,0,21,0,0,0,3,0,0,0,
24,0,0,0,7,50,0,20,0,0,0,0,0,0,0,0,0,1,0,1,0,0,49,0,0,0,0,0,0,0,0,
25,3,1,99,1,0,2,0,0,0,0,0,2,0,1,0,75,23,2,1,17,62,0,0,0,0,0,100,0,1,0,
26,3,3,132,0,0,2,0,2,3,3,0,1,0,3,4,101,24,0,3,14,51,0,0,3,0,100,0,2,1,0,
27,50,2,4,25,0,36,0,9,1,3,0,41,14,1,0,14,2,19,14,18,1,0,29,0,0,0,2,0,43,0,
28,32,0,1,23,0,26,0,11,0,3,0,52,11,0,0,6,5,17,19,12,3,0,17,0,0,1,1,43,0,0,
29,0,0,0,0,0,0,0,0,0,0,47,0,0,5,0,0,0,0,0,0,0,0,0,0,0,0,0,0,0,0,
0,0,0,0,44,0,0,0,47,0,40,1,0,0,33,29,0,4,0,25,0,0,0,48,0,0,37,0,0,14,0,
1,0,0,2,0,33,6,20,0,41,0,0,0,30,0,0,0,0,20,0,31,13,0,0,0,48,0,13,0,0,15,
2,0,2,0,0,2,0,0,0,2,0,0,0,2,0,0,100,0,1,0,20,22,0,0,0,0,0,23,0,0,58,
3,44,0,0,0,0,0,0,103,0,98,2,0,0,79,89,0,2,0,69,0,0,3,91,0,0,98,0,9,36,0,
4,0,33,2,0,0,1,19,0,77,0,0,0,37,0,0,6,0,15,0,42,17,0,0,0,10,0,43,0,0,19,
5,0,6,0,0,1,0,1,0,1,0,0,0,0,0,0,0,0,0,0,1,145,0,0,0,0,0,0,0,0,2,
6,0,20,0,0,19,1,0,0,11,0,0,0,11,0,0,3,0,22,0,12,11,0,0,6,8,0,11,0,0,6,
7,47,0,0,103,0,0,0,0,0,91,3,5,0,83,95,0,7,0,66,0,0,9,108,0,0,101,0,4,42,0,
8,0,41,2,0,77,1,11,0,0,0,0,0,34,0,0,5,0,27,0,44,17,0,0,0,4,0,37,0,0,13,
9,40,0,0,98,0,0,0,91,0,0,1,4,0,77,89,0,6,0,50,0,0,1,84,0,0,79,0,1,39,0,
10,1,0,0,2,0,0,0,3,0,1,0,1,0,2,3,0,10,0,2,0,0,0,2,0,0,2,0,13,0,0,
11,0,0,0,0,0,0,0,5,0,4,1,0,0,2,0,0,16,0,1,0,0,79,2,1,0,6,0,0,0,0,
12,0,30,2,0,37,0,11,0,34,0,0,0,0,0,0,2,0,27,0,27,1,0,0,2,3,0,27,0,0,9,
13,33,0,0,79,0,0,0,83,0,77,2,2,0,0,93,0,2,0,81,0,0,1,96,0,0,81,0,6,32,0,
14,29,0,0,89,0,0,0,95,0,89,3,0,0,93,0,0,7,0,90,0,0,5,86,0,0,67,0,5,37,0,
15,0,0,100,0,6,0,3,0,5,0,0,0,2,0,0,0,0,0,0,20,28,0,0,0,0,0,16,0,0,76,
16,4,0,0,2,0,0,0,7,0,6,10,16,0,2,7,0,0,0,4,0,0,18,7,4,0,0,0,3,0,0,
17,0,20,1,0,15,0,22,0,27,0,0,0,27,0,0,0,0,0,0,17,10,0,0,1,7,0,16,0,0,13,
18,25,0,0,69,0,0,0,66,0,50,2,1,0,81,90,0,4,0,0,0,0,0,74,0,0,71,0,6,39,0,
19,0,31,20,0,42,1,12,0,44,0,0,0,27,0,0,20,0,17,0,0,38,0,0,0,12,0,40,0,0,3,
20,0,13,22,0,17,145,11,0,17,0,0,0,1,0,0,28,0,10,0,38,0,1,0,0,2,0,19,0,0,1,
21,0,0,0,3,0,0,0,9,0,1,0,79,0,1,5,0,18,0,0,0,1,0,0,1,0,5,0,0,0,0,
22,48,0,0,91,0,0,0,108,0,84,2,2,0,96,86,0,7,0,74,0,0,0,0,0,0,84,0,2,42,0,
23,0,0,0,0,0,0,6,0,0,0,0,1,2,0,0,0,4,1,0,0,0,1,0,0,0,0,0,0,0,0,
24,0,48,0,0,10,0,8,0,4,0,0,0,3,0,0,0,0,7,0,12,2,0,0,0,0,0,8,0,0,7,
25,37,0,0,98,0,0,0,101,0,79,2,6,0,81,67,0,0,0,71,0,0,5,84,0,0,0,0,9,29,0,
26,0,13,23,0,43,0,11,0,37,0,0,0,27,0,0,16,0,16,0,40,19,0,0,0,8,0,0,0,0,11,
27,0,0,0,9,0,0,0,4,0,1,13,0,0,6,5,0,3,0,6,0,0,0,2,0,0,9,0,0,3,0,
28,14,0,0,36,0,0,0,42,0,39,0,0,0,32,37,0,0,0,39,0,0,0,42,0,0,29,0,3,0,0,
29,0,15,58,0,19,2,6,0,13,0,0,0,9,0,0,76,0,13,0,3,1,0,0,0,7,0,11,0,0,0,
0,0,0,0,0,0,0,3,0,2,0,2,0,2,27,0,0,1,10,0,0,0,74,0,2,0,2,2,2,61,27,
1,0,0,94,0,33,0,0,2,3,1,0,0,0,0,105,1,0,0,0,1,1,0,19,0,5,0,1,0,0,0,
2,0,94,0,0,42,1,0,0,6,4,1,0,10,0,127,0,0,0,0,0,0,0,4,0,0,0,1,0,0,1,
3,0,0,0,0,0,0,0,0,0,0,0,0,0,0,0,6,0,0,0,10,0,0,8,0,14,0,0,0,0,0,
4,0,33,42,0,0,1,0,0,1,0,0,0,0,0,56,5,0,0,0,6,0,0,7,0,0,3,1,0,0,0,
5,0,0,1,0,1,0,0,0,22,31,3,2,10,0,0,0,0,3,0,0,5,0,0,3,0,59,12,3,0,10,
6,3,0,0,0,0,0,0,0,8,1,58,82,67,5,0,0,2,2,0,0,53,1,0,4,0,0,15,12,0,7,
7,0,2,0,0,0,0,0,0,3,0,0,3,0,0,0,0,149,0,0,0,142,0,0,0,0,0,0,0,0,0,
8,2,3,6,0,1,22,8,3,0,36,6,4,1,0,0,0,0,12,0,0,6,0,2,7,0,10,13,9,3,11,
9,0,1,4,0,0,31,1,0,36,0,9,2,11,2,0,0,0,4,0,0,4,2,4,11,0,32,13,16,0,1,
10,2,0,1,0,0,3,58,0,6,9,0,34,88,4,0,0,0,9,0,0,22,2,0,4,0,10,2,6,2,4,
11,0,0,0,0,0,2,82,3,4,2,34,0,37,2,0,0,10,1,0,0,22,1,0,4,0,0,20,12,3,4,
12,2,0,10,0,0,10,67,0,1,11,88,37,0,1,0,0,0,6,0,0,26,0,3,0,1,4,3,4,1,2,
13,27,0,0,0,0,0,5,0,0,2,4,2,1,0,0,0,0,1,0,0,3,27,0,2,0,2,2,4,31,3,
14,0,105,127,0,56,0,0,0,0,0,0,0,0,0,0,3,0,0,0,5,0,0,6,0,4,0,4,0,0,0,
15,0,1,0,6,5,0,0,0,0,0,0,0,0,0,3,0,0,0,0,37,0,0,25,0,16,0,0,0,0,0,
16,1,0,0,0,0,0,2,149,0,0,0,10,0,0,0,0,0,0,0,0,4,1,0,0,0,0,3,0,1,0,
17,10,0,0,0,0,3,2,0,12,4,9,1,6,1,0,0,0,0,0,0,4,6,0,63,0,1,5,33,5,12,
18,0,0,0,0,0,0,0,0,0,0,0,0,0,0,0,0,0,0,0,0,0,0,0,0,0,0,0,0,0,0,
19,0,1,0,10,6,0,0,0,0,0,0,0,0,0,5,37,0,0,0,0,0,0,30,0,48,0,0,0,0,0,
20,0,1,0,0,0,5,53,142,6,4,22,22,26,3,0,0,4,4,0,0,0,0,0,12,0,0,7,8,0,4,
21,74,0,0,0,0,0,1,0,0,2,2,1,0,27,0,0,1,6,0,0,0,0,0,2,0,0,2,1,56,6,
22,0,19,4,8,7,0,0,0,2,4,0,0,3,0,6,25,0,0,0,30,0,0,0,0,12,0,0,0,0,0,
23,2,0,0,0,0,3,4,0,7,11,4,4,0,2,0,0,0,63,0,0,12,2,0,0,0,5,8,42,3,18,
24,0,5,0,14,0,0,0,0,0,0,0,0,1,0,4,16,0,0,0,48,0,0,12,0,0,0,0,0,0,0,
25,2,0,0,0,3,59,0,0,10,32,10,0,4,2,0,0,0,1,0,0,0,0,0,5,0,0,17,3,1,11,
26,2,1,1,0,1,12,15,0,13,13,2,20,3,2,4,0,3,5,0,0,7,2,0,8,0,17,0,9,1,26,
27,2,0,0,0,0,3,12,0,9,16,6,12,4,4,0,0,0,33,0,0,8,1,0,42,0,3,9,0,1,15,
28,61,0,0,0,0,0,0,0,3,0,2,3,1,31,0,0,1,5,0,0,0,56,0,3,0,1,1,1,0,21,
29,27,0,1,0,0,10,7,0,11,1,4,4,2,3,0,0,0,12,0,0,4,6,0,18,0,11,26,15,21,0,
0,0,0,32,0,0,32,0,17,0,1,5,22,0,0,0,29,0,1,0,14,0,32,0,0,0,0,18,0,0,0,
1,0,0,0,0,0,0,0,0,0,0,0,0,0,0,0,0,0,0,0,0,0,0,0,0,0,0,0,0,0,0,
2,32,0,0,0,0,63,0,5,0,2,1,70,0,0,0,86,0,0,0,14,0,71,0,0,0,0,28,0,0,0,
3,0,0,0,0,2,0,0,0,10,0,3,0,17,16,14,0,3,0,10,0,1,0,2,1,51,6,0,32,0,0,
4,0,0,0,2,0,0,0,0,8,0,23,0,3,15,6,0,0,3,13,0,19,0,87,44,2,5,0,4,0,0,
5,32,0,63,0,0,0,0,6,0,9,7,58,0,0,0,56,0,2,0,27,0,41,0,0,0,0,48,0,0,0,
6,0,0,0,0,0,0,0,1,1,1,0,0,0,0,2,0,73,0,0,0,0,0,0,0,0,0,0,1,0,58,
7,17,0,5,0,0,6,1,0,0,1,0,5,0,0,0,10,0,0,0,32,0,3,0,0,0,0,4,0,0,0,
8,0,0,0,10,8,0,1,0,0,0,8,0,35,19,77,0,0,2,1,0,33,0,4,14,0,18,0,3,0,1,
9,1,0,2,0,0,9,1,1,0,0,0,1,0,0,0,0,0,0,0,15,0,1,0,0,0,0,3,0,0,0,
10,5,0,1,3,23,7,0,0,8,0,0,0,4,5,16,1,0,9,19,2,9,0,12,11,3,25,0,5,0,0,
11,22,0,70,0,0,58,0,5,0,1,0,0,0,0,0,88,0,0,0,34,0,92,0,0,0,0,45,0,0,0,
12,0,0,0,17,3,0,0,0,35,0,4,0,0,12,35,0,0,5,3,0,39,0,2,3,5,5,0,2,0,0,
13,0,0,0,16,15,0,0,0,19,0,5,0,12,0,23,0,0,7,5,0,12,0,13,9,0,8,0,1,0,0,
14,0,0,0,14,6,0,2,0,77,0,16,0,35,23,0,0,0,1,5,0,20,0,10,8,6,22,0,3,0,0,
15,29,0,86,0,0,56,0,10,0,0,1,88,0,0,0,0,0,0,0,25,1,79,0,0,0,0,31,0,0,0,
16,0,0,0,3,0,0,73,0,0,0,0,0,0,0,0,0,0,0,1,0,0,0,0,0,0,0,0,1,1,51,
17,1,0,0,0,3,2,0,0,2,0,9,0,5,7,1,0,0,0,1,1,6,2,3,8,0,16,1,0,0,0,
18,0,0,0,10,13,0,0,0,1,0,19,0,3,5,5,0,1,1,0,0,10,0,10,13,14,4,0,14,0,0,
19,14,0,14,0,0,27,0,32,0,15,2,34,0,0,0,25,0,1,0,0,0,23,0,0,0,0,25,0,0,0,
20,0,0,0,1,19,0,0,0,33,0,9,0,39,12,20,1,0,6,10,0,0,0,16,23,4,4,0,1,0,0,
21,32,0,71,0,0,41,0,3,0,1,0,92,0,0,0,79,0,2,0,23,0,0,0,0,0,0,28,0,0,0,
22,0,0,0,2,87,0,0,0,4,0,12,0,2,13,10,0,0,3,10,0,16,0,0,48,13,3,0,5,0,0,
23,0,0,0,1,44,0,0,0,14,0,11,0,3,9,8,0,0,8,13,0,23,0,48,0,14,2,0,4,0,0,
24,0,0,0,51,2,0,0,0,0,0,3,0,5,0,6,0,0,0,14,0,4,0,13,14,0,3,0,47,0,0,
25,0,0,0,6,5,0,0,0,18,0,25,0,5,8,22,0,0,16,4,0,4,0,3,2,3,0,0,5,0,0,
26,18,0,28,0,0,48,0,4,0,3,0,45,0,0,0,31,0,1,0,25,0,28,0,0,0,0,0,0,0,0,
27,0,0,0,32,4,0,1,0,3,0,5,0,2,1,3,0,1,0,14,0,1,0,5,4,47,5,0,0,0,0,
28,0,0,0,0,0,0,0,0,0,0,0,0,0,0,0,0,1,0,0,0,0,0,0,0,0,0,0,0,0,3,
29,0,0,0,0,0,0,58,0,1,0,0,0,0,0,0,0,51,0,0,0,0,0,0,0,0,0,0,0,3,0,
0,0,1,2,1,13,6,1,0,0,9,6,4,1,0,0,5,4,14,1,2,0,1,0,2,9,4,2,10,1,1,
1,1,0,0,0,0,19,23,9,10,0,22,14,0,16,0,12,19,0,0,15,0,0,10,0,22,21,0,20,0,0,
2,2,0,0,35,11,0,0,0,0,5,0,0,6,0,0,0,0,19,24,0,0,46,0,36,0,0,22,0,29,15,
3,1,0,35,0,1,0,0,0,0,1,0,0,11,0,0,0,0,28,16,0,0,21,0,62,0,0,30,0,20,44,
4,13,0,11,1,0,0,0,0,0,15,0,0,10,0,0,0,0,11,10,0,0,7,0,6,0,0,5,0,10,0,
5,6,19,0,0,0,0,24,10,19,0,45,36,0,17,4,20,45,0,0,29,0,0,13,0,36,10,0,43,0,0,
6,1,23,0,0,0,24,0,13,46,0,28,40,0,37,3,25,28,0,0,33,0,0,23,0,21,17,0,29,0,0,
7,0,9,0,0,0,10,13,0,9,0,2,6,0,6,1,14,11,0,0,19,2,0,14,0,10,1,0,13,0,0,
8,0,10,0,0,0,19,46,9,0,0,36,37,0,30,5,28,62,0,0,30,0,0,12,0,26,15,0,51,0,0,
9,9,0,5,1,15,0,0,0,0,0,0,0,18,0,0,0,0,5,1,0,0,4,0,1,0,0,7,0,6,0,
10,6,22,0,0,0,45,28,2,36,0,0,37,0,37,0,15,41,0,0,13,0,0,15,0,37,11,0,53,0,0,
11,4,14,0,0,0,36,40,6,37,0,37,0,0,36,0,24,50,0,0,27,0,0,13,0,28,13,0,65,0,0,
12,1,0,6,11,10,0,0,0,0,18,0,0,0,0,0,0,0,2,11,0,0,18,0,24,0,0,9,0,9,3,
13,0,16,0,0,0,17,37,6,30,0,37,36,0,0,2,29,24,0,0,28,0,0,12,0,16,14,0,44,0,0,
14,0,0,0,0,0,4,3,1,5,0,0,0,0,2,0,2,1,0,0,0,0,0,2,0,1,1,0,5,0,0,
15,5,12,0,0,0,20,25,14,28,0,15,24,0,29,2,0,33,0,0,30,0,0,25,0,17,9,0,28,0,0,
16,4,19,0,0,0,45,28,11,62,0,41,50,0,24,1,33,0,0,0,32,0,0,16,0,51,12,0,56,0,0,
17,14,0,19,28,11,0,0,0,0,5,0,0,2,0,0,0,0,0,9,0,0,14,0,21,0,0,12,0,10,1,
18,1,0,24,16,10,0,0,0,0,1,0,0,11,0,0,0,0,9,0,0,0,36,0,18,0,0,17,0,6,2,
19,2,15,0,0,0,29,33,19,30,0,13,27,0,28,0,30,32,0,0,0,0,0,19,0,15,20,0,32,1,0,
20,0,0,0,0,0,0,0,2,0,0,0,0,0,0,0,0,0,0,0,0,0,0,0,0,0,0,0,0,0,0,
21,1,0,46,21,7,0,0,0,0,4,0,0,18,0,0,0,0,14,36,0,0,0,0,35,0,0,27,0,15,7,
22,0,10,0,0,0,13,23,14,12,0,15,13,0,12,2,25,16,0,0,19,0,0,0,0,9,17,1,25,0,0,
23,2,0,36,62,6,0,0,0,0,1,0,0,24,0,0,0,0,21,18,0,0,35,0,0,0,0,33,0,26,24,
24,9,22,0,0,0,36,21,10,26,0,37,28,0,16,1,17,51,0,0,15,0,0,9,0,0,11,0,46,0,0,
25,4,21,0,0,0,10,17,1,15,0,11,13,0,14,1,9,12,0,0,20,0,0,17,0,11,0,0,6,0,0,
26,2,0,22,30,5,0,0,0,0,7,0,0,9,0,0,0,0,12,17,0,0,27,1,33,0,0,0,0,28,9,
27,10,20,0,0,0,43,29,13,51,0,53,65,0,44,5,28,56,0,0,32,0,0,25,0,46,6,0,0,0,0,
28,1,0,29,20,10,0,0,0,0,6,0,0,9,0,0,0,0,10,6,1,0,15,0,26,0,0,28,0,0,4,
29,1,0,15,44,0,0,0,0,0,0,0,0,3,0,0,0,0,1,2,0,0,7,0,24,0,0,9,0,4,0,
0,0,0,0,0,0,0,0,0,75,0,0,0,97,52,0,0,90,124,136,137,0,0,0,0,0,0,120,0,0,0,
1,0,0,6,1,3,2,3,21,0,3,0,4,0,0,0,2,0,0,0,0,2,0,33,2,0,12,0,2,3,0,
2,0,6,0,48,43,83,5,2,0,7,0,63,0,0,0,1,0,0,0,0,30,0,1,3,0,0,0,72,21,0,
3,0,1,48,0,63,108,0,2,0,1,0,97,0,0,0,0,0,0,0,0,55,0,4,0,0,0,0,106,19,0,
4,0,3,43,63,0,69,0,1,0,0,0,67,0,0,0,0,0,0,0,0,33,0,2,0,0,2,0,49,68,0,
5,0,2,83,108,69,0,1,3,0,0,0,102,0,0,0,0,0,0,0,0,43,0,3,1,0,0,0,117,31,0,
6,0,3,5,0,0,1,0,4,0,107,0,0,0,0,0,104,0,0,0,0,0,0,7,89,0,34,0,0,0,0,
7,0,21,2,2,1,3,4,0,0,1,0,0,0,0,0,6,0,0,0,0,1,0,12,2,0,20,0,3,2,0,
8,75,0,0,0,0,0,0,0,0,0,0,0,72,26,0,0,55,70,79,82,0,0,0,0,0,0,62,0,0,0,
9,0,3,7,1,0,0,107,1,0,0,0,0,0,0,0,98,0,0,0,0,0,0,12,105,0,41,0,0,0,2,
10,0,0,0,0,0,0,0,0,0,0,0,0,0,0,1,0,0,0,0,0,0,0,0,0,0,0,0,0,0,0,
11,0,4,63,97,67,102,0,0,0,0,0,0,0,0,0,0,0,0,0,0,61,0,1,0,0,0,0,116,25,0,
12,97,0,0,0,0,0,0,0,72,0,0,0,0,38,0,0,78,81,93,99,0,0,0,0,0,0,77,0,0,0,
13,52,0,0,0,0,0,0,0,26,0,0,0,38,0,0,0,38,54,49,48,0,0,0,0,0,0,32,0,3,0,
14,0,0,0,0,0,0,0,0,0,0,1,0,0,0,0,0,0,0,0,0,0,0,0,0,0,0,0,0,0,10,
15,0,2,1,0,0,0,104,6,0,98,0,0,0,0,0,0,0,0,0,0,0,0,5,77,0,32,0,0,0,1,
16,90,0,0,0,0,0,0,0,55,0,0,0,78,38,0,0,0,70,117,110,0,0,0,0,0,0,94,0,0,0,
17,124,0,0,0,0,0,0,0,70,0,0,0,81,54,0,0,70,0,111,132,0,0,0,0,0,0,85,0,0,0,
18,136,0,0,0,0,0,0,0,79,0,0,0,93,49,0,0,117,111,0,149,0,0,0,0,0,0,130,0,0,0,
19,137,0,0,0,0,0,0,0,82,0,0,0,99,48,0,0,110,132,149,0,0,0,0,0,0,0,104,0,0,0,
20,0,2,30,55,33,43,0,1,0,0,0,61,0,0,0,0,0,0,0,0,0,0,0,0,0,0,0,64,8,0,
21,0,0,0,0,0,0,0,0,0,0,0,0,0,0,0,0,0,0,0,0,0,0,0,0,142,0,0,0,0,0,
22,0,33,1,4,2,3,7,12,0,12,0,1,0,0,0,5,0,0,0,0,0,0,0,3,0,1,0,2,1,0,
23,0,2,3,0,0,1,89,2,0,105,0,0,0,0,0,77,0,0,0,0,0,0,3,0,0,39,0,0,0,1,
24,0,0,0,0,0,0,0,0,0,0,0,0,0,0,0,0,0,0,0,0,0,142,0,0,0,0,0,0,0,0,
25,0,12,0,0,2,0,34,20,0,41,0,0,0,0,0,32,0,0,0,0,0,0,1,39,0,0,0,0,0,1,
26,120,0,0,0,0,0,0,0,62,0,0,0,77,32,0,0,94,85,130,104,0,0,0,0,0,0,0,0,0,0,
27,0,2,72,106,49,117,0,3,0,0,0,116,0,0,0,0,0,0,0,0,64,0,2,0,0,0,0,0,27,0,
28,0,3,21,19,68,31,0,2,0,0,0,25,0,3,0,0,0,0,0,0,8,0,1,0,0,0,0,27,0,0,
29,0,0,0,0,0,0,0,0,0,2,0,0,0,0,10,1,0,0,0,0,0,0,0,1,0,1,0,0,0,0,
0,0,0,0,0,0,0,23,0,0,0,0,12,1,0,2,0,1,0,27,0,51,28,0,0,0,0,0,2,1,38,
1,0,0,7,0,0,0,0,0,4,0,1,0,0,108,0,2,0,22,0,0,0,0,0,0,27,0,0,0,0,0,
2,0,7,0,0,0,0,0,0,52,0,1,0,0,0,0,0,0,34,0,0,0,0,0,0,38,0,0,0,0,0,
3,0,0,0,0,0,71,0,76,0,82,0,14,34,0,83,0,14,0,1,0,0,2,14,3,0,48,1,72,101,0,
4,0,0,0,0,0,0,0,0,0,0,0,0,0,0,0,0,0,0,0,167,0,0,0,0,0,0,194,0,0,0,
5,0,0,0,71,0,0,1,53,0,64,0,21,17,0,50,0,23,0,0,0,0,0,18,3,0,38,1,54,62,0,
6,23,0,0,0,0,1,0,1,0,1,0,23,0,0,0,0,1,0,16,0,19,18,1,1,0,0,0,0,0,26,
7,0,0,0,76,0,53,1,0,0,88,0,3,14,0,59,0,17,0,0,0,0,1,3,0,0,32,3,70,80,0,
8,0,4,52,0,0,0,0,0,0,0,61,0,0,5,0,9,0,45,0,0,0,0,0,0,55,0,0,0,0,0,
9,0,0,0,82,0,64,1,88,0,0,0,22,19,0,67,0,29,0,0,0,0,0,12,3,0,36,0,96,104,0,
10,0,1,1,0,0,0,0,0,61,0,0,0,0,33,0,1,0,1,0,0,0,0,0,0,0,0,0,0,0,0,
11,12,0,0,14,0,21,23,3,0,22,0,0,9,0,12,0,12,0,30,0,19,33,13,3,0,3,0,15,18,47,
12,1,0,0,34,0,17,0,14,0,19,0,9,0,0,14,0,12,0,0,0,0,0,17,1,0,47,0,30,26,0,
13,0,108,0,0,0,0,0,0,5,0,33,0,0,0,0,7,0,0,0,0,0,0,0,0,0,0,0,0,0,0,
14,2,0,0,83,0,50,0,59,0,67,0,12,14,0,0,0,26,0,1,0,1,4,18,6,0,34,1,69,91,0,
15,0,2,0,0,0,0,0,0,9,0,1,0,0,7,0,0,0,0,0,0,0,0,0,0,0,0,0,0,0,0,
16,1,0,0,14,0,23,1,17,0,29,0,12,12,0,26,0,0,0,0,0,0,0,46,6,0,13,1,36,21,0,
17,0,22,34,0,0,0,0,0,45,0,1,0,0,0,0,0,0,0,0,0,0,0,0,2,79,0,0,0,0,0,
18,27,0,0,1,0,0,16,0,0,0,0,30,0,0,1,0,0,0,0,0,30,89,1,0,0,0,0,0,1,50,
19,0,0,0,0,167,0,0,0,0,0,0,0,0,0,0,0,0,0,0,0,0,0,1,0,0,0,198,0,0,0,
20,51,0,0,0,0,0,19,0,0,0,0,19,0,0,1,0,0,0,30,0,0,50,0,0,0,0,0,0,0,35,
21,28,0,0,2,0,0,18,1,0,0,0,33,0,0,4,0,0,0,89,0,50,0,0,0,0,2,0,0,1,49,
22,0,0,0,14,0,18,1,3,0,12,0,13,17,0,18,0,46,0,1,1,0,0,0,7,0,2,0,11,20,0,
23,0,0,0,3,0,3,1,0,0,3,0,3,1,0,6,0,6,2,0,0,0,0,7,0,0,18,0,3,4,0,
24,0,27,38,0,0,0,0,0,55,0,0,0,0,0,0,0,0,79,0,0,0,0,0,0,0,0,0,0,0,0,
25,0,0,0,48,0,38,0,32,0,36,0,3,47,0,34,0,13,0,0,0,0,2,2,18,0,0,0,37,38,0,
26,0,0,0,1,194,1,0,3,0,0,0,0,0,0,1,0,1,0,0,198,0,0,0,0,0,0,0,0,3,0,
27,2,0,0,72,0,54,0,70,0,96,0,15,30,0,69,0,36,0,0,0,0,0,11,3,0,37,0,0,68,0,
28,1,0,0,101,0,62,0,80,0,104,0,18,26,0,91,0,21,0,1,0,0,1,20,4,0,38,3,68,0,1,
29,38,0,0,0,0,0,26,0,0,0,0,47,0,0,0,0,0,0,50,0,35,49,0,0,0,0,0,0,1,0,
0,0,25,37,0,21,0,29,0,0,0,0,0,75,59,14,0,0,0,0,13,47,35,50,23,40,18,60,0,0,0,
1,25,0,66,0,16,0,14,0,0,0,3,0,39,35,26,0,0,0,0,38,59,43,60,8,21,10,33,0,0,2,
2,37,66,0,0,28,0,28,0,0,0,0,0,50,39,29,0,0,0,0,36,61,54,36,16,21,26,36,0,0,1,
3,0,0,0,0,0,79,0,1,0,0,0,0,0,0,0,0,0,0,0,0,0,0,0,0,0,0,0,0,2,0,
4,21,16,28,0,0,0,18,0,0,0,4,0,21,38,27,0,0,0,0,8,39,28,30,6,26,31,25,0,0,3,
5,0,0,0,79,0,0,0,0,0,0,1,0,0,0,1,0,0,0,0,0,0,0,0,0,0,0,0,0,18,0,
6,29,14,28,0,18,0,0,0,0,1,6,0,33,16,15,0,0,0,0,4,11,21,22,15,23,19,21,0,0,0,
7,0,0,0,1,0,0,0,0,12,0,15,64,0,0,0,3,0,0,0,0,0,0,0,0,0,0,0,37,0,0,
8,0,0,0,0,0,0,0,12,0,0,0,9,0,0,0,30,4,0,34,0,0,0,0,0,0,0,0,20,0,0,
9,0,0,0,0,0,0,1,0,0,0,0,0,1,0,1,0,0,0,0,0,0,0,0,0,1,0,1,0,0,0,
10,0,3,0,0,4,1,6,15,0,0,0,7,0,3,18,0,0,0,2,3,4,2,1,1,8,1,0,0,3,0,
11,0,0,0,0,0,0,0,64,9,0,7,0,0,0,0,0,0,0,2,0,0,0,0,0,0,0,0,49,0,0,
12,75,39,50,0,21,0,33,0,0,1,0,0,0,48,7,0,0,2,0,26,61,44,62,8,45,36,46,0,0,5,
13,59,35,39,0,38,0,16,0,0,0,3,0,48,0,17,0,0,0,0,28,59,40,52,6,40,18,57,0,0,3,
14,14,26,29,0,27,1,15,0,0,1,18,0,7,17,0,0,0,0,0,18,15,15,17,7,18,12,7,0,3,0,
15,0,0,0,0,0,0,0,3,30,0,0,0,0,0,0,0,1,0,8,0,0,0,0,0,0,0,0,20,0,0,
16,0,0,0,0,0,0,0,0,4,0,0,0,0,0,0,1,0,0,2,0,0,0,0,0,0,0,0,0,0,0,
17,0,0,0,0,0,0,0,0,0,0,0,0,2,0,0,0,0,0,0,1,0,1,0,5,2,0,1,0,0,106,
18,0,0,0,0,0,0,0,0,34,0,2,2,0,0,0,8,2,0,0,0,0,0,0,0,0,0,0,5,0,0,
19,13,38,36,0,8,0,4,0,0,0,3,0,26,28,18,0,0,1,0,0,33,21,39,3,13,5,25,0,1,0,
20,47,59,61,0,39,0,11,0,0,0,4,0,61,59,15,0,0,0,0,33,0,58,69,15,43,27,36,0,0,0,
21,35,43,54,0,28,0,21,0,0,0,2,0,44,40,15,0,0,1,0,21,58,0,53,9,29,15,43,0,0,0,
22,50,60,36,0,30,0,22,0,0,0,1,0,62,52,17,0,0,0,0,39,69,53,0,13,36,19,51,0,0,0,
23,23,8,16,0,6,0,15,0,0,0,1,0,8,6,7,0,0,5,0,3,15,9,13,0,3,1,19,0,0,3,
24,40,21,21,0,26,0,23,0,0,1,8,0,45,40,18,0,0,2,0,13,43,29,36,3,0,17,29,0,6,0,
25,18,10,26,0,31,0,19,0,0,0,1,0,36,18,12,0,0,0,0,5,27,15,19,1,17,0,19,0,0,0,
26,60,33,36,0,25,0,21,0,0,1,0,0,46,57,7,0,0,1,0,25,36,43,51,19,29,19,0,0,0,2,
27,0,0,0,0,0,0,0,37,20,0,0,49,0,0,0,20,0,0,5,0,0,0,0,0,0,0,0,0,0,0,
28,0,0,0,2,0,18,0,0,0,0,3,0,0,0,3,0,0,0,0,1,0,0,0,0,6,0,0,0,0,0,
29,0,2,1,0,3,0,0,0,0,0,0,0,5,3,0,0,0,106,0,0,0,0,0,3,0,0,2,0,0,0,
0,0,0,1,4,2,0,44,3,0,0,0,12,0,0,0,0,0,26,0,0,8,3,2,0,0,0,0,36,0,44,
1,0,0,0,0,0,1,0,0,4,19,4,0,54,0,2,31,45,0,49,36,0,0,1,1,47,0,44,0,32,0,
2,1,0,0,42,49,0,0,32,0,0,1,1,0,0,0,0,0,0,0,0,65,53,30,27,0,46,0,27,0,0,
3,4,0,42,0,56,0,1,27,0,0,0,0,2,0,0,0,0,1,1,1,47,54,15,38,0,41,0,15,0,3,
4,2,0,49,56,0,0,0,61,0,0,3,0,0,0,0,0,0,0,0,0,88,53,11,61,0,66,0,12,0,2,
5,0,1,0,0,0,0,0,0,80,0,1,0,0,100,89,7,0,0,0,5,0,0,0,0,0,0,0,0,0,0,
6,44,0,0,1,0,0,0,0,0,0,0,18,0,0,0,0,0,28,0,0,12,0,1,0,0,1,0,45,0,53,
7,3,0,32,27,61,0,0,0,0,0,3,4,0,0,0,0,0,0,0,0,56,49,10,36,0,34,0,9,0,0,
8,0,4,0,0,0,80,0,0,0,4,6,0,2,76,63,1,4,0,4,1,0,0,0,0,6,0,6,0,4,0,
9,0,19,0,0,0,0,0,0,4,0,21,0,27,0,1,19,37,0,19,5,0,0,3,0,22,0,24,0,18,0,
10,0,4,1,0,3,1,0,3,6,21,0,0,7,4,2,8,6,0,8,7,1,0,3,0,10,0,8,1,20,0,
11,12,0,1,0,0,0,18,4,0,0,0,0,0,0,0,0,0,33,0,0,8,0,0,0,0,1,0,11,0,34,
12,0,54,0,2,0,0,0,0,2,27,7,0,0,0,0,41,80,0,69,30,0,0,1,0,54,0,70,0,33,0,
13,0,0,0,0,0,100,0,0,76,0,4,0,0,0,58,3,0,0,0,2,0,0,0,0,0,0,0,0,0,0,
14,0,2,0,0,0,89,0,0,63,1,2,0,0,58,0,0,3,0,2,28,0,0,0,0,1,0,0,0,0,0,
15,0,31,0,0,0,7,0,0,1,19,8,0,41,3,0,0,83,0,51,26,0,0,0,0,45,0,54,0,47,0,
16,0,45,0,0,0,0,0,0,4,37,6,0,80,0,3,83,0,0,69,16,0,2,1,2,75,0,94,0,62,0,
17,26,0,0,1,0,0,28,0,0,0,0,33,0,0,0,0,0,0,0,0,0,0,0,1,0,0,0,19,0,26,
18,0,49,0,1,0,0,0,0,4,19,8,0,69,0,2,51,69,0,0,32,0,0,2,0,62,0,75,0,54,0,
19,0,36,0,1,0,5,0,0,1,5,7,0,30,2,28,26,16,0,32,0,0,0,1,0,22,0,22,0,16,0,
20,8,0,65,47,88,0,12,56,0,0,1,8,0,0,0,0,0,0,0,0,0,49,20,42,0,51,0,14,0,11,
21,3,0,53,54,53,0,0,49,0,0,0,0,0,0,0,0,2,0,0,0,49,0,26,35,2,43,0,21,2,0,
22,2,1,30,15,11,0,1,10,0,3,3,0,1,0,0,0,1,0,2,1,20,26,0,7,4,15,1,11,3,0,
23,0,1,27,38,61,0,0,36,0,0,0,0,0,0,0,0,2,1,0,0,42,35,7,0,0,22,0,3,0,1,
24,0,47,0,0,0,0,0,0,6,22,10,0,54,0,1,45,75,0,62,22,0,2,4,0,0,0,55,0,58,0,
25,0,0,46,41,66,0,1,34,0,0,0,1,0,0,0,0,0,0,0,0,51,43,15,22,0,0,0,15,0,0,
26,0,44,0,0,0,0,0,0,6,24,8,0,70,0,0,54,94,0,75,22,0,0,1,0,55,0,0,0,51,0,
27,36,0,27,15,12,0,45,9,0,0,1,11,0,0,0,0,0,19,0,0,14,21,11,3,0,15,0,0,0,33,
28,0,32,0,0,0,0,0,0,4,18,20,0,33,0,0,47,62,0,54,16,0,2,3,0,58,0,51,0,0,0,
29,44,0,0,3,2,0,53,0,0,0,0,34,0,0,0,0,0,26,0,0,11,0,0,1,0,0,0,33,0,0,
0,0,0,0,0,0,2,0,0,0,0,0,0,3,0,22,0,0,0,0,0,0,0,0,0,0,0,1,53,0,0,
1,0,0,32,0,57,60,0,32,0,12,19,1,2,69,1,37,0,12,69,0,0,0,0,0,0,0,3,0,0,0,
2,0,32,0,0,32,20,1,20,0,28,14,16,2,21,0,39,0,36,23,0,0,1,0,0,0,0,1,0,0,0,
3,0,0,0,0,0,0,19,0,0,0,0,25,0,0,0,1,28,3,0,3,36,15,39,8,33,19,0,0,6,1,
4,0,57,32,0,0,116,0,37,0,13,13,1,1,100,1,26,0,11,91,0,0,0,0,0,0,0,1,0,0,0,
5,2,60,20,0,116,0,0,42,0,24,17,2,0,84,0,20,0,18,101,0,0,0,0,0,0,0,0,0,0,0,
6,0,0,1,19,0,0,0,0,0,0,1,52,0,0,0,0,2,4,0,0,74,1,109,0,0,76,0,0,0,0,
7,0,32,20,0,37,42,0,0,0,28,40,15,0,38,0,27,1,39,32,0,0,0,2,0,0,3,2,0,0,0,
8,0,0,0,0,0,0,0,0,0,5,1,33,0,0,0,0,0,6,0,0,0,0,0,0,0,0,0,0,0,0,
9,0,12,28,0,13,24,0,28,5,0,29,9,2,7,0,21,0,45,5,0,0,0,1,0,0,0,2,0,0,0,
10,0,19,14,0,13,17,1,40,1,29,0,9,3,13,1,23,0,31,5,0,3,0,3,0,0,0,0,0,0,0,
11,0,1,16,25,1,2,52,15,33,9,9,0,0,1,0,11,0,10,1,0,58,0,58,0,0,56,1,0,0,0,
12,3,2,2,0,1,0,0,0,0,2,3,0,0,1,8,4,0,3,1,0,0,0,0,0,0,0,5,7,0,0,
13,0,69,21,0,100,84,0,38,0,7,13,1,1,0,0,24,0,7,111,0,0,0,0,0,0,0,1,1,0,0,
14,22,1,0,0,1,0,0,0,0,0,1,0,8,0,0,1,0,0,2,0,0,0,0,0,0,0,2,22,0,0,
15,0,37,39,1,26,20,0,27,0,21,23,11,4,24,1,0,0,16,9,0,0,0,0,0,0,0,1,0,0,0,
16,0,0,0,28,0,0,2,1,0,0,0,0,0,0,0,0,0,0,0,18,0,4,0,17,21,0,0,0,17,7,
17,0,12,36,3,11,18,4,39,6,45,31,10,3,7,0,16,0,0,11,0,4,0,2,0,0,0,3,0,0,0,
18,0,69,23,0,91,101,0,32,0,5,5,1,1,111,2,9,0,11,0,0,0,0,0,0,0,0,0,0,0,0,
19,0,0,0,3,0,0,0,0,0,0,0,0,0,0,0,0,18,0,0,0,0,5,0,59,13,1,0,0,48,30,
20,0,0,0,36,0,0,74,0,0,0,3,58,0,0,0,0,0,4,0,0,0,1,91,2,1,81,0,0,0,0,
21,0,0,1,15,0,0,1,0,0,0,0,0,0,0,0,0,4,0,0,5,1,0,0,12,34,0,0,0,33,25,
22,0,0,0,39,0,0,109,2,0,1,3,58,0,0,0,0,0,2,0,0,91,0,0,0,1,108,0,0,5,0,
23,0,0,0,8,0,0,0,0,0,0,0,0,0,0,0,0,17,0,0,59,2,12,0,0,10,3,0,0,25,38,
24,0,0,0,33,0,0,0,0,0,0,0,0,0,0,0,0,21,0,0,13,1,34,1,10,0,1,0,0,14,17,
25,0,0,0,19,0,0,76,3,0,0,0,56,0,0,0,0,0,0,0,1,81,0,108,3,1,0,0,0,2,1,
26,1,3,1,0,1,0,0,2,0,2,0,1,5,1,2,1,0,3,0,0,0,0,0,0,0,0,0,1,0,0,
27,53,0,0,0,0,0,0,0,0,0,0,0,7,1,22,0,0,0,0,0,0,0,0,0,0,0,1,0,0,0,
28,0,0,0,6,0,0,0,0,0,0,0,0,0,0,0,0,17,0,0,48,0,33,5,25,14,2,0,0,0,47,
29,0,0,0,1,0,0,0,0,0,0,0,0,0,0,0,0,7,0,0,30,0,25,0,38,17,1,0,0,47,0,
0,0,22,6,0,43,28,0,0,0,0,35,0,0,0,34,0,0,0,0,62,0,4,0,0,1,0,40,0,0,0,
1,22,0,4,0,24,30,0,0,0,0,24,0,0,0,23,0,0,0,0,42,0,6,0,0,0,0,31,0,0,0,
2,6,4,0,0,4,1,0,0,0,0,2,0,0,0,0,0,0,0,0,5,0,75,0,0,0,0,12,0,0,0,
3,0,0,0,0,0,0,121,0,1,0,0,0,0,3,0,4,3,57,0,0,0,0,2,4,0,0,0,71,2,2,
4,43,24,4,0,0,51,0,0,0,0,30,0,0,0,56,0,0,0,0,52,0,10,0,0,0,0,47,0,0,0,
5,28,30,1,0,51,0,0,0,0,0,27,0,0,0,34,0,0,0,0,33,0,3,0,0,0,0,28,0,0,0,
6,0,0,0,121,0,0,0,2,1,0,0,5,5,1,0,1,2,37,0,0,0,0,4,5,0,3,0,46,0,3,
7,0,0,0,0,0,0,2,0,70,0,0,0,0,0,0,0,74,27,0,0,45,0,0,3,0,1,0,3,60,0,
8,0,0,0,1,0,0,1,70,0,0,0,0,5,0,0,2,44,8,0,0,9,0,0,6,0,0,0,15,68,0,
9,0,0,0,0,0,0,0,0,0,0,0,0,0,0,0,0,0,0,117,0,0,0,0,0,95,0,0,0,0,0,
10,35,24,2,0,30,27,0,0,0,0,0,0,0,0,21,1,0,0,0,29,0,6,0,0,1,0,24,0,0,0,
11,0,0,0,0,0,0,5,0,0,0,0,0,23,46,0,1,0,7,0,0,16,0,43,47,0,47,0,1,0,41,
12,0,0,0,0,0,0,5,0,5,0,0,23,0,15,0,36,0,2,0,0,0,0,17,22,0,27,0,12,3,14,
13,0,0,0,3,0,0,1,0,0,0,0,46,15,0,0,5,0,16,0,0,14,0,38,27,0,21,0,6,0,17,
14,34,23,0,0,56,34,0,0,0,0,21,0,0,0,0,0,0,0,0,46,0,4,0,0,1,1,34,0,0,0,
15,0,0,0,4,0,0,1,0,2,0,1,1,36,5,0,0,0,0,0,0,1,0,32,1,0,0,0,15,0,3,
16,0,0,0,3,0,0,2,74,44,0,0,0,0,0,0,0,0,24,0,0,39,0,0,5,0,0,0,5,46,0,
17,0,0,0,57,0,0,37,27,8,0,0,7,2,16,0,0,24,0,0,0,32,0,0,1,0,1,0,15,11,9,
18,0,0,0,0,0,0,0,0,0,117,0,0,0,0,0,0,0,0,0,0,0,0,0,0,113,0,0,0,0,0,
19,62,42,5,0,52,33,0,0,0,0,29,0,0,0,46,0,0,0,0,0,0,1,0,0,0,0,32,0,0,0,
20,0,0,0,0,0,0,0,45,9,0,0,16,0,14,0,1,39,32,0,0,0,0,4,7,0,0,0,5,49,24,
21,4,6,75,0,10,3,0,0,0,0,6,0,0,0,4,0,0,0,0,1,0,0,0,0,0,0,11,0,0,0,
22,0,0,0,2,0,0,4,0,0,0,0,43,17,38,0,32,0,0,0,0,4,0,0,35,0,39,0,25,0,35,
23,0,0,0,4,0,0,5,3,6,0,0,47,22,27,0,1,5,1,0,0,7,0,35,0,0,42,0,0,4,33,
24,1,0,0,0,0,0,0,0,0,95,1,0,0,0,1,0,0,0,113,0,0,0,0,0,0,0,0,0,0,0,
25,0,0,0,0,0,0,3,1,0,0,0,47,27,21,1,0,0,1,0,0,0,0,39,42,0,0,1,1,0,28,
26,40,31,12,0,47,28,0,0,0,0,24,0,0,0,34,0,0,0,0,32,0,11,0,0,0,1,0,0,0,0,
27,0,0,0,71,0,0,46,3,15,0,0,1,12,6,0,15,5,15,0,0,5,0,25,0,0,1,0,0,10,4,
28,0,0,0,2,0,0,0,60,68,0,0,0,3,0,0,0,46,11,0,0,49,0,0,4,0,0,0,10,0,0,
29,0,0,0,2,0,0,3,0,0,0,0,41,14,17,0,3,0,9,0,0,24,0,35,33,0,28,0,4,0,0,
0,0,0,0,0,0,0,0,8,0,0,0,5,0,10,0,0,0,12,0,0,12,0,0,0,0,5,0,3,0,16,
1,0,0,0,11,39,0,0,0,15,45,0,0,0,0,14,0,12,0,1,5,0,1,9,56,12,0,0,0,13,0,
2,0,0,0,0,0,14,27,1,0,0,110,0,18,0,0,22,0,0,0,0,1,0,0,0,0,0,27,0,7,22,
3,0,11,0,0,28,0,0,0,15,43,0,0,1,0,20,0,17,0,0,151,0,22,34,26,9,0,0,0,5,0,
4,0,39,0,28,0,0,0,0,5,44,0,0,0,0,8,0,21,0,1,26,0,7,13,40,14,0,0,0,11,0,
5,0,0,14,0,0,0,47,0,1,0,29,0,44,0,1,44,1,0,0,0,1,0,0,0,0,0,47,0,4,22,
6,0,0,27,0,0,47,0,1,2,0,35,1,67,0,0,75,0,0,0,0,1,0,0,0,0,0,118,0,2,31,
7,8,0,1,0,0,0,1,0,0,0,1,111,1,16,0,2,0,23,0,0,69,0,0,0,0,32,0,1,1,83,
8,0,15,0,15,5,1,2,0,0,4,0,0,0,0,22,0,17,0,0,9,0,9,23,15,27,0,1,0,17,0,
9,0,45,0,43,44,0,0,0,4,0,0,0,0,0,21,0,7,0,3,52,0,2,30,53,4,0,0,0,2,0,
10,0,0,110,0,0,29,35,1,0,0,0,0,26,0,0,31,2,2,0,0,0,0,0,0,0,0,25,0,11,23,
11,5,0,0,0,0,0,1,111,0,0,0,0,2,21,0,24,0,8,0,0,49,0,0,0,0,28,0,2,2,53,
12,0,0,18,1,0,44,67,1,0,0,26,2,0,0,0,62,0,2,0,0,2,0,0,0,0,0,68,0,7,20,
13,10,0,0,0,0,0,0,16,0,0,0,21,0,0,0,2,0,18,0,0,27,0,0,0,0,33,0,1,0,1,
14,0,14,0,20,8,1,0,0,22,21,0,0,0,0,0,0,18,0,0,18,0,4,32,17,8,0,0,0,31,0,
15,0,0,22,0,0,44,75,2,0,0,31,24,62,2,0,0,0,0,0,0,4,0,0,0,0,0,91,0,8,36,
16,0,12,0,17,21,1,0,0,17,7,2,0,0,0,18,0,0,0,0,7,0,6,9,14,24,0,1,0,34,0,
17,12,0,0,0,0,0,0,23,0,0,2,8,2,18,0,0,0,0,0,0,58,0,0,0,0,66,0,10,0,18,
18,0,1,0,0,1,0,0,0,0,3,0,0,0,0,0,0,0,0,0,0,0,0,0,0,0,0,0,0,0,0,
19,0,5,0,151,26,0,0,0,9,52,0,0,0,0,18,0,7,0,0,0,0,10,51,6,4,0,0,0,2,0,
20,12,0,1,0,0,1,1,69,0,0,0,49,2,27,0,4,0,58,0,0,0,0,0,0,0,76,0,5,0,60,
21,0,1,0,22,7,0,0,0,9,2,0,0,0,0,4,0,6,0,0,10,0,0,4,8,5,0,0,0,0,0,
22,0,9,0,34,13,0,0,0,23,30,0,0,0,0,32,0,9,0,0,51,0,4,0,8,11,0,0,0,9,0,
23,0,56,0,26,40,0,0,0,15,53,0,0,0,0,17,0,14,0,0,6,0,8,8,0,15,0,0,0,9,0,
24,0,12,0,9,14,0,0,0,27,4,0,0,0,0,8,0,24,0,0,4,0,5,11,15,0,0,0,0,13,0,
25,5,0,0,0,0,0,0,32,0,0,0,28,0,33,0,0,0,66,0,0,76,0,0,0,0,0,0,32,0,26,
26,0,0,27,0,0,47,118,0,1,0,25,0,68,0,0,91,1,0,0,0,0,0,0,0,0,0,0,0,8,35,
27,3,0,0,0,0,0,0,1,0,0,0,2,0,1,0,0,0,10,0,0,5,0,0,0,0,32,0,0,0,3,
28,0,13,7,5,11,4,2,1,17,2,11,2,7,0,31,8,34,0,0,2,0,0,9,9,13,0,8,0,0,10,
29,16,0,22,0,0,22,31,83,0,0,23,53,20,1,0,36,0,18,0,0,60,0,0,0,0,26,35,3,10,0,
0,0,0,0,0,0,0,0,2,16,32,0,0,9,0,0,25,0,14,0,0,0,0,0,31,34,0,0,1,0,1,
1,0,0,23,3,15,0,0,0,0,0,0,23,0,32,0,0,0,0,0,24,21,0,32,0,0,0,22,0,23,0,
2,0,23,0,6,0,0,0,0,0,1,0,25,0,10,0,0,0,0,0,11,18,0,8,0,0,0,14,0,18,0,
3,0,3,6,0,19,0,0,0,0,0,0,6,0,12,0,0,0,1,0,7,4,0,4,0,0,0,24,0,18,185,
4,0,15,0,19,0,0,0,0,0,0,0,7,0,11,12,0,0,0,0,11,10,0,31,0,0,0,6,0,11,14,
5,0,0,0,0,0,0,148,0,0,0,109,0,0,0,0,0,132,0,0,0,0,0,0,0,0,55,0,0,0,0,
6,0,0,0,0,0,148,0,0,0,0,141,0,0,0,0,0,151,0,0,0,0,0,0,0,0,52,0,0,0,0,
7,2,0,0,0,0,0,0,0,12,8,0,0,1,0,0,4,0,7,74,0,0,1,0,8,3,0,0,36,0,2,
8,16,0,0,0,0,0,0,12,0,16,0,0,1,0,0,12,0,15,2,0,0,0,0,19,17,0,0,0,0,0,
9,32,0,1,0,0,0,0,8,16,0,0,0,26,0,0,42,0,10,1,0,0,0,1,26,21,0,0,2,0,0,
10,0,0,0,0,0,109,141,0,0,0,0,0,0,0,0,0,130,0,0,0,0,0,0,0,0,54,0,0,0,0,
11,0,23,25,6,7,0,0,0,0,0,0,0,0,20,1,0,0,0,0,8,18,0,11,0,2,0,35,0,45,8,
12,9,0,0,0,0,0,0,1,1,26,0,0,0,0,0,41,0,4,0,0,0,0,0,7,20,0,0,0,0,0,
13,0,32,10,12,11,0,0,0,0,0,0,20,0,0,0,0,0,0,0,24,24,0,34,0,0,0,29,0,15,1,
14,0,0,0,0,12,0,0,0,0,0,0,1,0,0,0,0,0,0,0,0,0,0,2,0,0,0,1,0,0,0,
15,25,0,0,0,0,0,0,4,12,42,0,0,41,0,0,0,0,12,0,0,0,0,0,47,31,0,0,0,0,0,
16,0,0,0,0,0,132,151,0,0,0,130,0,0,0,0,0,0,0,0,0,0,0,0,0,0,57,0,0,0,0,
17,14,0,0,1,0,0,0,7,15,10,0,0,4,0,0,12,0,0,37,0,0,8,0,9,16,0,0,26,0,0,
18,0,0,0,0,0,0,0,74,2,1,0,0,0,0,0,0,0,37,0,0,0,19,0,0,0,0,0,80,0,0,
19,0,24,11,7,11,0,0,0,0,0,0,8,0,24,0,0,0,0,0,0,17,0,15,0,0,0,11,0,13,5,
20,0,21,18,4,10,0,0,0,0,0,0,18,0,24,0,0,0,0,0,17,0,0,20,0,0,0,19,0,22,0,
21,0,0,0,0,0,0,0,1,0,0,0,0,0,0,0,0,0,8,19,0,0,0,0,0,0,0,0,27,0,0,
22,0,32,8,4,31,0,0,0,0,1,0,11,0,34,2,0,0,0,0,15,20,0,0,0,0,0,23,0,14,0,
23,31,0,0,0,0,0,0,8,19,26,0,0,7,0,0,47,0,9,0,0,0,0,0,0,26,0,0,0,0,0,
24,34,0,0,0,0,0,0,3,17,21,0,2,20,0,0,31,0,16,0,0,0,0,0,26,0,0,0,2,0,0,
25,0,0,0,0,0,55,52,0,0,0,54,0,0,0,0,0,57,0,0,0,0,0,0,0,0,0,0,0,0,0,
26,0,22,14,24,6,0,0,0,0,0,0,35,0,29,1,0,0,0,0,11,19,0,23,0,0,0,0,0,35,3,
27,1,0,0,0,0,0,0,36,0,2,0,0,0,0,0,0,0,26,80,0,0,27,0,0,2,0,0,0,0,0,
28,0,23,18,18,11,0,0,0,0,0,0,45,0,15,0,0,0,0,0,13,22,0,14,0,0,0,35,0,0,6,
29,1,0,0,185,14,0,0,2,0,0,0,8,0,1,0,0,0,0,0,5,0,0,0,0,0,0,3,0,6,0,
0,0,0,1,0,0,0,91,0,0,0,0,0,0,0,0,0,0,0,0,100,0,0,0,112,0,0,0,0,0,0,
1,0,0,0,24,2,31,0,32,0,23,10,20,17,29,1,0,18,1,0,0,0,35,1,0,26,1,2,2,18,0,
2,1,0,0,4,0,0,1,0,0,0,0,0,0,0,0,0,0,2,0,0,3,0,2,3,0,0,3,2,0,13,
3,0,24,4,0,0,21,0,25,0,3,0,1,14,3,1,0,2,12,0,0,10,26,7,0,22,0,14,16,4,1,
4,0,2,0,0,0,0,0,0,0,0,8,0,0,0,0,6,1,0,2,0,0,4,0,0,0,71,0,0,0,0,
5,0,31,0,21,0,0,0,17,0,14,13,7,6,10,2,0,7,0,1,0,0,42,1,0,34,1,1,0,17,0,
6,91,0,1,0,0,0,0,0,0,0,0,0,0,0,0,0,0,0,0,94,0,0,0,115,0,0,0,0,0,1,
7,0,32,0,25,0,17,0,0,0,7,2,35,13,23,3,0,7,0,0,0,0,27,0,0,30,1,1,1,8,0,
8,0,0,0,0,0,0,0,0,0,0,103,0,0,0,0,0,0,0,291,0,0,0,0,0,0,0,0,0,0,0,
9,0,23,0,3,0,14,0,7,0,0,8,30,4,31,0,0,34,0,0,0,1,15,4,0,0,0,2,1,25,0,
10,0,10,0,0,8,13,0,2,103,8,0,2,0,2,2,1,7,0,107,0,0,11,0,0,9,6,0,0,13,0,
11,0,20,0,1,0,7,0,35,0,30,2,0,6,44,1,0,36,0,0,0,0,3,5,0,10,1,8,0,26,0,
12,0,17,0,14,0,6,0,13,0,4,0,6,0,0,0,0,2,6,0,0,6,14,62,0,15,1,9,2,7,1,
13,0,29,0,3,0,10,0,23,0,31,2,44,0,0,37,0,59,1,0,0,0,2,1,0,5,0,0,0,9,0,
14,0,1,0,1,0,2,0,3,0,0,2,1,0,37,0,0,33,0,0,0,0,3,0,0,19,0,0,0,3,0,
15,0,0,0,0,6,0,0,0,0,0,1,0,0,0,0,0,0,0,0,0,0,0,0,0,0,1,0,0,0,0,
16,0,18,0,2,1,7,0,7,0,34,7,36,2,59,33,0,0,0,0,0,0,3,1,0,2,1,2,0,14,0,
17,0,1,2,12,0,0,0,0,0,0,0,0,6,1,0,0,0,0,0,0,51,0,12,0,0,0,45,46,0,0,
18,0,0,0,0,2,1,0,0,291,0,107,0,0,0,0,0,0,0,0,0,0,0,0,0,0,0,0,0,0,0,
19,100,0,0,0,0,0,94,0,0,0,0,0,0,0,0,0,0,0,0,0,0,0,0,100,0,0,0,0,0,0,
20,0,0,3,10,0,0,0,0,0,1,0,0,6,0,0,0,0,51,0,0,0,0,18,0,0,0,44,54,0,0,
21,0,35,0,26,4,42,0,27,0,15,11,3,14,2,3,0,3,0,0,0,0,0,0,0,34,2,1,0,31,0,
22,0,1,2,7,0,1,0,0,0,4,0,5,62,1,0,0,1,12,0,0,18,0,0,0,1,0,5,4,0,1,
23,112,0,3,0,0,0,115,0,0,0,0,0,0,0,0,0,0,0,0,100,0,0,0,0,0,0,0,0,0,6,
24,0,26,0,22,0,34,0,30,0,0,9,10,15,5,19,0,2,0,0,0,0,34,1,0,0,0,0,0,24,0,
25,0,1,0,0,71,1,0,1,0,0,6,1,1,0,0,1,1,0,0,0,0,2,0,0,0,0,0,0,0,0,
26,0,2,3,14,0,1,0,1,0,2,0,8,9,0,0,0,2,45,0,0,44,1,5,0,0,0,0,25,4,0,
27,0,2,2,16,0,0,0,1,0,1,0,0,2,0,0,0,0,46,0,0,54,0,4,0,0,0,25,0,1,1,
28,0,18,0,4,0,17,0,8,0,25,13,26,7,9,3,0,14,0,0,0,0,31,0,0,24,0,4,1,0,0,
29,0,0,13,1,0,0,1,0,0,0,0,0,1,0,0,0,0,0,0,0,0,0,1,6,0,0,0,1,0,0,
0,0,7,59,10,10,2,7,45,11,0,51,6,3,0,0,2,0,3,0,0,0,29,0,0,0,3,10,34,7,0,
1,7,0,5,34,28,11,13,5,25,0,6,36,17,0,0,8,0,0,0,0,0,6,1,0,0,16,46,8,44,2,
2,59,5,0,13,8,2,7,42,16,0,57,11,4,0,0,5,0,3,0,0,0,39,0,0,0,9,7,19,10,2,
3,10,34,13,0,42,13,20,0,60,0,6,59,27,0,0,3,0,0,0,0,0,5,0,0,0,11,29,2,27,3,
4,10,28,8,42,0,11,10,6,53,0,3,66,25,0,0,11,0,4,0,0,0,5,0,0,0,10,21,15,13,4,
5,2,11,2,13,11,0,1,5,10,0,0,13,11,0,0,1,0,0,0,0,0,0,0,0,0,0,13,4,15,0,
6,7,13,7,20,10,1,0,5,14,0,9,16,5,74,0,2,0,2,0,0,0,5,0,0,0,6,19,4,17,0,
7,45,5,42,0,6,5,5,0,2,0,74,8,3,0,0,4,0,2,0,0,0,30,0,0,0,7,9,83,8,34,
8,11,25,16,60,53,10,14,2,0,0,3,45,25,0,2,12,1,12,0,0,0,7,3,0,0,11,34,8,15,1,
9,0,0,0,0,0,0,0,0,0,0,0,0,0,0,0,0,0,0,24,0,59,0,0,1,0,0,0,0,0,0,
10,51,6,57,6,3,0,9,74,3,0,0,12,4,0,0,5,0,0,0,0,0,35,0,0,0,12,7,70,4,12,
11,6,36,11,59,66,13,16,8,45,0,12,0,13,0,0,13,0,2,0,0,0,5,0,0,0,7,37,6,21,6,
12,3,17,4,27,25,11,5,3,25,0,4,13,0,0,0,5,0,3,0,0,0,7,0,0,0,6,18,2,20,1,
13,0,0,0,0,0,0,74,0,0,0,0,0,0,0,0,0,0,0,0,0,0,0,0,0,0,0,0,0,0,3,
14,0,0,0,0,0,0,0,0,2,0,0,0,0,0,0,3,67,1,8,49,4,0,46,60,81,0,0,0,0,0,
15,2,8,5,3,11,1,2,4,12,0,5,13,5,0,3,0,0,44,0,2,0,4,2,0,0,13,5,7,6,20,
16,0,0,0,0,0,0,0,0,1,0,0,0,0,0,67,0,0,0,4,56,0,0,44,79,69,0,0,0,0,0,
17,3,0,3,0,4,0,2,2,12,0,0,2,3,0,1,44,0,0,0,0,0,1,2,1,1,10,2,1,0,34,
18,0,0,0,0,0,0,0,0,0,24,0,0,0,0,8,0,4,0,0,9,5,0,6,8,5,0,0,0,0,0,
19,0,0,0,0,0,0,0,0,0,0,0,0,0,0,49,2,56,0,9,0,0,0,38,43,29,0,0,0,0,0,
20,0,0,0,0,0,0,0,0,0,59,0,0,0,0,4,0,0,0,5,0,0,0,0,2,0,0,0,0,0,0,
21,29,6,39,5,5,0,5,30,7,0,35,5,7,0,0,4,0,1,0,0,0,0,0,0,0,2,5,25,2,0,
22,0,1,0,0,0,0,0,0,3,0,0,0,0,0,46,2,44,2,6,38,0,0,0,40,60,0,0,0,0,0,
23,0,0,0,0,0,0,0,0,0,1,0,0,0,0,60,0,79,1,8,43,2,0,40,0,64,0,0,0,0,0,
24,0,0,0,0,0,0,0,0,0,0,0,0,0,0,81,0,69,1,5,29,0,0,60,64,0,0,0,0,0,0,
25,3,16,9,11,10,0,6,7,11,0,12,7,6,0,0,13,0,10,0,0,0,2,0,0,0,0,17,5,11,29,
26,10,46,7,29,21,13,19,9,34,0,7,37,18,0,0,5,0,2,0,0,0,5,0,0,0,17,0,9,40,3,
27,34,8,19,2,15,4,4,83,8,0,70,6,2,0,0,7,0,1,0,0,0,25,0,0,0,5,9,0,11,36,
28,7,44,10,27,13,15,17,8,15,0,4,21,20,0,0,6,0,0,0,0,0,2,0,0,0,11,40,11,0,4,
29,0,2,2,3,4,0,0,34,1,0,12,6,1,3,0,20,0,34,0,0,0,0,0,0,0,29,3,36,4,0,
0,0,0,0,53,0,0,0,54,0,14,56,58,38,50,0,0,0,0,42,62,0,1,53,62,62,0,0,58,0,35,
1,0,0,9,0,4,0,0,0,12,0,0,0,0,0,0,0,5,24,0,0,0,43,0,0,0,92,0,0,0,0,
2,0,9,0,0,8,62,0,0,26,0,0,0,0,0,41,73,8,6,0,0,0,9,0,0,0,0,143,1,65,0,
3,53,0,0,0,0,0,0,36,0,28,72,104,58,52,5,0,0,0,6,113,0,0,85,90,90,0,0,128,0,98,
4,0,4,8,0,0,1,0,0,31,0,0,0,0,0,8,0,40,41,0,0,0,47,0,0,0,10,0,0,1,0,
5,0,0,62,0,1,0,0,0,2,2,0,0,0,0,27,100,0,4,0,0,0,3,0,0,0,0,123,0,82,0,
6,0,0,0,0,0,0,0,0,0,0,0,0,0,0,0,0,0,0,0,0,0,0,0,1,0,0,0,0,0,1,
7,54,0,0,36,0,0,0,0,0,14,38,56,39,57,0,0,0,0,12,59,0,1,54,41,52,0,0,44,0,33,
8,0,12,26,0,31,2,0,0,0,0,0,0,0,0,4,2,44,27,0,0,0,31,0,0,0,1,1,0,3,0,
9,14,0,0,28,0,2,0,14,0,0,14,15,17,13,13,0,0,0,16,23,0,3,12,15,21,0,0,19,0,23,
10,56,0,0,72,0,0,0,38,0,14,0,80,63,44,2,0,0,0,7,108,0,0,93,87,103,0,0,105,0,80,
11,58,0,0,104,0,0,0,56,0,15,80,0,70,47,5,0,0,0,12,100,0,0,79,100,104,0,0,102,0,92,
12,38,0,0,58,0,0,0,39,0,17,63,70,0,52,2,0,0,0,5,67,0,1,47,65,69,0,0,71,0,64,
13,50,0,0,52,0,0,0,57,0,13,44,47,52,0,3,0,0,0,7,67,0,0,58,67,56,0,0,63,0,54,
14,0,0,41,5,8,27,0,0,4,13,2,5,2,3,0,40,4,3,2,6,0,18,3,5,4,0,52,9,31,1,
15,0,0,73,0,0,100,0,0,2,0,0,0,0,0,40,0,1,0,0,0,0,3,0,0,0,0,190,1,151,0,
16,0,5,8,0,40,0,0,0,44,0,0,0,0,0,4,1,0,25,0,0,0,14,0,0,0,5,0,0,0,0,
17,0,24,6,0,41,4,0,0,27,0,0,0,0,0,3,0,25,0,0,0,0,66,0,0,0,18,0,0,1,0,
18,42,0,0,6,0,0,0,12,0,16,7,12,5,7,2,0,0,0,0,8,0,1,8,5,13,0,0,8,0,6,
19,62,0,0,113,0,0,0,59,0,23,108,100,67,67,6,0,0,0,8,0,0,0,100,108,111,0,0,135,0,119,
20,0,0,0,0,0,0,0,0,0,0,0,0,0,0,0,0,0,0,0,0,0,0,0,0,0,0,0,0,0,0,
21,1,43,9,0,47,3,0,1,31,3,0,0,1,0,18,3,14,66,1,0,0,0,0,0,0,34,3,0,1,0,
22,53,0,0,85,0,0,0,54,0,12,93,79,47,58,3,0,0,0,8,100,0,0,0,84,103,0,0,102,0,86,
23,62,0,0,90,0,0,1,41,0,15,87,100,65,67,5,0,0,0,5,108,0,0,84,0,100,0,0,80,0,82,
24,62,0,0,90,0,0,0,52,0,21,103,104,69,56,4,0,0,0,13,111,0,0,103,100,0,0,0,101,0,110,
25,0,92,0,0,10,0,0,0,1,0,0,0,0,0,0,0,5,18,0,0,0,34,0,0,0,0,0,0,0,0,
26,0,0,143,0,0,123,0,0,1,0,0,0,0,0,52,190,0,0,0,0,0,3,0,0,0,0,0,2,152,0,
27,58,0,1,128,0,0,0,44,0,19,105,102,71,63,9,1,0,0,8,135,0,0,102,80,101,0,2,0,1,113,
28,0,0,65,0,1,82,0,0,3,0,0,0,0,0,31,151,0,1,0,0,0,1,0,0,0,0,152,1,0,0,
29,35,0,0,98,0,0,1,33,0,23,80,92,64,54,1,0,0,0,6,119,0,0,86,82,110,0,0,113,0,0,
0,0,1,0,10,56,4,0,1,0,0,1,0,47,0,9,0,28,2,0,32,0,10,33,1,2,0,2,0,15,0,
1,1,0,2,0,0,0,0,59,0,0,0,0,0,0,1,2,0,0,0,0,0,0,0,0,4,1,69,0,0,0,
2,0,2,0,2,0,0,0,0,0,74,13,0,0,0,4,86,0,1,0,0,0,0,0,6,48,113,0,0,0,0,
3,10,0,2,0,23,0,1,0,1,1,0,0,16,1,10,2,5,0,2,0,0,43,10,0,2,1,0,1,8,4,
4,56,0,0,23,0,0,0,0,0,0,0,0,27,0,4,0,21,0,0,16,0,8,37,0,0,0,0,0,17,0,
5,4,0,0,0,0,0,52,0,0,0,0,8,0,45,0,0,0,0,28,1,0,2,1,0,0,0,0,26,0,59,
6,0,0,0,1,0,52,0,0,0,0,0,12,0,77,0,0,0,0,47,0,0,0,0,0,0,0,0,80,1,92,
7,1,59,0,0,0,0,0,0,0,0,0,0,0,0,0,0,0,0,0,0,0,0,0,0,0,0,253,0,0,0,
8,0,0,0,1,0,0,0,0,0,0,0,7,0,0,0,0,0,0,0,0,0,0,0,0,0,0,0,0,0,0,
9,0,0,74,1,0,0,0,0,0,0,0,0,0,0,5,79,0,0,0,0,0,0,0,0,29,104,0,0,0,0,
10,1,0,13,0,0,0,0,0,0,0,0,0,3,0,1,0,0,30,0,0,31,0,0,32,0,0,0,0,1,0,
11,0,0,0,0,0,8,12,0,7,0,0,0,0,13,0,0,0,0,1,0,0,0,0,0,0,0,0,9,0,8,
12,47,0,0,16,27,0,0,0,0,0,3,0,0,0,9,0,16,6,0,4,5,0,28,4,1,0,0,0,16,0,
13,0,0,0,1,0,45,77,0,0,0,0,13,0,0,0,0,0,0,31,1,0,0,0,0,0,0,0,66,1,61,
14,9,1,4,10,4,0,0,0,0,5,1,0,9,0,0,4,16,0,0,17,0,7,6,1,21,9,0,0,6,0,
15,0,2,86,2,0,0,0,0,0,79,0,0,0,0,4,0,2,0,0,0,0,0,0,0,60,105,0,0,0,0,
16,28,0,0,5,21,0,0,0,0,0,0,0,16,0,16,2,0,1,0,19,0,11,24,1,2,3,0,0,23,0,
17,2,0,1,0,0,0,0,0,0,0,30,0,6,0,0,0,1,0,0,0,26,1,2,39,0,0,0,0,0,0,
18,0,0,0,2,0,28,47,0,0,0,0,1,0,31,0,0,0,0,0,0,0,0,0,0,0,0,0,64,3,71,
19,32,0,0,0,16,1,0,0,0,0,0,0,4,1,17,0,19,0,0,0,0,70,18,0,1,0,0,0,3,0,
20,0,0,0,0,0,0,0,0,0,0,31,0,5,0,0,0,0,26,0,0,0,0,0,20,0,0,0,0,1,0,
21,10,0,0,43,8,2,0,0,0,0,0,0,0,0,7,0,11,1,0,70,0,0,8,0,0,0,0,0,2,0,
22,33,0,0,10,37,1,0,0,0,0,0,0,28,0,6,0,24,2,0,18,0,8,0,0,0,0,0,0,15,0,
23,1,0,6,0,0,0,0,0,0,0,32,0,4,0,1,0,1,39,0,0,20,0,0,0,3,0,0,0,2,0,
24,2,4,48,2,0,0,0,0,0,29,0,0,1,0,21,60,2,0,0,1,0,0,0,3,0,53,0,0,2,0,
25,0,1,113,1,0,0,0,0,0,104,0,0,0,0,9,105,3,0,0,0,0,0,0,0,53,0,0,0,0,0,
26,2,69,0,0,0,0,0,253,0,0,0,0,0,0,0,0,0,0,0,0,0,0,0,0,0,0,0,0,0,0,
27,0,0,0,1,0,26,80,0,0,0,0,9,0,66,0,0,0,0,64,0,0,0,0,0,0,0,0,0,2,52,
28,15,0,0,8,17,0,1,0,0,0,1,0,16,1,6,0,23,0,3,3,1,2,15,2,2,0,0,2,0,0,
29,0,0,0,4,0,59,92,0,0,0,0,8,0,61,0,0,0,0,71,0,0,0,0,0,0,0,0,52,0,0,
0,0,11,25,39,0,0,0,8,11,0,1,3,18,17,12,43,0,0,35,0,0,1,31,15,0,41,42,29,0,24,
1,11,0,4,30,0,0,0,48,39,0,3,0,8,29,0,27,0,0,36,0,0,3,13,5,0,28,20,22,12,26,
2,25,4,0,26,0,0,0,2,5,0,13,4,34,20,5,16,0,0,9,0,0,0,28,34,0,29,34,7,0,5,
3,39,30,26,0,0,0,0,24,27,0,17,0,28,49,4,51,0,0,41,0,1,4,19,14,0,66,67,28,4,34,
4,0,0,0,0,0,54,0,0,0,69,0,0,0,0,0,0,0,48,0,0,0,0,0,0,9,0,0,0,0,0,
5,0,0,0,0,54,0,0,0,0,65,0,0,0,0,0,0,0,36,0,0,0,0,0,0,13,0,0,0,0,0,
6,0,0,0,0,0,0,0,1,0,0,0,0,0,1,0,54,0,0,0,0,18,1,0,0,0,0,0,3,1,0,
7,8,48,2,24,0,0,1,0,42,0,3,1,7,24,0,28,0,0,35,0,0,0,3,3,0,14,12,18,10,14,
8,11,39,5,27,0,0,0,42,0,0,2,1,13,38,4,14,0,0,26,0,1,10,3,7,0,18,16,21,9,7,
9,0,0,0,0,69,65,0,0,0,0,0,0,0,0,0,0,0,43,0,0,0,0,0,0,10,0,0,0,0,0,
10,1,3,13,17,0,0,0,3,2,0,0,0,15,13,1,4,0,0,7,0,1,1,9,12,0,32,32,2,10,0,
11,3,0,4,0,0,0,0,1,1,0,0,0,9,0,21,0,0,0,0,0,0,0,4,6,0,0,2,0,0,0,
12,18,8,34,28,0,0,0,7,13,0,15,9,0,25,5,9,0,0,5,0,1,0,14,24,0,19,36,12,8,2,
13,17,29,20,49,0,0,1,24,38,0,13,0,25,0,0,33,0,0,26,0,0,0,14,24,0,42,43,21,10,18,
14,12,0,5,4,0,0,0,0,4,0,1,21,5,0,0,0,0,0,1,0,0,0,18,2,0,1,1,0,0,17,
15,43,27,16,51,0,0,54,28,14,0,4,0,9,33,0,0,0,0,36,0,18,0,26,11,0,53,53,26,4,28,
16,0,0,0,0,0,0,0,0,0,0,0,0,0,0,0,0,0,0,0,0,0,0,0,0,0,0,0,0,0,0,
17,0,0,0,0,48,36,0,0,0,43,0,0,0,0,0,0,0,0,0,1,0,0,0,0,20,0,0,0,0,0,
18,35,36,9,41,0,0,0,35,26,0,7,0,5,26,1,36,0,0,0,0,0,1,20,6,0,45,51,47,6,34,
19,0,0,0,0,0,0,0,0,0,0,0,0,0,0,0,0,0,1,0,0,0,0,0,0,1,0,0,0,0,0,
20,0,0,0,1,0,0,18,0,1,0,1,0,1,0,0,18,0,0,0,0,0,180,1,0,0,0,1,26,138,0,
21,1,3,0,4,0,0,1,0,10,0,1,0,0,0,0,0,0,0,1,0,180,0,2,0,0,0,2,32,114,0,
22,31,13,28,19,0,0,0,3,3,0,9,4,14,14,18,26,0,0,20,0,1,2,0,25,0,36,27,29,1,21,
23,15,5,34,14,0,0,0,3,7,0,12,6,24,24,2,11,0,0,6,0,0,0,25,0,0,43,28,10,6,4,
24,0,0,0,0,9,13,0,0,0,10,0,0,0,0,0,0,0,20,0,1,0,0,0,0,0,0,0,0,0,0,
