Node/Edge,1000,11728
Step/Entity,800,20
meet_step
0,0,0,2,1,8,1,2,3,10,4,6,3,0,0,6,6,0,3,4,6,
1,0,0,17,18,0,7,8,0,0,5,0,15,9,31,0,0,34,15,10,0,
2,2,17,0,3,0,2,1,0,0,0,0,12,4,46,3,0,52,8,11,0,
3,1,18,3,0,0,15,11,0,0,10,0,20,14,1,3,0,0,7,9,0,
4,8,0,0,0,0,0,0,14,20,3,15,0,0,0,6,6,0,0,0,25,
5,1,7,2,15,0,0,18,0,0,6,0,24,11,1,3,0,1,27,16,0,
6,2,8,1,11,0,18,0,1,0,5,0,22,27,1,0,0,2,43,24,0,
7,3,0,0,0,14,0,1,0,6,3,26,0,0,0,8,2,0,0,0,15,
8,10,0,0,0,20,0,0,6,0,4,4,0,0,0,4,6,0,0,0,7,
9,4,5,0,10,3,6,5,3,4,0,0,11,12,0,1,0,0,7,7,3,
10,6,0,0,0,15,0,0,26,4,0,0,1,0,0,12,6,0,0,0,23,
11,3,15,12,20,0,24,22,0,0,11,1,0,31,1,2,0,0,38,27,0,
12,0,9,4,14,0,11,27,0,0,12,0,31,0,0,1,0,1,31,24,0,
13,0,31,46,1,0,1,1,0,0,0,0,1,0,0,0,0,60,2,4,0,
14,6,0,3,3,6,3,0,8,4,1,12,2,1,0,0,4,0,2,3,11,
15,6,0,0,0,6,0,0,2,6,0,6,0,0,0,4,0,0,0,0,9,
16,0,34,52,0,0,1,2,0,0,0,0,0,1,60,0,0,0,2,0,0,
17,3,15,8,7,0,27,43,0,0,7,0,38,31,2,2,0,2,0,19,0,
18,4,10,11,9,0,16,24,0,0,7,0,27,24,4,3,0,0,19,0,0,
19,6,0,0,0,25,0,0,15,7,3,23,0,0,0,11,9,0,0,0,0,
0,0,9,3,12,4,6,8,0,6,6,4,1,6,4,3,4,9,7,1,4,
1,9,0,2,7,6,8,12,0,17,6,2,1,7,4,1,5,11,8,6,3,
2,3,2,0,4,17,1,0,60,2,2,29,29,0,21,28,0,3,3,18,0,
3,12,7,4,0,3,8,20,1,8,5,1,1,9,1,1,6,12,10,3,2,
4,4,6,17,3,0,1,3,15,1,0,22,10,2,16,14,2,4,7,10,0,
5,6,8,1,8,1,0,8,0,13,11,0,0,16,0,0,20,15,12,1,2,
6,8,12,0,20,3,8,0,0,14,14,1,0,8,0,2,7,11,8,3,9,
7,0,0,60,1,15,0,0,0,1,0,38,23,0,32,25,0,0,3,15,0,
8,6,17,2,8,1,13,14,1,0,10,2,0,10,0,0,9,14,7,3,2,
9,6,6,2,5,0,11,14,0,10,0,0,0,12,0,2,5,14,8,3,9,
10,4,2,29,1,22,0,1,38,2,0,0,15,1,15,25,1,0,4,19,0,
11,1,1,29,1,10,0,0,23,0,0,15,0,0,20,29,0,0,1,16,2,
12,6,7,0,9,2,16,8,0,10,12,1,0,0,0,0,6,10,6,5,5,
13,4,4,21,1,16,0,0,32,0,0,15,20,0,0,13,0,0,2,15,0,
14,3,1,28,1,14,0,2,25,0,2,25,29,0,13,0,1,2,0,18,0,
15,4,5,0,6,2,20,7,0,9,5,1,0,6,0,1,0,8,4,7,4,
16,9,11,3,12,4,15,11,0,14,14,0,0,10,0,2,8,0,8,2,4,
17,7,8,3,10,7,12,8,3,7,8,4,1,6,2,0,4,8,0,6,0,
18,1,6,18,3,10,1,3,15,3,3,19,16,5,15,18,7,2,6,0,5,
19,4,3,0,2,0,2,9,0,2,9,0,2,5,0,0,4,4,0,5,0,
0,0,0,2,32,7,15,1,0,1,24,0,1,5,0,20,13,0,9,12,1,
1,0,0,7,0,1,4,11,12,4,1,15,26,7,8,1,9,1,7,0,1,
2,2,7,0,0,2,0,4,10,2,1,4,3,0,20,0,1,10,0,0,2,
3,32,0,0,0,10,11,1,1,0,37,0,1,15,0,36,12,0,19,19,0,
4,7,1,2,10,0,14,2,1,1,12,0,1,1,0,16,4,0,1,7,0,
5,15,4,0,11,14,0,0,1,0,16,0,2,7,0,11,8,0,9,9,1,
6,1,11,4,1,2,0,0,7,11,4,22,17,5,3,1,8,2,3,2,1,
7,0,12,10,1,1,1,7,0,10,5,15,21,10,1,4,4,0,8,1,0,
8,1,4,2,0,1,0,11,10,0,0,11,15,9,5,1,6,4,10,0,3,
9,24,1,1,37,12,16,4,5,0,0,0,1,12,0,36,12,0,10,22,0,
10,0,15,4,0,0,0,22,15,11,0,0,37,4,1,0,7,5,4,2,1,
11,1,26,3,1,1,2,17,21,15,1,37,0,8,0,0,13,5,5,2,2,
12,5,7,0,15,1,7,5,10,9,12,4,8,0,0,8,16,2,10,10,0,
13,0,8,20,0,0,0,3,1,5,0,1,0,0,0,1,0,25,0,0,7,
14,20,1,0,36,16,11,1,4,1,36,0,0,8,1,0,16,0,14,17,0,
15,13,9,1,12,4,8,8,4,6,12,7,13,16,0,16,0,0,14,15,1,
16,0,1,10,0,0,0,2,0,4,0,5,5,2,25,0,0,0,0,0,8,
17,9,7,0,19,1,9,3,8,10,10,4,5,10,0,14,14,0,0,12,2,
18,12,0,0,19,7,9,2,1,0,22,2,2,10,0,17,15,0,12,0,0,
19,1,1,2,0,0,1,1,0,3,0,1,2,0,7,0,1,8,2,0,0,
0,0,1,0,1,0,8,17,0,5,4,9,5,7,0,0,7,0,12,0,8,
1,1,0,5,4,0,0,0,3,1,3,6,3,10,1,5,10,2,4,0,3,
2,0,5,0,4,10,0,0,4,1,0,2,0,0,8,1,0,2,0,5,0,
3,1,4,4,0,1,0,0,6,0,2,0,3,5,2,6,4,1,0,5,0,
4,0,0,10,1,0,0,0,9,0,0,0,1,0,23,0,0,9,0,8,0,
5,8,0,0,0,0,0,54,0,14,1,0,0,0,0,0,1,0,1,0,4,
6,17,0,0,0,0,54,0,0,14,2,1,0,1,0,0,0,0,2,0,7,
7,0,3,4,6,9,0,0,0,0,2,0,0,0,12,2,1,1,0,4,0,
8,5,1,1,0,0,14,14,0,0,17,16,9,9,0,0,7,0,17,0,18,
9,4,3,0,2,0,1,2,2,17,0,26,24,25,0,2,21,4,13,0,8,
10,9,6,2,0,0,0,1,0,16,26,0,21,24,0,1,19,0,24,0,17,
11,5,3,0,3,1,0,0,0,9,24,21,0,23,0,5,13,3,12,1,11,
12,7,10,0,5,0,0,1,0,9,25,24,23,0,0,2,17,1,9,1,6,
13,0,1,8,2,23,0,0,12,0,0,0,0,0,0,0,0,5,1,12,0,
14,0,5,1,6,0,0,0,2,0,2,1,5,2,0,0,0,7,0,1,0,
15,7,10,0,4,0,1,0,1,7,21,19,13,17,0,0,0,0,14,0,13,
16,0,2,2,1,9,0,0,1,0,4,0,3,1,5,7,0,0,0,3,0,
17,12,4,0,0,0,1,2,0,17,13,24,12,9,1,0,14,0,0,0,29,
18,0,0,5,5,8,0,0,4,0,0,0,1,1,12,1,0,3,0,0,0,
19,8,3,0,0,0,4,7,0,18,8,17,11,6,0,0,13,0,29,0,0,
0,0,2,31,0,0,8,8,4,11,16,0,1,20,0,21,0,0,30,0,19,
1,2,0,8,5,1,10,5,0,0,1,7,6,4,7,4,5,4,3,3,3,
2,31,8,0,0,0,11,16,10,13,18,0,0,22,0,41,0,0,29,0,26,
3,0,5,0,0,15,5,4,1,0,0,23,18,2,31,0,24,15,0,23,0,
4,0,1,0,15,0,5,2,2,0,0,8,10,1,14,0,14,10,0,17,0,
5,8,10,11,5,5,0,5,10,3,3,4,2,6,2,12,1,12,8,2,5,
6,8,5,16,4,2,5,0,15,6,14,0,0,8,6,20,5,6,16,0,10,
7,4,0,10,1,2,10,15,0,3,11,0,2,4,0,13,0,1,14,2,9,
8,11,0,13,0,0,3,6,3,0,2,0,0,8,0,12,0,0,8,0,13,
9,16,1,18,0,0,3,14,11,2,0,0,0,10,1,22,0,0,27,0,10,
10,0,7,0,23,8,4,0,0,0,0,0,11,0,11,0,15,11,0,20,0,
11,1,6,0,18,10,2,0,2,0,0,11,0,0,13,0,17,12,0,12,0,
12,20,4,22,2,1,6,8,4,8,10,0,0,0,3,18,0,1,17,0,8,
13,0,7,0,31,14,2,6,0,0,1,11,13,3,0,1,21,22,0,23,2,
14,21,4,41,0,0,12,20,13,12,22,0,0,18,1,0,0,0,31,0,26,
15,0,5,0,24,14,1,5,0,0,0,15,17,0,21,0,0,17,0,2,0,
16,0,4,0,15,10,12,6,1,0,0,11,12,1,22,0,17,0,0,17,0,
17,30,3,29,0,0,8,16,14,8,27,0,0,17,0,31,0,0,0,0,19,
18,0,3,0,23,17,2,0,2,0,0,20,12,0,23,0,2,17,0,0,0,
19,19,3,26,0,0,5,10,9,13,10,0,0,8,2,26,0,0,19,0,0,
0,0,39,0,0,0,7,23,0,0,9,0,1,0,0,18,0,0,0,0,3,
1,39,0,0,0,0,4,18,0,0,5,0,0,0,0,15,0,0,0,0,1,
2,0,0,0,5,9,0,0,2,21,0,30,7,25,29,0,2,3,10,7,0,
3,0,0,5,0,12,0,0,5,12,0,7,15,6,1,0,9,16,6,11,1,
4,0,0,9,12,0,0,0,0,22,0,19,0,21,13,0,1,2,8,3,0,
5,7,4,0,0,0,0,10,9,0,11,2,2,0,1,6,2,5,0,1,8,
6,23,18,0,0,0,10,0,0,3,15,0,1,0,2,23,0,0,0,0,3,
7,0,0,2,5,0,9,0,0,0,1,0,7,2,9,1,6,6,3,4,10,
8,0,0,21,12,22,0,3,0,0,0,29,0,30,10,0,9,1,8,1,1,
9,9,5,0,0,0,11,15,1,0,0,0,6,0,5,15,1,2,0,0,6,
10,0,0,30,7,19,2,0,0,29,0,0,1,41,23,0,9,6,15,4,0,
11,1,0,7,15,0,2,1,7,0,6,1,0,3,6,1,21,30,2,12,13,
12,0,0,25,6,21,0,0,2,30,0,41,3,0,20,0,5,2,18,5,2,
13,0,0,29,1,13,1,2,9,10,5,23,6,20,0,0,5,8,12,6,3,
14,18,15,0,0,0,6,23,1,0,15,0,1,0,0,0,0,0,0,0,8,
15,0,0,2,9,1,2,0,6,9,1,9,21,5,5,0,0,21,1,12,6,
16,0,0,3,16,2,5,0,6,1,2,6,30,2,8,0,21,0,1,26,13,
17,0,0,10,6,8,0,0,3,8,0,15,2,18,12,0,1,1,0,3,0,
18,0,0,7,11,3,1,0,4,1,0,4,12,5,6,0,12,26,3,0,9,
19,3,1,0,1,0,8,3,10,1,6,0,13,2,3,8,6,13,0,9,0,
0,0,11,5,0,0,8,1,0,0,1,2,0,4,1,4,11,4,0,5,6,
1,11,0,7,0,0,7,2,6,0,16,8,0,14,3,16,7,1,0,20,12,
2,5,7,0,9,0,21,2,2,3,1,0,0,1,15,1,6,15,3,2,14,
3,0,0,9,0,0,12,0,2,4,3,0,3,0,28,0,3,24,5,1,5,
4,0,0,0,0,0,0,0,0,9,0,0,28,0,0,0,2,0,4,0,0,
5,8,7,21,12,0,0,3,6,2,5,6,6,4,7,3,13,29,5,2,23,
6,1,2,2,0,0,3,0,6,0,6,1,0,11,4,7,5,1,0,6,2,
7,0,6,2,2,0,6,6,0,0,11,6,0,21,3,17,7,0,0,14,6,
8,0,0,3,4,9,2,0,0,0,0,0,9,0,1,0,1,4,24,0,0,
9,1,16,1,3,0,5,6,11,0,0,2,0,8,0,16,4,4,1,12,6,
10,2,8,0,0,0,6,1,6,0,2,0,0,10,2,13,2,0,0,11,6,
11,0,0,0,3,28,6,0,0,9,0,0,0,0,1,0,0,0,4,0,0,
12,4,14,1,0,0,4,11,21,0,8,10,0,0,1,28,2,1,0,28,5,
13,1,3,15,28,0,7,4,3,1,0,2,1,1,0,5,2,33,1,3,6,
14,4,16,1,0,0,3,7,17,0,16,13,0,28,5,0,3,2,0,28,10,
15,11,7,6,3,2,13,5,7,1,4,2,0,2,2,3,0,1,1,10,15,
16,4,1,15,24,0,29,1,0,4,4,0,0,1,33,2,1,0,6,0,5,
17,0,0,3,5,4,5,0,0,24,1,0,4,0,1,0,1,6,0,0,0,
18,5,20,2,1,0,2,6,14,0,12,11,0,28,3,28,10,0,0,0,10,
19,6,12,14,5,0,23,2,6,0,6,6,0,5,6,10,15,5,0,10,0,
0,0,13,1,0,0,0,1,0,24,5,28,0,0,2,8,0,22,40,0,0,
1,13,0,0,0,0,0,0,0,16,4,13,0,0,0,1,0,9,8,0,0,
2,1,0,0,12,3,9,5,19,0,1,3,16,5,12,0,7,1,0,3,10,
3,0,0,12,0,12,18,5,12,0,0,0,7,15,2,0,13,0,0,21,9,
4,0,0,3,12,0,7,2,2,0,0,0,1,7,1,1,5,0,0,4,2,
5,0,0,9,18,7,0,7,0,0,8,0,25,9,37,7,7,2,0,20,30,
6,1,0,5,5,2,7,0,5,0,4,0,13,4,7,2,9,2,1,6,9,
7,0,0,19,12,2,0,5,0,0,3,0,18,2,14,2,2,0,0,1,1,
8,24,16,0,0,0,0,0,0,0,5,22,0,0,0,7,0,26,13,0,0,
9,5,4,1,0,0,8,4,3,5,0,2,8,0,9,2,1,7,8,1,1,
10,28,13,3,0,0,0,0,0,22,2,0,0,0,1,7,0,36,31,0,0,
11,0,0,16,7,1,25,13,18,0,8,0,0,2,38,10,6,1,0,1,5,
12,0,0,5,15,7,9,4,2,0,0,0,2,0,0,2,16,0,0,13,8,
13,2,0,12,2,1,37,7,14,0,9,1,38,0,0,8,4,0,0,3,11,
14,8,1,0,0,1,7,2,2,7,2,7,10,2,8,0,3,3,5,2,1,
15,0,0,7,13,5,7,9,2,0,1,0,6,16,4,3,0,0,0,13,13,
16,22,9,1,0,0,2,2,0,26,7,36,1,0,0,3,0,0,39,0,1,
17,40,8,0,0,0,0,1,0,13,8,31,0,0,0,5,0,39,0,0,0,
18,0,0,3,21,4,20,6,1,0,1,0,1,13,3,2,13,0,0,0,11,
19,0,0,10,9,2,30,9,1,0,1,0,5,8,11,1,13,1,0,11,0,
0,0,0,23,0,0,0,0,0,0,0,26,10,13,27,25,8,0,24,3,21,
1,0,0,0,12,13,0,1,28,11,8,1,0,1,0,0,2,14,0,18,0,
2,23,0,0,0,0,0,0,0,2,1,26,26,19,13,34,9,0,37,0,23,
3,0,12,0,0,5,6,5,16,25,12,0,0,0,0,0,2,5,1,9,1,
4,0,13,0,5,0,0,0,11,13,6,1,1,1,0,0,0,12,0,11,1,
5,0,0,0,6,0,0,48,1,4,1,0,0,0,0,0,0,8,0,0,0,
6,0,1,0,5,0,48,0,2,4,1,0,0,0,0,0,0,2,0,0,0,
7,0,28,0,16,11,1,2,0,11,9,0,3,3,2,2,3,19,0,10,2,
8,0,11,2,25,13,4,4,11,0,20,0,2,0,0,1,2,18,0,21,0,
9,0,8,1,12,6,1,1,9,20,0,1,6,2,6,3,0,17,2,18,4,
10,26,1,26,0,1,0,0,0,0,1,0,28,28,31,46,9,1,38,0,32,
11,10,0,26,0,1,0,0,3,2,6,28,0,30,21,40,9,0,39,0,28,
12,13,1,19,0,1,0,0,3,0,2,28,30,0,16,30,0,2,23,0,26,
13,27,0,13,0,0,0,0,2,0,6,31,21,16,0,34,9,1,30,0,17,
14,25,0,34,0,0,0,0,2,1,3,46,40,30,34,0,15,1,57,0,46,
15,8,2,9,2,0,0,0,3,2,0,9,9,0,9,15,0,3,11,4,7,
16,0,14,0,5,12,8,2,19,18,17,1,0,2,1,1,3,0,0,30,0,
17,24,0,37,1,0,0,0,0,0,2,38,39,23,30,57,11,0,0,0,27,
18,3,18,0,9,11,0,0,10,21,18,0,0,0,0,0,4,30,0,0,1,
19,21,0,23,1,1,0,0,2,0,4,32,28,26,17,46,7,0,27,1,0,
0,0,0,0,0,4,11,7,11,7,0,10,17,24,0,28,14,29,8,17,0,
1,0,0,3,12,0,0,0,0,0,26,0,0,0,5,0,0,0,0,0,1,
2,0,3,0,13,0,0,0,0,0,8,0,0,1,16,0,0,0,0,0,8,
3,0,12,13,0,0,0,0,0,0,18,0,0,0,31,0,0,0,0,0,5,
4,4,0,0,0,0,9,2,22,4,0,4,11,12,0,9,9,15,2,14,2,
5,11,0,0,0,9,0,10,11,12,0,18,29,21,0,21,26,16,3,12,0,
6,7,0,0,0,2,10,0,9,3,0,18,20,12,2,19,26,21,11,22,1,
7,11,0,0,0,22,11,9,0,13,0,13,20,38,0,35,19,20,23,33,5,
8,7,0,0,0,4,12,3,13,0,0,9,7,17,0,14,6,13,11,12,0,
9,0,26,8,18,0,0,0,0,0,0,0,0,0,12,0,0,0,0,0,5,
10,10,0,0,0,4,18,18,13,9,0,0,23,23,0,34,8,25,4,22,0,
11,17,0,0,0,11,29,20,20,7,0,23,0,46,0,37,24,38,15,23,0,
12,24,0,1,0,12,21,12,38,17,0,23,46,0,0,45,23,35,17,40,2,
13,0,5,16,31,0,0,2,0,0,12,0,0,0,0,0,0,0,0,0,5,
14,28,0,0,0,9,21,19,35,14,0,34,37,45,0,0,25,31,14,30,1,
15,14,0,0,0,9,26,26,19,6,0,8,24,23,0,25,0,23,4,21,2,
16,29,0,0,0,15,16,21,20,13,0,25,38,35,0,31,23,0,12,40,1,
17,8,0,0,0,2,3,11,23,11,0,4,15,17,0,14,4,12,0,15,2,
18,17,0,0,0,14,12,22,33,12,0,22,23,40,0,30,21,40,15,0,2,
19,0,1,8,5,2,0,1,5,0,5,0,0,2,5,1,2,1,2,2,0,
0,0,0,4,0,13,21,18,0,17,0,0,0,8,8,0,8,13,21,4,2,
1,0,0,0,16,0,0,0,0,0,0,0,23,0,7,14,0,9,4,0,0,
2,4,0,0,0,15,8,20,15,5,13,17,0,11,5,1,20,1,6,19,27,
3,0,16,0,0,0,0,0,0,0,0,0,15,0,4,24,0,1,0,0,0,
4,13,0,15,0,0,13,5,11,4,6,9,0,10,12,0,8,2,1,7,8,
5,21,0,8,0,13,0,24,4,30,6,2,0,12,15,0,14,9,23,3,5,
6,18,0,20,0,5,24,0,2,10,3,6,0,17,8,0,17,2,12,13,13,
7,0,0,15,0,11,4,2,0,2,9,22,0,2,0,0,6,1,1,7,6,
8,17,0,5,0,4,30,10,2,0,4,0,0,6,6,0,15,7,19,1,3,
9,0,0,13,0,6,6,3,9,4,0,4,0,8,0,0,9,0,1,4,5,
10,0,0,17,0,9,2,6,22,0,4,0,0,1,0,0,6,1,2,10,15,
11,0,23,0,15,0,0,0,0,0,0,0,0,0,3,36,0,2,3,0,0,
12,8,0,11,0,10,12,17,2,6,8,1,0,0,4,0,9,4,4,12,6,
13,8,7,5,4,12,15,8,0,6,0,0,3,4,0,4,2,4,18,1,4,
14,0,14,1,24,0,0,0,0,0,0,0,36,0,4,0,0,1,4,0,0,
15,8,0,20,0,8,14,17,6,15,9,6,0,9,2,0,0,4,13,15,13,
16,13,9,1,1,2,9,2,1,7,0,1,2,4,4,1,4,0,10,2,0,
17,21,4,6,0,1,23,12,1,19,1,2,3,4,18,4,13,10,0,3,5,
18,4,0,19,0,7,3,13,7,1,4,10,0,12,1,0,15,2,3,0,19,
19,2,0,27,0,8,5,13,6,3,5,15,0,6,4,0,13,0,5,19,0,
0,0,8,6,2,7,7,7,8,7,4,7,3,0,3,1,7,2,9,0,6,
1,8,0,1,1,0,1,22,10,26,10,15,1,1,15,1,17,6,19,2,3,
2,6,1,0,3,10,3,0,6,0,1,0,0,4,1,0,1,1,3,0,14,
3,2,1,3,0,9,4,2,2,2,1,0,4,2,0,0,0,1,2,0,10,
4,7,0,10,9,0,14,1,6,2,0,0,4,16,0,0,2,0,2,0,41,
5,7,1,3,4,14,0,1,8,0,0,1,4,1,1,0,4,1,6,0,7,
6,7,22,0,2,1,1,0,17,19,17,13,2,4,17,2,32,4,13,0,0,
7,8,10,6,2,6,8,17,0,5,6,0,6,2,6,0,13,6,17,0,5,
8,7,26,0,2,2,0,19,5,0,6,16,0,5,12,0,19,18,23,2,1,
9,4,10,1,1,0,0,17,6,6,0,8,0,1,10,2,9,15,13,3,1,
10,7,15,0,0,0,1,13,0,16,8,0,1,0,9,4,12,6,13,5,1,
11,3,1,0,4,4,4,2,6,0,0,1,0,5,1,0,0,0,1,0,12,
12,0,1,4,2,16,1,4,2,5,1,0,5,0,2,0,3,3,3,0,9,
13,3,15,1,0,0,1,17,6,12,10,9,1,2,0,0,9,9,10,1,2,
14,1,1,0,0,0,0,2,0,0,2,4,0,0,0,0,2,10,0,15,1,
15,7,17,1,0,2,4,32,13,19,9,12,0,3,9,2,0,19,30,0,2,
16,2,6,1,1,0,1,4,6,18,15,6,0,3,9,10,19,0,7,6,0,
17,9,19,3,2,2,6,13,17,23,13,13,1,3,10,0,30,7,0,0,2,
18,0,2,0,0,0,0,0,0,2,3,5,0,0,1,15,0,6,0,0,0,
19,6,3,14,10,41,7,0,5,1,1,1,12,9,2,1,2,0,2,0,0,
0,0,21,6,29,6,6,7,5,22,8,0,22,26,7,3,21,2,2,2,9,
1,21,0,3,18,9,4,5,0,22,5,1,27,17,6,2,19,7,0,1,5,
2,6,3,0,4,3,4,1,1,13,2,3,5,6,1,3,13,4,1,1,10,
3,29,18,4,0,13,1,8,6,37,18,0,34,30,16,3,27,2,3,2,9,
4,6,9,3,13,0,9,0,2,8,10,0,11,9,7,8,14,5,4,0,8,
5,6,4,4,1,9,0,0,0,7,8,0,3,1,18,5,4,20,0,0,9,
6,7,5,1,8,0,0,0,4,15,2,1,7,2,1,1,5,1,2,9,4,
7,5,0,1,6,2,0,4,0,3,3,2,4,7,1,0,1,1,1,20,0,
8,22,22,13,37,8,7,15,3,0,9,0,27,15,7,5,22,2,3,5,21,
9,8,5,2,18,10,8,2,3,9,0,0,14,11,7,2,17,5,1,0,13,
10,0,1,3,0,0,0,1,2,0,0,0,0,0,0,0,0,0,49,6,0,
11,22,27,5,34,11,3,7,4,27,14,0,0,23,9,5,31,6,1,1,8,
12,26,17,6,30,9,1,2,7,15,11,0,23,0,7,4,20,4,3,0,5,
13,7,6,1,16,7,18,1,1,7,7,0,9,7,0,4,5,22,0,0,4,
14,3,2,3,3,8,5,1,0,5,2,0,5,4,4,0,5,3,0,0,11,
15,21,19,13,27,14,4,5,1,22,17,0,31,20,5,5,0,4,1,1,18,
16,2,7,4,2,5,20,1,1,2,5,0,6,4,22,3,4,0,0,0,8,
17,2,0,1,3,4,0,2,1,3,1,49,1,3,0,0,1,0,0,1,0,
18,2,1,1,2,0,0,9,20,5,0,6,1,0,0,0,1,0,1,0,0,
19,9,5,10,9,8,9,4,0,21,13,0,8,5,4,11,18,8,0,0,0,
0,0,33,20,3,3,12,6,0,0,0,0,15,3,1,0,0,2,0,16,0,
1,33,0,15,0,1,23,2,0,0,0,0,18,3,2,0,0,3,0,16,0,
2,20,15,0,0,0,23,5,0,0,0,0,23,0,1,0,0,0,0,20,0,
3,3,0,0,0,10,0,11,2,11,12,0,0,21,21,0,12,8,8,0,20,
4,3,1,0,10,0,1,9,2,4,4,0,5,7,4,4,1,1,3,0,11,
5,12,23,23,0,1,0,10,0,0,0,0,35,2,2,0,0,0,0,27,0,
6,6,2,5,11,9,10,0,1,4,4,2,5,19,20,3,0,3,2,2,2,
7,0,0,0,2,2,0,1,0,8,6,5,0,4,0,11,12,1,14,0,9,
8,0,0,0,11,4,0,4,8,0,20,0,0,8,2,8,22,3,12,0,34,
9,0,0,0,12,4,0,4,6,20,0,7,0,15,2,2,7,4,15,0,38,
10,0,0,0,0,0,0,2,5,0,7,0,0,2,0,7,5,0,9,0,10,
11,15,18,23,0,5,35,5,0,0,0,0,0,0,1,0,1,0,0,12,2,
12,3,3,0,21,7,2,19,4,8,15,2,0,0,33,0,2,8,2,3,8,
13,1,2,1,21,4,2,20,0,2,2,0,1,33,0,0,2,8,1,1,2,
14,0,0,0,0,4,0,3,11,8,2,7,0,0,0,0,4,3,10,0,9,
15,0,0,0,12,1,0,0,12,22,7,5,1,2,2,4,0,5,13,0,26,
16,2,3,0,8,1,0,3,1,3,4,0,0,8,8,3,5,0,3,1,7,
17,0,0,0,8,3,0,2,14,12,15,9,0,2,1,10,13,3,0,0,27,
18,16,16,20,0,0,27,2,0,0,0,0,12,3,1,0,0,1,0,0,0,
19,0,0,0,20,11,0,2,9,34,38,10,2,8,2,9,26,7,27,0,0,
0,0,10,4,8,1,1,18,18,4,2,5,0,6,6,3,3,7,14,0,11,
1,10,0,2,11,1,2,6,14,1,2,14,7,9,13,6,5,9,8,1,9,
2,4,2,0,3,15,34,0,0,20,17,26,25,0,9,18,18,0,0,7,6,
3,8,11,3,0,7,7,5,6,10,9,8,9,3,4,4,4,4,6,6,2,
4,1,1,15,7,0,24,1,1,6,16,18,11,1,6,4,14,0,1,8,6,
5,1,2,34,7,24,0,1,1,19,17,20,31,1,11,12,26,0,0,18,3,
6,18,6,0,5,1,1,0,37,1,0,0,0,21,7,1,0,15,28,0,12,
7,18,14,0,6,1,1,37,0,0,0,0,1,28,16,3,0,35,18,1,26,
8,4,1,20,10,6,19,1,0,0,22,16,13,0,13,14,22,0,1,6,5,
9,2,2,17,9,16,17,0,0,22,0,11,18,0,11,8,11,4,0,13,1,
10,5,14,26,8,18,20,0,0,16,11,0,24,0,15,15,14,1,0,7,5,
11,0,7,25,9,11,31,0,1,13,18,24,0,1,15,10,21,1,0,12,2,
12,6,9,0,3,1,1,21,28,0,0,0,1,0,10,0,0,12,8,1,24,
13,6,13,9,4,6,11,7,16,13,11,15,15,10,0,16,18,11,1,6,13,
14,3,6,18,4,4,12,1,3,14,8,15,10,0,16,0,14,1,1,4,4,
15,3,5,18,4,14,26,0,0,22,11,14,21,0,18,14,0,0,0,6,7,
16,7,9,0,4,0,0,15,35,0,4,1,1,12,11,1,0,0,9,1,17,
17,14,8,0,6,1,0,28,18,1,0,0,0,8,1,1,0,9,0,0,9,
18,0,1,7,6,8,18,0,1,6,13,7,12,1,6,4,6,1,0,0,4,
19,11,9,6,2,6,3,12,26,5,1,5,2,24,13,4,7,17,9,4,0,
0,0,5,0,8,0,1,21,0,1,7,0,2,19,8,19,8,3,18,0,12,
1,5,0,0,5,0,0,2,0,12,3,0,0,2,0,4,3,13,9,0,21,
2,0,0,0,1,28,7,0,8,0,0,4,8,0,6,0,4,0,0,6,0,
3,8,5,1,0,0,0,7,0,7,3,0,5,10,3,12,4,4,8,0,5,
4,0,0,28,0,0,7,0,20,0,0,2,6,0,2,0,1,0,0,5,0,
5,1,0,7,0,7,0,1,14,0,0,11,23,3,17,0,14,0,1,22,0,
6,21,2,0,7,0,1,0,0,10,8,1,0,25,12,28,12,4,23,0,7,
7,0,0,8,0,20,14,0,0,1,0,11,7,0,10,0,1,0,0,14,1,
8,1,12,0,7,0,0,10,1,0,1,0,0,3,1,2,0,10,6,0,23,
9,7,3,0,3,0,0,8,0,1,0,1,2,14,3,7,3,1,8,1,6,
10,0,0,4,0,2,11,1,11,0,1,0,8,0,15,0,11,0,0,15,0,
11,2,0,8,5,6,23,0,7,0,2,8,0,0,17,3,11,0,1,13,0,
12,19,2,0,10,0,3,25,0,3,14,0,0,0,0,23,11,1,25,0,14,
13,8,0,6,3,2,17,12,10,1,3,15,17,0,0,8,10,1,3,17,2,
14,19,4,0,12,0,0,28,0,2,7,0,3,23,8,0,7,1,15,0,10,
15,8,3,4,4,1,14,12,1,0,3,11,11,11,10,7,0,1,2,10,2,
16,3,13,0,4,0,0,4,0,10,1,0,0,1,1,1,1,0,2,0,10,
17,18,9,0,8,0,1,23,0,6,8,0,1,25,3,15,2,2,0,0,9,
18,0,0,6,0,5,22,0,14,0,1,15,13,0,17,0,10,0,0,0,1,
19,12,21,0,5,0,0,7,1,23,6,0,0,14,2,10,2,10,9,1,0,
0,0,1,15,0,3,10,18,0,3,11,1,2,2,3,1,2,6,1,5,1,
1,1,0,10,12,13,6,2,5,18,0,13,16,0,6,24,16,4,33,3,26,
2,15,10,0,1,3,32,43,3,11,18,3,2,12,7,9,7,11,6,6,5,
3,0,12,1,0,17,0,0,19,12,0,9,17,0,12,17,8,9,27,3,20,
4,3,13,3,17,0,0,4,8,14,0,10,17,1,20,16,7,12,24,4,15,
5,10,6,32,0,0,0,37,0,4,13,2,1,7,9,2,3,10,5,10,7,
6,18,2,43,0,4,37,0,0,4,16,0,3,10,9,0,1,5,1,8,2,
7,0,5,3,19,8,0,0,0,9,0,9,3,0,5,8,4,2,9,3,7,
8,3,18,11,12,14,4,4,9,0,0,11,20,3,19,26,7,13,31,3,25,
9,11,0,18,0,0,13,16,0,0,0,0,0,5,3,1,1,6,0,7,0,
10,1,13,3,9,10,2,0,9,11,0,0,13,0,5,13,8,5,13,8,22,
11,2,16,2,17,17,1,3,3,20,0,13,0,0,22,38,10,9,31,5,27,
12,2,0,12,0,1,7,10,0,3,5,0,0,0,4,1,0,2,0,6,2,
13,3,6,7,12,20,9,9,5,19,3,5,22,4,0,28,9,9,23,5,9,
14,1,24,9,17,16,2,0,8,26,1,13,38,1,28,0,19,10,40,4,34,
15,2,16,7,8,7,3,1,4,7,1,8,10,0,9,19,0,8,25,5,22,
16,6,4,11,9,12,10,5,2,13,6,5,9,2,9,10,8,0,16,8,5,
17,1,33,6,27,24,5,1,9,31,0,13,31,0,23,40,25,16,0,4,39,
18,5,3,6,3,4,10,8,3,3,7,8,5,6,5,4,5,8,4,0,6,
19,1,26,5,20,15,7,2,7,25,0,22,27,2,9,34,22,5,39,6,0,
0,0,0,2,2,8,5,0,5,0,0,3,1,2,7,0,0,7,0,1,0,
1,0,0,0,9,10,3,1,7,0,0,0,0,7,5,2,0,7,1,0,0,
2,2,0,0,16,2,1,17,3,6,8,7,9,1,4,37,10,2,13,2,4,
3,2,9,16,0,21,0,8,16,2,1,0,3,10,11,9,3,8,7,3,1,
4,8,10,2,21,0,9,1,19,0,0,1,0,14,21,2,1,15,3,1,1,
5,5,3,1,0,9,0,5,5,1,0,3,3,6,5,3,2,7,5,1,1,
6,0,1,17,8,1,5,0,0,6,17,4,6,3,0,31,10,2,2,2,5,
7,5,7,3,16,19,5,0,0,0,0,0,1,8,15,0,0,16,4,0,0,
8,0,0,6,2,0,1,6,0,0,16,29,11,3,0,4,11,0,3,14,26,
9,0,0,8,1,0,0,17,0,16,0,34,21,4,0,3,22,0,5,22,35,
10,3,0,7,0,1,3,4,0,29,34,0,22,3,0,7,14,1,2,28,27,
11,1,0,9,3,0,3,6,1,11,21,22,0,3,0,4,16,1,10,14,24,
12,2,7,1,10,14,6,3,8,3,4,3,3,0,18,3,1,12,11,1,1,
13,7,5,4,11,21,5,0,15,0,0,0,0,18,0,2,0,10,6,1,0,
14,0,2,37,9,2,3,31,0,4,3,7,4,3,2,0,3,1,4,3,7,
15,0,0,10,3,1,2,10,0,11,22,14,16,1,0,3,0,0,1,16,11,
16,7,7,2,8,15,7,2,16,0,0,1,1,12,10,1,0,0,3,0,0,
17,0,1,13,7,3,5,2,4,3,5,2,10,11,6,4,1,3,0,1,3,
18,1,0,2,3,1,1,2,0,14,22,28,14,1,1,3,16,0,1,0,22,
19,0,0,4,1,1,1,5,0,26,35,27,24,1,0,7,11,0,3,22,0,
0,0,1,0,26,22,3,1,0,0,7,0,27,16,0,6,24,0,27,2,12,
1,1,0,6,2,2,32,6,7,8,25,4,1,0,4,0,0,2,0,11,6,
2,0,6,0,0,0,6,7,8,13,6,8,0,0,7,0,0,16,1,3,0,
3,26,2,0,0,19,3,0,0,0,6,0,31,18,0,16,27,1,14,2,9,
4,22,2,0,19,0,3,0,0,0,5,0,15,2,0,7,12,0,23,1,11,
5,3,32,6,3,3,0,5,8,6,21,2,0,0,3,0,2,5,4,24,2,
6,1,6,7,0,0,5,0,6,16,8,9,0,0,12,0,0,19,0,17,5,
7,0,7,8,0,0,8,6,0,7,2,7,0,0,11,0,0,8,1,6,4,
8,0,8,13,0,0,6,16,7,0,4,28,0,0,21,0,0,30,0,11,3,
9,7,25,6,6,5,21,8,2,4,0,5,9,0,4,4,2,6,5,20,12,
10,0,4,8,0,0,2,9,7,28,5,0,0,0,17,0,0,32,0,6,5,
11,27,1,0,31,15,0,0,0,0,9,0,0,25,0,23,23,0,15,1,14,
12,16,0,0,18,2,0,0,0,0,0,0,25,0,0,15,20,0,6,1,9,
13,0,4,7,0,0,3,12,11,21,4,17,0,0,0,0,0,31,0,13,5,
14,6,0,0,16,7,0,0,0,0,4,0,23,15,0,0,23,0,8,0,0,
15,24,0,0,27,12,2,0,0,0,2,0,23,20,0,23,0,0,12,0,1,
16,0,2,16,1,0,5,19,8,30,6,32,0,0,31,0,0,0,0,5,7,
17,27,0,1,14,23,4,0,1,0,5,0,15,6,0,8,12,0,0,5,11,
18,2,11,3,2,1,24,17,6,11,20,6,1,1,13,0,0,5,5,0,4,
19,12,6,0,9,11,2,5,4,3,12,5,14,9,5,0,1,7,11,4,0,
0,0,8,2,3,1,5,2,0,1,9,0,9,2,3,3,5,3,10,2,11,
1,8,0,0,8,6,1,3,6,4,12,8,1,0,1,0,14,0,3,0,9,
2,2,0,0,0,0,0,0,0,0,0,0,39,19,0,18,0,37,17,26,2,
3,3,8,0,0,12,4,13,4,32,10,21,0,1,7,0,8,0,1,0,2,
4,1,6,0,12,0,2,7,4,3,5,5,1,0,1,0,3,0,2,0,2,
5,5,1,0,4,2,0,1,6,19,1,11,2,2,15,0,0,0,2,0,1,
6,2,3,0,13,7,1,0,2,10,5,6,0,0,4,0,2,0,1,0,1,
7,0,6,0,4,4,6,2,0,3,0,7,0,0,5,0,2,0,1,0,0,
8,1,4,0,32,3,19,10,3,0,7,21,0,0,20,0,8,0,0,0,0,
9,9,12,0,10,5,1,5,0,7,0,5,0,3,2,1,20,2,4,1,8,
10,0,8,0,21,5,11,6,7,21,5,0,0,0,12,0,10,0,0,0,0,
11,9,1,39,0,1,2,0,0,0,0,0,0,20,0,20,3,28,14,32,1,
12,2,0,19,1,0,2,0,0,0,3,0,20,0,1,23,1,38,12,26,4,
13,3,1,0,7,1,15,4,5,20,2,12,0,1,0,0,9,0,1,0,5,
14,3,0,18,0,0,0,0,0,0,1,0,20,23,0,0,2,27,14,31,1,
15,5,14,0,8,3,0,2,2,8,20,10,3,1,9,2,0,0,2,0,4,
16,3,0,37,0,0,0,0,0,0,2,0,28,38,0,27,0,0,11,30,2,
17,10,3,17,1,2,2,1,1,0,4,0,14,12,1,14,2,11,0,23,12,
18,2,0,26,0,0,0,0,0,0,1,0,32,26,0,31,0,30,23,0,1,
19,11,9,2,2,2,1,1,0,0,8,0,1,4,5,1,4,2,12,1,0,
0,0,20,1,0,37,0,0,0,1,0,0,0,0,0,23,0,0,0,36,13,
1,20,0,3,5,15,0,0,2,3,7,0,3,0,1,13,0,2,1,5,14,
2,1,3,0,8,3,6,32,18,18,7,4,15,28,10,3,11,20,1,0,2,
3,0,5,8,0,0,9,8,14,15,10,1,9,5,8,0,10,4,5,0,0,
4,37,15,3,0,0,0,0,0,0,2,0,0,0,1,38,0,0,0,31,22,
5,0,0,6,9,0,0,9,8,7,11,11,12,15,14,0,7,9,6,0,0,
6,0,0,32,8,0,9,0,12,21,8,10,19,17,15,0,18,15,3,0,0,
7,0,2,18,14,0,8,12,0,13,11,4,12,4,6,0,6,10,2,0,2,
8,1,3,18,15,0,7,21,13,0,14,3,10,16,17,0,11,16,2,1,0,
9,0,7,7,10,2,11,8,11,14,0,3,9,26,16,1,9,11,2,0,0,
10,0,0,4,1,0,11,10,4,3,3,0,7,7,3,0,6,2,1,0,0,
11,0,3,15,9,0,12,19,12,10,9,7,0,25,10,0,6,10,3,0,0,
12,0,0,28,5,0,15,17,4,16,26,7,25,0,13,0,15,11,3,0,0,
13,0,1,10,8,1,14,15,6,17,16,3,10,13,0,0,7,15,1,0,0,
14,23,13,3,0,38,0,0,0,0,1,0,0,0,0,0,0,0,0,24,22,
15,0,0,11,10,0,7,18,6,11,9,6,6,15,7,0,0,9,5,0,0,
16,0,2,20,4,0,9,15,10,16,11,2,10,11,15,0,9,0,6,0,0,
17,0,1,1,5,0,6,3,2,2,2,1,3,3,1,0,5,6,0,0,0,
18,36,5,0,0,31,0,0,0,1,0,0,0,0,0,24,0,0,0,0,14,
19,13,14,2,0,22,0,0,2,0,0,0,0,0,0,22,0,0,0,14,0,
0,0,0,0,9,1,11,13,1,0,2,0,11,3,10,8,1,0,8,1,1,
1,0,0,2,0,0,0,0,10,23,2,19,0,17,0,0,0,6,0,16,0,
2,0,2,0,3,5,1,2,5,7,4,0,1,5,3,0,0,3,4,4,4,
3,9,0,3,0,3,24,42,0,0,10,1,20,0,25,33,8,0,24,0,9,
4,1,0,5,3,0,2,6,5,3,0,2,3,3,1,3,3,0,1,4,13,
5,11,0,1,24,2,0,24,0,0,15,0,24,0,6,18,3,0,12,0,5,
6,13,0,2,42,6,24,0,0,0,8,0,37,0,8,38,4,0,16,1,3,
7,1,10,5,0,5,0,0,0,18,1,13,0,19,0,0,0,6,0,18,1,
8,0,23,7,0,3,0,0,18,0,0,24,0,20,0,0,0,17,0,39,2,
9,2,2,4,10,0,15,8,1,0,0,1,20,0,16,9,6,0,10,0,5,
10,0,19,0,1,2,0,0,13,24,1,0,0,30,0,0,0,6,0,20,0,
11,11,0,1,20,3,24,37,0,0,20,0,0,0,10,26,7,0,17,0,10,
12,3,17,5,0,3,0,0,19,20,0,30,0,0,0,0,0,3,1,22,4,
13,10,0,3,25,1,6,8,0,0,16,0,10,0,0,8,3,0,5,0,5,
14,8,0,0,33,3,18,38,0,0,9,0,26,0,8,0,7,0,16,0,8,
15,1,0,0,8,3,3,4,0,0,6,0,7,0,3,7,0,0,5,0,5,
16,0,6,3,0,0,0,0,6,17,0,6,0,3,0,0,0,0,0,23,1,
17,8,0,4,24,1,12,16,0,0,10,0,17,1,5,16,5,0,0,0,6,
18,1,16,4,0,4,0,1,18,39,0,20,0,22,0,0,0,23,0,0,2,
19,1,0,4,9,13,5,3,1,2,5,0,10,4,5,8,5,1,6,2,0,
0,0,14,6,1,19,5,0,1,10,2,0,8,5,17,2,5,5,12,5,2,
1,14,0,7,2,26,1,8,12,11,1,4,12,2,6,0,14,8,13,0,5,
2,6,7,0,4,5,9,1,2,3,17,0,28,1,22,0,0,22,20,1,1,
3,1,2,4,0,0,4,24,6,8,4,33,0,1,1,4,1,2,1,3,33,
4,19,26,5,0,0,0,7,9,8,1,9,9,3,6,0,4,9,11,0,3,
5,5,1,9,4,0,0,0,0,3,13,3,7,1,11,0,1,3,4,0,0,
6,0,8,1,24,7,0,0,23,14,2,41,3,2,1,1,5,4,18,1,26,
7,1,12,2,6,9,0,23,0,15,0,16,2,0,1,0,8,1,8,1,18,
8,10,11,3,8,8,3,14,15,0,2,14,16,1,13,0,9,18,24,0,13,
9,2,1,17,4,1,13,2,0,2,0,0,17,5,12,0,1,9,10,0,0,
10,0,4,0,33,9,3,41,16,14,0,0,4,1,2,1,8,3,10,0,31,
11,8,12,28,0,9,7,3,2,16,17,4,0,1,28,2,9,36,44,3,1,
12,5,2,1,1,3,1,2,0,1,5,1,1,0,8,0,3,1,3,0,1,
13,17,6,22,1,6,11,1,1,13,12,2,28,8,0,0,5,29,21,0,5,
14,2,0,0,4,0,0,1,0,0,0,1,2,0,0,0,1,0,1,40,0,
15,5,14,0,1,4,1,5,8,9,1,8,9,3,5,1,0,10,13,1,3,
16,5,8,22,2,9,3,4,1,18,9,3,36,1,29,0,10,0,24,0,0,
17,12,13,20,1,11,4,18,8,24,10,10,44,3,21,1,13,24,0,1,9,
18,5,0,1,3,0,0,1,1,0,0,0,3,0,0,40,1,0,1,0,1,
19,2,5,1,33,3,0,26,18,13,0,31,1,1,5,0,3,0,9,1,0,
0,0,2,1,13,19,4,9,12,3,10,3,3,12,20,1,5,9,2,16,15,
1,2,0,3,5,26,0,26,1,17,0,0,0,0,0,3,0,0,17,0,0,
2,1,3,0,0,0,0,2,0,4,0,0,0,0,0,20,0,0,2,0,0,
3,13,5,0,0,10,6,0,7,1,11,7,3,12,17,0,7,3,1,10,10,
4,19,26,0,10,0,1,19,10,18,5,3,2,13,18,1,4,5,8,9,13,
5,4,0,0,6,1,0,0,1,0,13,13,12,26,17,0,14,6,0,22,25,
6,9,26,2,0,19,0,0,4,53,5,3,0,0,0,3,0,1,21,0,0,
7,12,1,0,7,10,1,4,0,3,10,3,2,6,10,0,5,3,3,3,8,
8,3,17,4,1,18,0,53,3,0,3,0,0,0,1,7,0,0,22,0,0,
9,10,0,0,11,5,13,5,10,3,0,14,9,15,26,0,10,7,2,22,21,
10,3,0,0,7,3,13,3,3,0,14,0,7,14,12,0,8,5,1,13,16,
11,3,0,0,3,2,12,0,2,0,9,7,0,10,18,0,6,6,0,8,9,
12,12,0,0,12,13,26,0,6,0,15,14,10,0,30,0,7,9,0,18,28,
13,20,0,0,17,18,17,0,10,1,26,12,18,30,0,0,18,14,2,32,44,
14,1,3,20,0,1,0,3,0,7,0,0,0,0,0,0,0,0,5,0,0,
15,5,0,0,7,4,14,0,5,0,10,8,6,7,18,0,0,9,0,15,10,
16,9,0,0,3,5,6,1,3,0,7,5,6,9,14,0,9,0,0,8,15,
17,2,17,2,1,8,0,21,3,22,2,1,0,0,2,5,0,0,0,0,0,
18,16,0,0,10,9,22,0,3,0,22,13,8,18,32,0,15,8,0,0,32,
19,15,0,0,10,13,25,0,8,0,21,16,9,28,44,0,10,15,0,32,0,
0,0,0,4,1,0,0,0,2,1,8,0,8,0,0,0,3,0,4,16,1,
1,0,0,2,7,53,28,27,0,0,0,18,3,9,5,6,0,37,0,0,1,
2,4,2,0,3,0,3,0,18,14,2,0,8,0,11,7,14,0,0,3,20,
3,1,7,3,0,8,14,3,2,2,0,4,5,9,6,4,1,4,0,0,2,
4,0,53,0,8,0,22,23,0,1,0,17,6,13,8,5,0,41,0,0,1,
5,0,28,3,14,22,0,28,3,4,0,17,6,13,18,14,2,36,0,0,4,
6,0,27,0,3,23,28,0,1,1,0,15,2,10,10,7,0,27,0,0,2,
7,2,0,18,2,0,3,1,0,35,0,0,15,0,18,3,26,1,0,4,31,
8,1,0,14,2,1,4,1,35,0,0,0,15,0,6,7,14,0,0,0,26,
9,8,0,2,0,0,0,0,0,0,0,0,9,0,0,0,0,0,27,9,0,
10,0,18,0,4,17,17,15,0,0,0,0,2,11,2,0,0,17,0,0,0,
11,8,3,8,5,6,6,2,15,15,9,2,0,2,3,3,14,3,1,8,13,
12,0,9,0,9,13,13,10,0,0,0,11,2,0,13,5,0,9,0,0,1,
13,0,5,11,6,8,18,10,18,6,0,2,3,13,0,16,11,10,1,0,16,
14,0,6,7,4,5,14,7,3,7,0,0,3,5,16,0,8,4,0,0,10,
15,3,0,14,1,0,2,0,26,14,0,0,14,0,11,8,0,0,0,0,22,
16,0,37,0,4,41,36,27,1,0,0,17,3,9,10,4,0,0,0,0,0,
17,4,0,0,0,0,0,0,0,0,27,0,1,0,1,0,0,0,0,7,1,
18,16,0,3,0,0,0,0,4,0,9,0,8,0,0,0,0,0,7,0,0,
19,1,1,20,2,1,4,2,31,26,0,0,13,1,16,10,22,0,1,0,0,
0,0,0,0,1,2,1,1,0,0,0,2,7,1,0,0,0,5,15,3,5,
1,0,0,8,0,1,3,1,6,3,4,11,0,15,6,0,10,2,0,6,0,
2,0,8,0,0,0,0,0,16,15,16,0,0,1,1,0,1,0,0,0,0,
3,1,0,0,0,2,11,26,0,0,0,1,12,0,2,9,7,2,0,5,9,
4,2,1,0,2,0,4,3,0,4,1,37,0,20,18,4,16,31,1,16,2,
5,1,3,0,11,4,0,8,0,0,0,1,20,3,2,5,4,7,1,7,7,
6,1,1,0,26,3,8,0,0,0,0,0,32,4,1,17,12,12,3,3,10,
7,0,6,16,0,0,0,0,0,27,25,2,0,1,2,0,1,0,0,0,0,
8,0,3,15,0,4,0,0,27,0,6,5,0,4,4,0,2,1,0,6,0,
9,0,4,16,0,1,0,0,25,6,0,0,0,0,1,0,0,0,0,1,0,
10,2,11,0,1,37,1,0,2,5,0,0,3,20,13,0,15,7,0,26,1,
11,7,0,0,12,0,20,32,0,0,0,3,0,2,2,20,5,16,0,7,12,
12,1,15,1,0,20,3,4,1,4,0,20,2,0,1,2,10,10,0,12,5,
13,0,6,1,2,18,2,1,2,4,1,13,2,1,0,1,8,5,0,4,1,
14,0,0,0,9,4,5,17,0,0,0,0,20,2,1,0,8,3,2,7,11,
15,0,10,1,7,16,4,12,1,2,0,15,5,10,8,8,0,8,0,13,5,
16,5,2,0,2,31,7,12,0,1,0,7,16,10,5,3,8,0,3,5,5,
17,15,0,0,0,1,1,3,0,0,0,0,0,0,0,2,0,3,0,0,5,
18,3,6,0,5,16,7,3,0,6,1,26,7,12,4,7,13,5,0,0,2,
19,5,0,0,9,2,7,10,0,0,0,1,12,5,1,11,5,5,5,2,0,
0,0,5,4,6,0,3,4,9,2,8,8,1,3,5,5,2,5,4,10,6,
1,5,0,11,1,0,0,0,1,3,0,5,2,0,0,0,7,3,3,3,0,
2,4,11,0,7,0,1,1,2,0,1,8,1,4,1,7,7,2,6,3,0,
3,6,1,7,0,2,0,26,0,10,12,17,1,0,5,14,3,21,1,21,9,
4,0,0,0,2,0,0,6,0,15,0,1,0,0,20,0,0,1,0,1,39,
5,3,0,1,0,0,0,0,1,0,0,2,6,8,0,0,15,0,9,1,0,
6,4,0,1,26,6,0,0,0,12,13,23,1,0,8,9,0,20,0,11,17,
7,9,1,2,0,0,1,0,0,0,0,2,16,3,0,0,0,3,3,0,0,
8,2,3,0,10,15,0,12,0,0,9,7,0,0,18,2,2,6,1,2,20,
9,8,0,1,12,0,0,13,0,9,0,10,0,0,5,5,1,14,0,12,7,
10,8,5,8,17,1,2,23,2,7,10,0,1,0,8,17,3,16,1,12,5,
11,1,2,1,1,0,6,1,16,0,0,1,0,8,0,0,4,0,2,2,0,
12,3,0,4,0,0,8,0,3,0,0,0,8,0,0,0,5,1,2,0,0,
13,5,0,1,5,20,0,8,0,18,5,8,0,0,0,0,0,1,1,4,13,
14,5,0,7,14,0,0,9,0,2,5,17,0,0,0,0,1,8,1,9,2,
15,2,7,7,3,0,15,0,0,2,1,3,4,5,0,1,0,0,9,1,0,
16,5,3,2,21,1,0,20,3,6,14,16,0,1,1,8,0,0,0,10,3,
17,4,3,6,1,0,9,0,3,1,0,1,2,2,1,1,9,0,0,3,0,
18,10,3,3,21,1,1,11,0,2,12,12,2,0,4,9,1,10,3,0,6,
19,6,0,0,9,39,0,17,0,20,7,5,0,0,13,2,0,3,0,6,0,
0,0,17,15,4,0,0,12,0,11,16,25,0,0,0,9,18,9,0,20,17,
1,17,0,15,0,0,0,18,0,12,23,26,0,0,1,7,9,7,0,11,14,
2,15,15,0,0,0,0,13,0,6,25,22,0,0,0,9,11,9,0,13,8,
3,4,0,0,0,8,16,3,5,1,1,3,5,6,8,6,1,3,10,2,2,
4,0,0,0,8,0,17,1,18,2,0,0,15,13,14,1,0,0,17,0,0,
5,0,0,0,16,17,0,3,7,3,1,2,11,8,7,2,3,1,9,0,1,
6,12,18,13,3,1,3,0,0,5,28,23,0,0,1,6,10,21,0,23,4,
7,0,0,0,5,18,7,0,0,0,0,0,30,58,48,0,0,1,51,0,0,
8,11,12,6,1,2,3,5,0,0,9,14,0,0,0,2,13,5,0,11,14,
9,16,23,25,1,0,1,28,0,9,0,31,0,0,0,8,20,7,0,25,15,
10,25,26,22,3,0,2,23,0,14,31,0,0,0,0,6,25,11,0,26,16,
11,0,0,0,5,15,11,0,30,0,0,0,0,36,24,0,0,1,37,0,0,
12,0,0,0,6,13,8,0,58,0,0,0,36,0,45,0,0,0,56,0,0,
13,0,1,0,8,14,7,1,48,0,0,0,24,45,0,0,0,1,42,0,0,
14,9,7,9,6,1,2,6,0,2,8,6,0,0,0,0,6,5,0,2,4,
15,18,9,11,1,0,3,10,0,13,20,25,0,0,0,6,0,5,0,12,7,
16,9,7,9,3,0,1,21,1,5,7,11,1,0,1,5,5,0,1,3,7,
17,0,0,0,10,17,9,0,51,0,0,0,37,56,42,0,0,1,0,0,0,
18,20,11,13,2,0,0,23,0,11,25,26,0,0,0,2,12,3,0,0,8,
19,17,14,8,2,0,1,4,0,14,15,16,0,0,0,4,7,7,0,8,0,
0,0,0,1,9,10,2,5,15,11,6,1,0,2,6,3,0,1,2,6,14,
1,0,0,9,3,0,4,10,0,0,6,0,8,0,4,0,6,2,12,1,0,
2,1,9,0,1,0,7,13,0,2,12,0,16,0,5,0,4,0,15,1,1,
3,9,3,1,0,10,1,6,17,20,3,0,0,9,8,12,1,3,7,7,20,
4,10,0,0,10,0,1,0,24,25,0,2,0,12,12,5,2,0,3,5,22,
5,2,4,7,1,1,0,10,0,0,8,0,2,0,5,8,4,0,14,6,1,
6,5,10,13,6,0,10,0,0,0,35,0,16,0,7,4,4,0,28,10,1,
7,15,0,0,17,24,0,0,0,40,0,1,0,18,15,7,3,1,2,8,16,
8,11,0,2,20,25,0,0,40,0,0,12,0,23,21,5,0,3,8,4,20,
9,6,6,12,3,0,8,35,0,0,0,0,21,0,9,1,7,0,27,4,0,
10,1,0,0,0,2,0,0,1,12,0,0,0,11,4,1,0,30,1,2,1,
11,0,8,16,0,0,2,16,0,0,21,0,0,0,2,0,3,0,16,3,0,
12,2,0,0,9,12,0,0,18,23,0,11,0,0,5,1,0,14,1,1,2,
13,6,4,5,8,12,5,7,15,21,9,4,2,5,0,0,1,6,8,6,9,
14,3,0,0,12,5,8,4,7,5,1,1,0,1,0,0,9,0,2,4,16,
15,0,6,4,1,2,4,4,3,0,7,0,3,0,1,9,0,0,6,0,3,
16,1,2,0,3,0,0,0,1,3,0,30,0,14,6,0,0,0,2,2,0,
17,2,12,15,7,3,14,28,2,8,27,1,16,1,8,2,6,2,0,11,4,
18,6,1,1,7,5,6,10,8,4,4,2,3,1,6,4,0,2,11,0,7,
19,14,0,1,20,22,1,1,16,20,0,1,0,2,9,16,3,0,4,7,0,
0,0,15,3,8,1,1,1,6,16,0,19,0,3,0,4,0,0,3,0,0,
1,15,0,0,20,0,0,6,12,19,0,21,0,3,2,15,0,0,2,0,0,
2,3,0,0,0,8,8,1,8,3,15,0,12,1,10,0,17,2,0,4,11,
3,8,20,0,0,0,2,28,16,16,0,9,0,1,4,26,0,0,2,0,0,
4,1,0,8,0,0,5,1,7,1,10,0,11,1,5,0,10,9,3,2,11,
5,1,0,8,2,5,0,2,7,1,11,0,17,5,10,0,18,11,9,8,12,
6,1,6,1,28,1,2,0,11,8,0,13,1,0,2,27,0,0,4,0,0,
7,6,12,8,16,7,7,11,0,8,5,7,6,2,3,13,10,1,3,3,8,
8,16,19,3,16,1,1,8,8,0,0,13,0,2,0,7,0,0,2,0,1,
9,0,0,15,0,10,11,0,5,0,0,0,29,3,6,0,21,14,4,11,16,
10,19,21,0,9,0,0,13,7,13,0,0,0,2,1,17,2,0,0,1,0,
11,0,0,12,0,11,17,1,6,0,29,0,0,6,8,0,25,18,6,21,23,
12,3,3,1,1,1,5,0,2,2,3,2,6,0,1,2,6,4,7,10,1,
13,0,2,10,4,5,10,2,3,0,6,1,8,1,0,2,6,6,4,5,4,
14,4,15,0,26,0,0,27,13,7,0,17,0,2,2,0,0,0,1,0,1,
15,0,0,17,0,10,18,0,10,0,21,2,25,6,6,0,0,16,4,12,25,
16,0,0,2,0,9,11,0,1,0,14,0,18,4,6,0,16,0,1,7,17,
17,3,2,0,2,3,9,4,3,2,4,0,6,7,4,1,4,1,0,7,3,
18,0,0,4,0,2,8,0,3,0,11,1,21,10,5,0,12,7,7,0,9,
19,0,0,11,0,11,12,0,8,1,16,0,23,1,4,1,25,17,3,9,0,
0,0,0,6,0,13,7,0,5,1,12,1,12,6,8,0,0,3,14,19,19,
1,0,0,0,32,0,0,0,0,18,3,0,0,0,0,13,0,0,0,2,3,
2,6,0,0,1,8,8,1,18,0,10,3,9,20,5,0,2,5,15,11,5,
3,0,32,1,0,0,0,0,0,17,0,0,0,0,0,13,0,0,0,0,2,
4,13,0,8,0,0,5,3,7,1,5,4,24,4,15,0,6,7,14,11,14,
5,7,0,8,0,5,0,2,23,0,11,6,7,24,18,0,3,3,13,4,6,
6,0,0,1,0,3,2,0,6,0,3,3,4,5,5,0,5,3,0,1,1,
7,5,0,18,0,7,23,6,0,0,15,5,5,32,18,0,5,4,7,3,3,
8,1,18,0,17,1,0,0,0,0,5,0,1,0,0,34,0,1,2,3,4,
9,12,3,10,0,5,11,3,15,5,0,4,12,15,7,0,2,9,15,12,11,
10,1,0,3,0,4,6,3,5,0,4,0,5,15,3,0,6,1,7,3,2,
11,12,0,9,0,24,7,4,5,1,12,5,0,6,6,0,2,1,16,11,23,
12,6,0,20,0,4,24,5,32,0,15,15,6,0,20,0,5,7,12,7,4,
13,8,0,5,0,15,18,5,18,0,7,3,6,20,0,0,11,3,6,0,8,
14,0,13,0,13,0,0,0,0,34,0,0,0,0,0,0,0,0,0,0,4,
15,0,0,2,0,6,3,5,5,0,2,6,2,5,11,0,0,4,5,0,4,
16,3,0,5,0,7,3,3,4,1,9,1,1,7,3,0,4,0,7,5,2,
17,14,0,15,0,14,13,0,7,2,15,7,16,12,6,0,5,7,0,16,7,
18,19,2,11,0,11,4,1,3,3,12,3,11,7,0,0,0,5,16,0,13,
19,19,3,5,2,14,6,1,3,4,11,2,23,4,8,4,4,2,7,13,0,
0,0,1,4,6,1,4,4,2,0,0,8,4,0,0,4,0,0,0,1,3,
1,1,0,0,9,11,1,2,0,35,7,5,0,5,11,0,20,3,0,26,1,
2,4,0,0,4,0,3,1,10,0,0,0,35,0,0,2,0,0,11,0,2,
3,6,9,4,0,6,3,0,4,11,0,6,2,4,0,7,4,0,1,8,2,
4,1,11,0,6,0,1,0,0,20,17,3,0,20,4,0,6,15,0,15,0,
5,4,1,3,3,1,0,1,3,3,0,14,6,1,0,13,1,0,2,0,11,
6,4,2,1,0,0,1,0,7,2,1,4,8,0,0,7,1,0,3,4,3,
7,2,0,10,4,0,3,7,0,0,0,7,8,1,0,0,0,0,3,1,6,
8,0,35,0,11,20,3,2,0,0,2,2,0,7,4,0,18,1,0,28,0,
9,0,7,0,0,17,0,1,0,2,0,0,0,19,37,0,4,43,0,1,0,
10,8,5,0,6,3,14,4,7,2,0,0,0,0,0,18,1,0,1,2,33,
11,4,0,35,2,0,6,8,8,0,0,0,0,0,0,0,0,0,18,1,3,
12,0,5,0,4,20,1,0,1,7,19,0,0,0,10,3,3,24,0,7,0,
13,0,11,0,0,4,0,0,0,4,37,0,0,10,0,0,5,42,0,4,0,
14,4,0,2,7,0,13,7,0,0,0,18,0,3,0,0,0,0,1,0,13,
15,0,20,0,4,6,1,1,0,18,4,1,0,3,5,0,0,1,0,18,0,
16,0,3,0,0,15,0,0,0,1,43,0,0,24,42,0,1,0,0,1,0,
17,0,0,11,1,0,2,3,3,0,0,1,18,0,0,1,0,0,0,0,0,
18,1,26,0,8,15,0,4,1,28,1,2,1,7,4,0,18,1,0,0,0,
19,3,1,2,2,0,11,3,6,0,0,33,3,0,0,13,0,0,0,0,0,
0,0,0,13,11,0,22,0,15,0,0,16,23,15,12,10,3,8,15,0,4,
1,0,0,1,0,35,0,36,0,30,34,0,0,1,0,0,4,2,0,46,0,
2,13,1,0,4,0,8,0,21,1,1,15,16,6,1,4,1,9,5,0,4,
3,11,0,4,0,0,1,0,1,0,0,4,1,8,7,8,4,4,4,0,3,
4,0,35,0,0,0,0,27,0,29,29,0,1,0,0,0,3,2,0,52,0,
5,22,0,8,1,0,0,2,15,0,1,32,16,20,9,15,2,6,11,0,9,
6,0,36,0,0,27,2,0,3,17,32,1,0,2,0,0,5,20,1,24,0,
7,15,0,21,1,0,15,3,0,1,4,20,25,9,3,7,3,10,5,0,7,
8,0,30,1,0,29,0,17,1,0,18,0,0,1,0,0,3,3,2,26,0,
9,0,34,1,0,29,1,32,4,18,0,3,1,2,0,0,3,14,0,17,2,
10,16,0,15,4,0,32,1,20,0,3,0,10,17,9,6,3,11,9,0,10,
11,23,0,16,1,1,16,0,25,0,1,10,0,8,8,6,2,12,12,1,10,
12,15,1,6,8,0,20,2,9,1,2,17,8,0,8,11,8,5,15,0,27,
13,12,0,1,7,0,9,0,3,0,0,9,8,8,0,10,0,2,9,0,1,
14,10,0,4,8,0,15,0,7,0,0,6,6,11,10,0,0,4,7,0,3,
15,3,4,1,4,3,2,5,3,3,3,3,2,8,0,0,0,21,15,4,10,
16,8,2,9,4,2,6,20,10,3,14,11,12,5,2,4,21,0,7,3,6,
17,15,0,5,4,0,11,1,5,2,0,9,12,15,9,7,15,7,0,0,14,
18,0,46,0,0,52,0,24,0,26,17,0,1,0,0,0,4,3,0,0,0,
19,4,0,4,3,0,9,0,7,0,2,10,10,27,1,3,10,6,14,0,0,
0,0,2,0,1,0,7,1,0,1,2,0,0,0,0,2,6,0,1,0,1,
1,2,0,2,6,0,6,2,0,9,10,1,2,0,2,4,5,1,1,0,2,
2,0,2,0,6,6,0,7,4,3,1,5,5,12,6,0,3,3,5,13,3,
3,1,6,6,0,0,4,18,4,4,0,5,1,4,4,1,4,2,17,6,14,
4,0,0,6,0,0,0,1,17,8,0,2,13,21,26,0,0,12,2,20,6,
5,7,6,0,4,0,0,2,1,1,24,0,1,0,0,19,2,0,0,0,0,
6,1,2,7,18,1,2,0,6,10,0,6,2,4,12,0,3,4,11,7,22,
7,0,0,4,4,17,1,6,0,15,0,3,12,17,17,0,0,15,9,24,2,
8,1,9,3,4,8,1,10,15,0,1,7,18,16,5,0,1,18,3,5,4,
9,2,10,1,0,0,24,0,0,1,0,0,0,0,0,12,10,2,3,0,0,
10,0,1,5,5,2,0,6,3,7,0,0,7,5,6,0,1,4,7,6,8,
11,0,2,5,1,13,1,2,12,18,0,7,0,27,11,0,0,14,7,11,5,
12,0,0,12,4,21,0,4,17,16,0,5,27,0,13,0,3,36,4,14,1,
13,0,2,6,4,26,0,12,17,5,0,6,11,13,0,1,1,7,6,29,3,
14,2,4,0,1,0,19,0,0,0,12,0,0,0,1,0,1,1,0,0,0,
15,6,5,3,4,0,2,3,0,1,10,1,0,3,1,1,0,0,4,1,2,
16,0,1,3,2,12,0,4,15,18,2,4,14,36,7,1,0,0,9,13,5,
17,1,1,5,17,2,0,11,9,3,3,7,7,4,6,0,4,9,0,8,14,
18,0,0,13,6,20,0,7,24,5,0,6,11,14,29,0,1,13,8,0,4,
19,1,2,3,14,6,0,22,2,4,0,8,5,1,3,0,2,5,14,4,0,
0,0,0,0,0,0,6,1,19,3,1,26,19,5,1,0,1,6,9,1,2,
1,0,0,8,13,7,1,7,1,5,14,0,0,0,7,8,5,3,0,0,0,
2,0,8,0,10,7,2,2,0,3,13,0,0,0,13,4,4,2,0,0,1,
3,0,13,10,0,8,1,6,1,15,19,1,0,0,8,12,7,0,0,0,3,
4,0,7,7,8,0,1,3,1,2,11,0,0,0,10,2,4,2,1,0,0,
5,6,1,2,1,1,0,3,6,22,5,13,3,5,1,5,3,9,9,0,3,
6,1,7,2,6,3,3,0,0,2,5,0,0,0,6,5,6,0,2,0,0,
7,19,1,0,1,1,6,0,0,4,6,28,14,8,1,1,3,3,16,1,2,
8,3,5,3,15,2,22,2,4,0,3,2,1,1,2,6,15,6,5,0,7,
9,1,14,13,19,11,5,5,6,3,0,4,1,0,17,6,10,4,7,0,3,
10,26,0,0,1,0,13,0,28,2,4,0,23,10,0,0,2,9,13,2,1,
11,19,0,0,0,0,3,0,14,1,1,23,0,8,1,0,1,9,11,2,0,
12,5,0,0,0,0,5,0,8,1,0,10,8,0,0,0,3,0,1,46,0,
13,1,7,13,8,10,1,6,1,2,17,0,1,0,0,10,2,1,2,0,2,
14,0,8,4,12,2,5,5,1,6,6,0,0,0,10,0,5,4,2,0,8,
15,1,5,4,7,4,3,6,3,15,10,2,1,3,2,5,0,1,1,3,1,
16,6,3,2,0,2,9,0,3,6,4,9,9,0,1,4,1,0,18,0,5,
17,9,0,0,0,1,9,2,16,5,7,13,11,1,2,2,1,18,0,2,2,
18,1,0,0,0,0,0,0,1,0,0,2,2,46,0,0,3,0,2,0,0,
19,2,0,1,3,0,3,0,2,7,3,1,0,0,2,8,1,5,2,0,0,
0,0,1,9,2,7,5,0,5,3,3,5,7,1,0,8,0,3,16,11,14,
1,1,0,0,0,0,0,10,0,1,15,0,0,0,12,0,23,0,0,3,0,
2,9,0,0,7,3,7,0,7,8,5,3,12,4,0,12,0,4,14,10,14,
3,2,0,7,0,0,29,0,2,18,0,4,6,13,0,12,0,4,4,6,8,
4,7,0,3,0,0,0,0,24,3,0,30,1,9,0,23,0,17,21,1,4,
5,5,0,7,29,0,0,0,0,30,0,2,18,10,0,0,0,3,0,13,3,
6,0,10,0,0,0,0,0,0,0,6,0,0,0,45,0,9,0,0,0,0,
7,5,0,7,2,24,0,0,0,1,0,19,0,7,0,24,0,11,34,1,10,
8,3,1,8,18,3,30,0,1,0,0,3,8,13,0,0,0,1,2,5,4,
9,3,15,5,0,0,0,6,0,0,0,0,2,2,3,0,6,0,0,7,0,
10,5,0,3,4,30,2,0,19,3,0,0,1,12,0,25,0,23,23,0,10,
11,7,0,12,6,1,18,0,0,8,2,1,0,6,0,3,0,2,4,8,5,
12,1,0,4,13,9,10,0,7,13,2,12,6,0,0,15,0,15,8,4,6,
13,0,12,0,0,0,0,45,0,0,3,0,0,0,0,0,3,0,0,0,0,
14,8,0,12,12,23,0,0,24,0,0,25,3,15,0,0,0,32,42,1,14,
15,0,23,0,0,0,0,9,0,0,6,0,0,0,3,0,0,0,0,0,0,
16,3,0,4,4,17,3,0,11,1,0,23,2,15,0,32,0,0,29,0,4,
17,16,0,14,4,21,0,0,34,2,0,23,4,8,0,42,0,29,0,1,17,
18,11,3,10,6,1,13,0,1,5,7,0,8,4,0,1,0,0,1,0,2,
19,14,0,14,8,4,3,0,10,4,0,10,5,6,0,14,0,4,17,2,0,
0,0,2,2,2,4,1,40,7,0,0,10,5,5,0,0,0,6,4,15,20,
1,2,0,9,7,19,20,0,11,17,2,0,22,1,4,19,4,7,20,1,0,
2,2,9,0,16,36,38,0,20,2,1,2,30,3,0,2,0,4,31,1,2,
3,2,7,16,0,33,22,0,17,9,10,0,27,3,3,2,0,12,21,3,0,
4,4,19,36,33,0,57,1,35,2,7,2,58,4,3,2,1,29,61,7,0,
5,1,20,38,22,57,0,0,25,1,3,0,45,1,1,1,0,11,53,3,0,
6,40,0,0,0,1,0,0,2,0,0,5,0,5,0,2,0,0,0,10,26,
7,7,11,20,17,35,25,2,0,2,5,2,23,6,0,0,0,18,25,8,6,
8,0,17,2,9,2,1,0,2,0,5,0,5,2,3,16,3,9,2,0,0,
9,0,2,1,10,7,3,0,5,5,0,1,5,1,0,2,0,1,4,0,1,
10,10,0,2,0,2,0,5,2,0,1,0,1,15,0,0,0,1,2,25,23,
11,5,22,30,27,58,45,0,23,5,5,1,0,3,1,0,0,9,42,2,1,
12,5,1,3,3,4,1,5,6,2,1,15,3,0,0,2,1,1,6,11,4,
13,0,4,0,3,3,1,0,0,3,0,0,1,0,0,6,5,1,2,0,0,
14,0,19,2,2,2,1,2,0,16,2,0,0,2,6,0,4,6,2,0,0,
15,0,4,0,0,1,0,0,0,3,0,0,0,1,5,4,0,1,1,0,0,
16,6,7,4,12,29,11,0,18,9,1,1,9,1,1,6,1,0,21,3,0,
17,4,20,31,21,61,53,0,25,2,4,2,42,6,2,2,1,21,0,10,0,
18,15,1,1,3,7,3,10,8,0,0,25,2,11,0,0,0,3,10,0,22,
19,20,0,2,0,0,0,26,6,0,1,23,1,4,0,0,0,0,0,22,0,
0,0,10,0,6,2,5,5,0,6,9,3,6,20,0,5,0,8,1,6,5,
1,10,0,0,20,10,17,12,0,9,13,16,14,17,0,6,0,18,0,14,1,
2,0,0,0,0,0,0,0,24,0,0,0,0,0,22,0,27,0,0,0,6,
3,6,20,0,0,16,19,10,0,17,17,17,18,23,0,4,0,17,5,21,4,
4,2,10,0,16,0,15,7,0,1,18,22,23,16,1,2,0,16,0,7,1,
5,5,17,0,19,15,0,19,0,9,21,18,15,28,0,8,2,25,0,15,6,
6,5,12,0,10,7,19,0,0,10,12,22,12,28,0,10,0,27,1,7,2,
7,0,0,24,0,0,0,0,0,0,0,0,0,0,13,0,24,0,0,0,19,
8,6,9,0,17,1,9,10,0,0,6,8,5,7,0,3,0,5,4,6,2,
9,9,13,0,17,18,21,12,0,6,0,19,13,19,0,8,0,24,3,17,1,
10,3,16,0,17,22,18,22,0,8,19,0,13,12,2,2,0,26,0,16,2,
11,6,14,0,18,23,15,12,0,5,13,13,0,21,1,9,0,22,1,16,5,
12,20,17,0,23,16,28,28,0,7,19,12,21,0,2,10,0,23,1,7,3,
13,0,0,22,0,1,0,0,13,0,0,2,1,2,0,0,24,0,0,0,11,
14,5,6,0,4,2,8,10,0,3,8,2,9,10,0,0,0,8,4,3,3,
15,0,0,27,0,0,2,0,24,0,0,0,0,0,24,0,0,0,0,0,24,
16,8,18,0,17,16,25,27,0,5,24,26,22,23,0,8,0,0,1,11,3,
17,1,0,0,5,0,0,1,0,4,3,0,1,1,0,4,0,1,0,1,0,
18,6,14,0,21,7,15,7,0,6,17,16,16,7,0,3,0,11,1,0,3,
19,5,1,6,4,1,6,2,19,2,1,2,5,3,11,3,24,3,0,3,0,
0,0,6,0,1,0,0,13,1,7,2,0,9,1,11,5,8,1,9,5,1,
1,6,0,8,26,0,0,12,28,7,1,6,22,2,15,4,20,39,10,14,18,
2,0,8,0,4,3,1,6,5,1,3,10,5,1,2,0,1,11,1,2,5,
3,1,26,4,0,0,0,3,24,3,4,7,14,2,10,1,6,24,4,15,19,
4,0,0,3,0,0,35,0,0,0,6,10,1,21,0,1,12,1,0,0,1,
5,0,0,1,0,35,0,0,0,0,6,6,0,14,0,0,7,0,0,0,0,
6,13,12,6,3,0,0,0,10,6,0,1,9,0,11,8,4,13,15,6,8,
7,1,28,5,24,0,0,10,0,6,0,12,17,0,11,0,14,26,8,18,21,
8,7,7,1,3,0,0,6,6,0,0,0,17,0,11,19,3,7,12,5,8,
9,2,1,3,4,6,6,0,0,0,0,12,1,12,3,0,0,2,0,0,0,
10,0,6,10,7,10,6,1,12,0,12,0,11,11,3,2,11,10,1,5,5,
11,9,22,5,14,1,0,9,17,17,1,11,0,0,24,6,12,14,16,11,21,
12,1,2,1,2,21,14,0,0,0,12,11,0,0,0,0,5,1,0,0,0,
13,11,15,2,10,0,0,11,11,11,3,3,24,0,0,6,12,14,10,9,13,
14,5,4,0,1,1,0,8,0,19,0,2,6,0,6,0,5,6,14,12,4,
15,8,20,1,6,12,7,4,14,3,0,11,12,5,12,5,0,10,2,12,9,
16,1,39,11,24,1,0,13,26,7,2,10,14,1,14,6,10,0,8,25,27,
17,9,10,1,4,0,0,15,8,12,0,1,16,0,10,14,2,8,0,7,2,
18,5,14,2,15,0,0,6,18,5,0,5,11,0,9,12,12,25,7,0,9,
19,1,18,5,19,1,0,8,21,8,0,5,21,0,13,4,9,27,2,9,0,
0,0,0,0,15,0,3,7,0,6,20,13,27,0,5,0,7,24,4,11,24,
1,0,0,0,0,0,0,1,0,0,2,1,6,0,0,0,49,7,5,25,5,
2,0,0,0,0,1,0,0,7,0,0,1,0,12,4,3,0,0,0,0,0,
3,15,0,0,0,0,13,14,0,11,9,8,14,0,6,0,0,14,13,6,9,
4,0,0,1,0,0,1,1,6,2,0,0,0,3,1,2,0,2,3,0,1,
5,3,0,0,13,1,0,52,0,37,6,15,5,0,11,1,0,3,31,1,1,
6,7,1,0,14,1,52,0,2,28,5,15,1,4,14,0,0,2,33,1,2,
7,0,0,7,0,6,0,2,0,0,1,2,0,13,3,13,0,2,0,0,0,
8,6,0,0,11,2,37,28,0,0,9,18,3,0,11,0,0,6,32,5,3,
9,20,2,0,9,0,6,5,1,9,0,5,21,0,2,0,1,14,5,7,16,
10,13,1,1,8,0,15,15,2,18,5,0,9,0,7,4,3,5,21,1,14,
11,27,6,0,14,0,5,1,0,3,21,9,0,0,0,0,8,27,4,25,31,
12,0,0,12,0,3,0,4,13,0,0,0,0,0,1,12,0,7,0,0,0,
13,5,0,4,6,1,11,14,3,11,2,7,0,1,0,1,0,1,16,2,2,
14,0,0,3,0,2,1,0,13,0,0,4,0,12,1,0,0,1,2,0,0,
15,7,49,0,0,0,0,0,0,0,1,3,8,0,0,0,0,2,5,46,2,
16,24,7,0,14,2,3,2,2,6,14,5,27,7,1,1,2,0,4,20,21,
17,4,5,0,13,3,31,33,0,32,5,21,4,0,16,2,5,4,0,2,6,
18,11,25,0,6,0,1,1,0,5,7,1,25,0,2,0,46,20,2,0,12,
19,24,5,0,9,1,1,2,0,3,16,14,31,0,2,0,2,21,6,12,0,
0,0,13,6,16,2,7,16,8,5,0,0,14,11,0,12,16,15,7,11,12,
1,13,0,0,0,1,14,0,12,9,0,0,18,0,0,1,18,29,0,20,15,
2,6,0,0,13,33,0,39,1,0,2,9,0,17,23,27,0,0,21,6,0,
3,16,0,13,0,7,3,24,4,1,1,2,0,19,3,16,1,1,8,0,2,
4,2,1,33,7,0,2,40,0,0,0,12,1,11,33,36,0,1,12,2,0,
5,7,14,0,3,2,0,1,8,16,0,0,22,0,1,2,7,16,1,15,15,
6,16,0,39,24,40,1,0,2,0,0,6,0,33,25,44,0,0,23,5,0,
7,8,12,1,4,0,8,2,0,5,0,0,15,0,2,3,8,11,0,14,13,
8,5,9,0,1,0,16,0,5,0,0,0,13,0,0,0,12,12,0,9,11,
9,0,0,2,1,0,0,0,0,0,0,22,0,5,17,0,0,0,2,0,0,
10,0,0,9,2,12,0,6,0,0,22,0,0,7,15,17,0,1,5,0,0,
11,14,18,0,0,1,22,0,15,13,0,0,0,1,0,0,16,23,0,16,14,
12,11,0,17,19,11,0,33,0,0,5,7,1,0,18,25,1,0,10,0,0,
13,0,0,23,3,33,1,25,2,0,17,15,0,18,0,37,0,0,28,2,0,
14,12,1,27,16,36,2,44,3,0,0,17,0,25,37,0,1,1,19,2,0,
15,16,18,0,1,0,7,0,8,12,0,0,16,1,0,1,0,19,1,13,22,
16,15,29,0,1,1,16,0,11,12,0,1,23,0,0,1,19,0,3,14,23,
17,7,0,21,8,12,1,23,0,0,2,5,0,10,28,19,1,3,0,4,0,
18,11,20,6,0,2,15,5,14,9,0,0,16,0,2,2,13,14,4,0,23,
19,12,15,0,2,0,15,0,13,11,0,0,14,0,0,0,22,23,0,23,0,
0,0,4,11,15,31,4,16,7,1,12,11,21,3,2,2,5,6,5,19,5,
1,4,0,4,1,3,0,12,0,12,2,1,1,0,0,0,35,5,1,10,0,
2,11,4,0,3,18,7,12,1,5,9,7,11,1,12,0,3,13,6,22,2,
3,15,1,3,0,19,14,7,13,0,24,11,13,1,8,1,0,8,15,6,17,
4,31,3,18,19,0,6,19,5,8,18,8,28,3,7,1,8,10,7,26,7,
