Node/Edge,1000,5346
Step/Entity,1600,20
meet_step
0,0,10,0,19,5,9,1,13,8,17,16,1,15,8,0,5,15,8,2,0,
1,10,0,0,1,7,0,7,26,0,0,13,0,26,0,6,18,3,9,13,0,
2,0,0,0,0,0,0,0,0,0,0,0,0,0,0,0,0,0,0,0,0,
3,19,1,0,0,1,1,1,1,2,3,1,0,2,1,0,1,51,2,0,0,
4,5,7,0,1,0,1,30,24,0,0,23,0,10,0,11,12,2,32,11,0,
5,9,0,0,1,1,0,0,0,12,23,0,45,0,35,0,0,2,1,0,0,
6,1,7,0,1,30,0,0,3,0,0,16,0,3,0,62,6,1,14,10,0,
7,13,26,0,1,24,0,3,0,0,0,25,0,27,0,2,22,5,21,15,0,
8,8,0,0,2,0,12,0,0,0,42,0,17,0,8,0,0,1,0,0,24,
9,17,0,0,3,0,23,0,0,42,0,0,26,0,36,0,0,2,0,0,3,
10,16,13,0,1,23,0,16,25,0,0,0,0,14,0,9,15,0,46,22,0,
11,1,0,0,0,0,45,0,0,17,26,0,0,0,29,0,0,3,0,0,19,
12,15,26,0,2,10,0,3,27,0,0,14,0,0,0,1,38,1,24,10,0,
13,8,0,0,1,0,35,0,0,8,36,0,29,0,0,0,0,3,0,0,2,
14,0,6,0,0,11,0,62,2,0,0,9,0,1,0,0,0,0,8,18,0,
15,5,18,0,1,12,0,6,22,0,0,15,0,38,0,0,0,6,15,11,0,
16,15,3,0,51,2,2,1,5,1,2,0,3,1,3,0,6,0,2,1,0,
17,8,9,0,2,32,1,14,21,0,0,46,0,24,0,8,15,2,0,23,0,
18,2,13,0,0,11,0,10,15,0,0,22,0,10,0,18,11,1,23,0,0,
19,0,0,0,0,0,0,0,0,24,3,0,19,0,2,0,0,0,0,0,0,
0,0,44,38,22,54,38,34,8,47,0,18,32,39,21,8,6,26,24,48,41,
1,44,0,33,17,63,51,44,5,55,0,35,36,35,46,11,5,53,33,81,49,
2,38,33,0,15,53,24,25,9,29,0,61,29,32,25,8,4,24,37,38,39,
3,22,17,15,0,23,26,9,19,18,0,14,15,17,26,5,11,15,14,26,20,
4,54,63,53,23,0,34,44,12,37,0,57,45,51,42,9,7,41,53,73,42,
5,38,51,24,26,34,0,27,8,30,0,24,39,24,35,9,4,38,29,46,30,
6,34,44,25,9,44,27,0,12,36,0,29,16,37,18,9,1,15,30,42,33,
7,8,5,9,19,12,8,12,0,7,0,2,5,11,11,1,5,4,5,13,8,
8,47,55,29,18,37,30,36,7,0,0,22,24,29,38,16,3,35,29,40,38,
9,0,0,0,0,0,0,0,0,0,0,1,0,0,0,2,0,0,0,0,0,
10,18,35,61,14,57,24,29,2,22,1,0,34,39,22,12,6,23,48,45,50,
11,32,36,29,15,45,39,16,5,24,0,34,0,32,32,13,6,32,29,40,23,
12,39,35,32,17,51,24,37,11,29,0,39,32,0,19,5,2,24,37,40,35,
13,21,46,25,26,42,35,18,11,38,0,22,32,19,0,7,5,34,19,43,44,
14,8,11,8,5,9,9,9,1,16,2,12,13,5,7,0,1,7,7,16,7,
15,6,5,4,11,7,4,1,5,3,0,6,6,2,5,1,0,8,4,4,6,
16,26,53,24,15,41,38,15,4,35,0,23,32,24,34,7,8,0,23,36,25,
17,24,33,37,14,53,29,30,5,29,0,48,29,37,19,7,4,23,0,37,33,
18,48,81,38,26,73,46,42,13,40,0,45,40,40,43,16,4,36,37,0,62,
19,41,49,39,20,42,30,33,8,38,0,50,23,35,44,7,6,25,33,62,0,
0,0,6,0,6,1,0,0,3,0,0,1,0,0,0,0,0,0,62,1,0,
1,6,0,0,1,0,0,0,5,0,0,1,0,0,0,0,0,0,5,1,0,
2,0,0,0,0,0,33,4,0,20,4,0,17,9,0,31,16,2,0,0,8,
3,6,1,0,0,22,3,5,10,2,2,46,0,1,0,0,0,3,26,59,4,
4,1,0,0,22,0,1,2,5,0,4,8,0,0,0,0,0,3,6,51,0,
5,0,0,33,3,1,0,32,0,49,14,7,32,12,1,41,15,5,1,0,37,
6,0,0,4,5,2,32,0,11,13,43,3,1,2,0,9,0,16,1,0,53,
7,3,5,0,10,5,0,11,0,1,8,16,1,0,0,3,1,13,18,17,4,
8,0,0,20,2,0,49,13,1,0,14,0,25,10,1,20,10,7,2,1,6,
9,0,0,4,2,4,14,43,8,14,0,10,1,9,0,3,0,43,1,2,47,
10,1,1,0,46,8,7,3,16,0,10,0,0,0,0,1,1,10,14,31,15,
11,0,0,17,0,0,32,1,1,25,1,0,0,12,1,38,23,1,0,0,4,
12,0,0,9,1,0,12,2,0,10,9,0,12,0,9,29,40,3,0,0,3,
13,0,0,0,0,0,1,0,0,1,0,0,1,9,0,2,8,0,0,0,0,
14,0,0,31,0,0,41,9,3,20,3,1,38,29,2,0,33,3,0,0,5,
15,0,0,16,0,0,15,0,1,10,0,1,23,40,8,33,0,1,0,0,1,
16,0,0,2,3,3,5,16,13,7,43,10,1,3,0,3,1,0,4,11,24,
17,62,5,0,26,6,1,1,18,2,1,14,0,0,0,0,0,4,0,27,0,
18,1,1,0,59,51,0,0,17,1,2,31,0,0,0,0,0,11,27,0,0,
19,0,0,8,4,0,37,53,4,6,47,15,4,3,0,5,1,24,0,0,0,
0,0,13,1,1,18,0,10,17,12,17,7,24,29,10,2,2,2,12,16,0,
1,13,0,0,0,4,0,2,3,2,11,0,19,8,1,7,0,0,6,13,0,
2,1,0,0,42,0,0,26,5,23,12,38,8,23,26,10,34,40,4,8,53,
3,1,0,42,0,0,20,14,1,17,20,40,9,27,42,6,32,43,0,7,48,
4,18,4,0,0,0,0,8,24,8,8,2,9,17,18,9,2,0,19,6,0,
5,0,0,0,20,0,0,1,0,1,1,0,1,0,0,22,3,6,0,0,1,
6,10,2,26,14,8,1,0,8,1,3,33,3,4,17,3,32,39,0,8,54,
7,17,3,5,1,24,0,8,0,3,1,0,6,12,1,2,0,0,15,11,1,
8,12,2,23,17,8,1,1,3,0,42,28,13,37,52,19,16,15,11,10,21,
9,17,11,12,20,8,1,3,1,42,0,24,21,47,21,4,5,7,10,10,25,
10,7,0,38,40,2,0,33,0,28,24,0,4,18,44,13,49,44,0,5,70,
11,24,19,8,9,9,1,3,6,13,21,4,0,30,11,13,3,4,4,8,10,
12,29,8,23,27,17,0,4,12,37,47,18,30,0,53,31,8,8,16,13,32,
13,10,1,26,42,18,0,17,1,52,21,44,11,53,0,24,28,35,7,2,32,
14,2,7,10,6,9,22,3,2,19,4,13,13,31,24,0,12,11,3,1,3,
15,2,0,34,32,2,3,32,0,16,5,49,3,8,28,12,0,50,0,3,49,
16,2,0,40,43,0,6,39,0,15,7,44,4,8,35,11,50,0,0,2,80,
17,12,6,4,0,19,0,0,15,11,10,0,4,16,7,3,0,0,0,0,1,
18,16,13,8,7,6,0,8,11,10,10,5,8,13,2,1,3,2,0,0,4,
19,0,0,53,48,0,1,54,1,21,25,70,10,32,32,3,49,80,1,4,0,
0,0,21,0,22,4,0,15,1,1,19,22,32,12,0,0,16,0,22,0,8,
1,21,0,0,20,6,3,29,3,0,21,24,16,22,0,0,38,0,40,2,13,
2,0,0,0,0,0,34,1,12,3,9,1,0,0,18,36,3,27,0,30,0,
3,22,20,0,0,15,5,19,6,4,12,17,30,19,0,0,23,1,21,0,5,
4,4,6,0,15,0,0,13,4,3,4,14,21,23,0,2,22,5,25,0,10,
5,0,3,34,5,0,0,2,33,7,18,3,4,2,12,20,1,41,0,14,1,
6,15,29,1,19,13,2,0,0,5,14,18,34,42,0,0,35,1,46,3,11,
7,1,3,12,6,4,33,0,0,5,24,4,0,0,5,4,0,36,0,4,0,
8,1,0,3,4,3,7,5,5,0,10,3,0,4,2,6,0,9,0,3,6,
9,19,21,9,12,4,18,14,24,10,0,34,18,9,2,1,8,23,29,3,2,
10,22,24,1,17,14,3,18,4,3,34,0,20,18,1,2,16,3,31,5,7,
11,32,16,0,30,21,4,34,0,0,18,20,0,27,0,0,28,0,44,0,16,
12,12,22,0,19,23,2,42,0,4,9,18,27,0,0,0,31,3,38,1,8,
13,0,0,18,0,0,12,0,5,2,2,1,0,0,0,40,0,13,0,30,0,
14,0,0,36,0,2,20,0,4,6,1,2,0,0,40,0,0,12,0,31,0,
15,16,38,3,23,22,1,35,0,0,8,16,28,31,0,0,0,1,38,0,14,
16,0,0,27,1,5,41,1,36,9,23,3,0,3,13,12,1,0,0,7,0,
17,22,40,0,21,25,0,46,0,0,29,31,44,38,0,0,38,0,0,2,15,
18,0,2,30,0,0,14,3,4,3,3,5,0,1,30,31,0,7,2,0,0,
19,8,13,0,5,10,1,11,0,6,2,7,16,8,0,0,14,0,15,0,0,
0,0,0,3,0,0,0,0,0,0,1,18,23,0,0,0,0,3,0,5,0,
1,0,0,2,0,8,0,22,47,36,3,0,0,0,57,10,36,0,32,0,0,
2,3,2,0,33,0,14,0,0,0,0,0,1,17,0,0,0,6,0,5,49,
3,0,0,33,0,0,24,0,0,1,8,0,0,10,1,0,1,1,0,5,37,
4,0,8,0,0,0,0,3,27,10,0,0,0,1,9,38,4,0,16,0,0,
5,0,0,14,24,0,0,0,2,0,12,1,0,8,0,0,1,27,1,10,17,
6,0,22,0,0,3,0,0,6,4,0,0,0,0,1,6,0,0,1,0,0,
7,0,47,0,0,27,2,6,0,18,0,0,0,1,45,19,28,0,21,0,1,
8,0,36,0,1,10,0,4,18,0,0,0,0,0,44,4,45,0,28,0,0,
9,1,3,0,8,0,12,0,0,0,0,2,0,2,1,0,1,44,0,33,4,
10,18,0,0,0,0,1,0,0,0,2,0,94,0,0,0,0,0,0,0,0,
11,23,0,1,0,0,0,0,0,0,0,94,0,0,0,0,0,0,0,0,0,
12,0,0,17,10,1,8,0,1,0,2,0,0,0,1,0,2,0,1,0,17,
13,0,57,0,1,9,0,1,45,44,1,0,0,1,0,6,37,0,27,0,0,
14,0,10,0,0,38,0,6,19,4,0,0,0,0,6,0,2,0,14,0,0,
15,0,36,0,1,4,1,0,28,45,1,0,0,2,37,2,0,0,15,0,0,
16,3,0,6,1,0,27,0,0,0,44,0,0,0,0,0,0,0,0,43,9,
17,0,32,0,0,16,1,1,21,28,0,0,0,1,27,14,15,0,0,0,0,
18,5,0,5,5,0,10,0,0,0,33,0,0,0,0,0,0,43,0,0,4,
19,0,0,49,37,0,17,0,1,0,4,0,0,17,0,0,0,9,0,4,0,
0,0,13,0,3,10,4,14,36,31,28,18,20,35,51,0,43,3,43,12,58,
1,13,0,0,6,14,13,17,9,28,4,35,22,10,8,0,5,20,7,14,3,
2,0,0,0,0,0,0,0,0,0,0,0,0,0,0,7,0,0,0,0,0,
3,3,6,0,0,5,14,2,3,5,2,8,8,6,3,0,0,4,0,2,1,
4,10,14,0,5,0,6,9,3,16,4,7,15,20,11,0,2,4,7,9,1,
5,4,13,0,14,6,0,21,3,16,7,6,17,6,16,0,1,11,5,12,3,
6,14,17,0,2,9,21,0,2,15,4,16,15,5,7,0,7,9,5,5,15,
7,36,9,0,3,3,3,2,0,0,26,27,1,14,33,0,49,3,19,10,49,
8,31,28,0,5,16,16,15,0,0,4,29,30,12,12,0,5,23,8,13,1,
9,28,4,0,2,4,7,4,26,4,0,26,13,7,5,0,7,11,4,8,25,
10,18,35,0,8,7,6,16,27,29,26,0,19,9,4,0,20,13,3,12,22,
11,20,22,0,8,15,17,15,1,30,13,19,0,9,26,0,0,36,18,16,1,
12,35,10,0,6,20,6,5,14,12,7,9,9,0,42,0,37,16,36,42,37,
13,51,8,0,3,11,16,7,33,12,5,4,26,42,0,0,39,8,36,21,20,
14,0,0,7,0,0,0,0,0,0,0,0,0,0,0,0,0,0,0,0,0,
15,43,5,0,0,2,1,7,49,5,7,20,0,37,39,0,0,4,30,10,80,
16,3,20,0,4,4,11,9,3,23,11,13,36,16,8,0,4,0,13,23,7,
17,43,7,0,0,7,5,5,19,8,4,3,18,36,36,0,30,13,0,20,19,
18,12,14,0,2,9,12,5,10,13,8,12,16,42,21,0,10,23,20,0,7,
19,58,3,0,1,1,3,15,49,1,25,22,1,37,20,0,80,7,19,7,0,
0,0,8,6,1,0,2,15,0,9,0,15,1,6,8,2,5,0,0,22,0,
1,8,0,1,1,0,9,7,0,22,4,8,0,18,9,0,4,0,0,14,1,
2,6,1,0,20,0,43,10,0,1,0,2,24,5,4,26,16,10,17,5,39,
3,1,1,20,0,0,42,4,0,0,0,1,34,0,2,46,25,20,53,1,32,
4,0,0,0,0,0,2,0,40,21,32,0,0,1,0,0,5,0,0,0,0,
5,2,9,43,42,2,0,2,0,8,0,3,61,11,3,44,31,28,45,5,39,
6,15,7,10,4,0,2,0,0,2,0,27,2,3,13,2,3,4,5,18,1,
7,0,0,0,0,40,0,0,0,35,20,0,0,4,0,0,6,0,0,0,0,
8,9,22,1,0,21,8,2,35,0,21,4,0,27,6,0,16,0,0,3,0,
9,0,4,0,0,32,0,0,20,21,0,0,0,0,0,0,0,0,0,1,0,
10,15,8,2,1,0,3,27,0,4,0,0,0,3,9,1,1,0,5,33,5,
11,1,0,24,34,0,61,2,0,0,0,0,0,0,1,40,36,25,62,3,58,
12,6,18,5,0,1,11,3,4,27,0,3,0,0,1,0,22,1,0,1,0,
13,8,9,4,2,0,3,13,0,6,0,9,1,1,0,1,1,3,3,15,0,
14,2,0,26,46,0,44,2,0,0,0,1,40,0,1,0,33,22,65,0,52,
15,5,4,16,25,5,31,3,6,16,0,1,36,22,1,33,0,30,42,4,27,
16,0,0,10,20,0,28,4,0,0,0,0,25,1,3,22,30,0,38,1,30,
17,0,0,17,53,0,45,5,0,0,0,5,62,0,3,65,42,38,0,2,60,
18,22,14,5,1,0,5,18,0,3,1,33,3,1,15,0,4,1,2,0,1,
19,0,1,39,32,0,39,1,0,0,0,5,58,0,0,52,27,30,60,1,0,
0,0,0,7,0,0,0,20,11,2,0,43,0,0,0,0,62,5,21,0,0,
1,0,0,12,0,11,6,2,0,17,1,0,10,2,3,14,0,8,0,0,1,
2,7,12,0,0,0,1,3,3,29,0,3,19,0,0,1,13,33,0,0,0,
3,0,0,0,0,4,6,0,0,0,3,0,6,32,23,8,0,6,0,62,45,
4,0,11,0,4,0,14,0,0,1,19,0,2,21,10,24,0,3,0,0,0,
5,0,6,1,6,14,0,0,0,4,16,0,1,14,19,35,0,2,0,0,0,
6,20,2,3,0,0,0,0,7,3,0,5,1,0,0,0,9,6,6,0,0,
7,11,0,3,0,0,0,7,0,1,0,3,2,0,0,0,12,4,14,0,0,
8,2,17,29,0,1,4,3,1,0,0,3,51,0,0,2,1,51,0,0,0,
9,0,1,0,3,19,16,0,0,0,0,0,0,20,18,29,0,0,0,2,2,
10,43,0,3,0,0,0,5,3,3,0,0,0,0,0,0,33,1,20,0,0,
11,0,10,19,6,2,1,1,2,51,0,0,0,0,0,1,2,61,0,0,0,
12,0,2,0,32,21,14,0,0,0,20,0,0,0,57,20,0,0,0,6,4,
13,0,3,0,23,10,19,0,0,0,18,0,0,57,0,21,0,0,0,3,5,
14,0,14,1,8,24,35,0,0,2,29,0,1,20,21,0,0,2,1,3,0,
15,62,0,13,0,0,0,9,12,1,0,33,2,0,0,0,0,1,20,0,0,
16,5,8,33,6,3,2,6,4,51,0,1,61,0,0,2,1,0,2,0,0,
17,21,0,0,0,0,0,6,14,0,0,20,0,0,0,1,20,2,0,0,0,
18,0,0,0,62,0,0,0,0,0,2,0,0,6,3,3,0,0,0,0,100,
19,0,1,0,45,0,0,0,0,0,2,0,0,4,5,0,0,0,0,100,0,
0,0,1,2,36,0,2,67,0,0,1,13,1,2,40,0,0,4,34,0,0,
1,1,0,0,17,17,13,6,40,0,0,36,0,25,1,0,0,3,2,14,0,
2,2,0,0,0,0,0,0,0,12,12,0,15,0,0,26,5,1,0,0,27,
3,36,17,0,0,1,2,50,4,0,0,25,1,6,29,0,0,5,14,3,0,
4,0,17,0,1,0,23,0,24,0,0,3,0,5,0,0,0,0,0,119,0,
5,2,13,0,2,23,0,1,32,0,0,7,0,44,2,0,0,0,1,4,0,
6,67,6,0,50,0,1,0,1,0,0,7,4,0,48,0,0,13,35,0,0,
7,0,40,0,4,24,32,1,0,0,0,30,0,35,2,0,0,5,0,32,0,
8,0,0,12,0,0,0,0,0,0,30,0,10,0,0,22,27,8,0,0,2,
9,1,0,12,0,0,0,0,0,30,0,0,15,0,0,20,30,10,0,0,21,
10,13,36,0,25,3,7,7,30,0,0,0,0,12,3,0,0,3,4,14,0,
11,1,0,15,1,0,0,4,0,10,15,0,0,0,1,22,1,14,2,0,39,
12,2,25,0,6,5,44,0,35,0,0,12,0,0,1,0,0,0,2,24,0,
13,40,1,0,29,0,2,48,2,0,0,3,1,1,0,0,0,17,15,0,0,
14,0,0,26,0,0,0,0,0,22,20,0,22,0,0,0,9,13,0,0,30,
15,0,0,5,0,0,0,0,0,27,30,0,1,0,0,9,0,0,0,0,2,
16,4,3,1,5,0,0,13,5,8,10,3,14,0,17,13,0,0,6,0,2,
17,34,2,0,14,0,1,35,0,0,0,4,2,2,15,0,0,6,0,0,0,
18,0,14,0,3,119,4,0,32,0,0,14,0,24,0,0,0,0,0,0,0,
19,0,0,27,0,0,0,0,0,2,21,0,39,0,0,30,2,2,0,0,0,
0,0,32,22,49,0,63,0,1,0,0,0,1,0,0,1,0,0,32,93,0,
1,32,0,15,13,0,34,0,13,0,0,0,0,0,1,0,0,0,11,33,15,
2,22,15,0,19,0,12,0,15,0,0,0,0,0,2,0,0,0,26,18,10,
3,49,13,19,0,0,18,1,3,1,17,0,27,0,0,1,17,5,22,41,0,
4,0,0,0,0,0,0,22,0,9,41,15,31,8,0,28,3,15,0,0,0,
5,63,34,12,18,0,0,0,2,0,0,0,0,0,0,0,0,0,19,61,3,
6,0,0,0,1,22,0,0,0,35,0,57,4,19,0,28,3,13,0,0,0,
7,1,13,15,3,0,2,0,0,0,0,0,0,0,9,0,0,0,33,1,44,
8,0,0,0,1,9,0,35,0,0,0,47,5,14,0,40,9,19,0,0,0,
9,0,0,0,17,41,0,0,0,0,0,1,46,4,0,9,13,4,0,0,1,
10,0,0,0,0,15,0,57,0,47,1,0,5,19,0,34,3,22,0,0,0,
11,1,0,0,27,31,0,4,0,5,46,5,0,0,0,13,27,1,0,0,0,
12,0,0,0,0,8,0,19,0,14,4,19,0,0,0,14,5,11,0,0,0,
13,0,1,2,0,0,0,0,9,0,0,0,0,0,0,0,0,0,5,0,7,
14,1,0,0,1,28,0,28,0,40,9,34,13,14,0,0,0,14,0,0,0,
15,0,0,0,17,3,0,3,0,9,13,3,27,5,0,0,0,13,0,0,0,
16,0,0,0,5,15,0,13,0,19,4,22,1,11,0,14,13,0,0,0,0,
17,32,11,26,22,0,19,0,33,0,0,0,0,0,5,0,0,0,0,30,15,
18,93,33,18,41,0,61,0,1,0,0,0,0,0,0,0,0,0,30,0,0,
19,0,15,10,0,0,3,0,44,0,1,0,0,0,7,0,0,0,15,0,0,
0,0,0,1,0,0,51,0,0,1,0,0,0,28,31,0,0,0,0,0,30,
1,0,0,11,1,0,0,65,15,1,4,29,2,0,0,0,61,29,0,95,3,
2,1,11,0,62,19,0,5,0,52,0,38,24,0,0,0,14,1,30,25,4,
3,0,1,62,0,41,0,3,4,56,7,29,41,0,0,0,2,2,61,4,2,
4,0,0,19,41,0,0,1,0,47,0,31,27,0,0,0,1,0,27,1,7,
5,51,0,0,0,0,0,0,0,0,0,0,0,50,35,0,0,0,0,0,25,
6,0,65,5,3,1,0,0,18,0,2,8,5,0,0,1,46,22,0,84,2,
7,0,15,0,4,0,0,18,0,1,34,4,0,0,0,0,11,19,1,15,2,
8,1,1,52,56,47,0,0,1,0,11,39,43,0,0,0,1,4,66,4,12,
9,0,4,0,7,0,0,2,34,11,0,3,2,0,0,3,2,6,8,3,0,
10,0,29,38,29,31,0,8,4,39,3,0,13,0,0,0,26,1,22,30,7,
11,0,2,24,41,27,0,5,0,43,2,13,0,0,3,0,4,4,37,4,3,
12,28,0,0,0,0,50,0,0,0,0,0,0,0,73,0,0,0,0,0,11,
13,31,0,0,0,0,35,0,0,0,0,0,3,73,0,0,0,0,0,0,14,
14,0,0,0,0,0,0,1,0,0,3,0,0,0,0,0,0,0,0,0,0,
15,0,61,14,2,1,0,46,11,1,2,26,4,0,0,0,0,9,2,75,1,
16,0,29,1,2,0,0,22,19,4,6,1,4,0,0,0,9,0,2,37,1,
17,0,0,30,61,27,0,0,1,66,8,22,37,0,0,0,2,2,0,3,3,
18,0,95,25,4,1,0,84,15,4,3,30,4,0,0,0,75,37,3,0,5,
19,30,3,4,2,7,25,2,2,12,0,7,3,11,14,0,1,1,3,5,0,
0,0,0,3,4,1,0,0,137,184,9,0,213,16,13,209,228,0,222,43,159,
1,0,0,15,0,103,0,0,0,0,0,99,0,2,42,0,0,22,0,0,0,
2,3,15,0,0,26,0,0,2,2,0,12,2,3,9,3,0,6,2,7,2,
3,4,0,0,0,0,0,0,9,3,43,0,8,0,3,4,8,0,5,2,3,
4,1,103,26,0,0,0,0,0,0,0,83,1,7,44,0,2,16,1,4,2,
5,0,0,0,0,0,0,50,0,0,0,0,0,0,0,0,0,1,0,0,0,
6,0,0,0,0,0,50,0,0,0,0,0,0,0,0,0,0,3,0,0,0,
7,137,0,2,9,0,0,0,0,134,8,0,130,12,29,159,156,0,152,38,140,
8,184,0,2,3,0,0,0,134,0,6,0,200,8,10,203,212,0,197,35,159,
9,9,0,0,43,0,0,0,8,6,0,1,10,2,7,6,6,0,9,2,6,
10,0,99,12,0,83,0,0,0,0,1,0,0,3,39,0,0,17,0,1,0,
11,213,0,2,8,1,0,0,130,200,10,0,0,13,20,265,285,0,315,43,199,
12,16,2,3,0,7,0,0,12,8,2,3,13,0,3,12,9,1,9,41,15,
13,13,42,9,3,44,0,0,29,10,7,39,20,3,0,14,18,13,12,1,4,
14,209,0,3,4,0,0,0,159,203,6,0,265,12,14,0,294,0,277,46,193,
15,228,0,0,8,2,0,0,156,212,6,0,285,9,18,294,0,0,298,39,200,
16,0,22,6,0,16,1,3,0,0,0,17,0,1,13,0,0,0,0,0,0,
17,222,0,2,5,1,0,0,152,197,9,0,315,9,12,277,298,0,0,46,196,
18,43,0,7,2,4,0,0,38,35,2,1,43,41,1,46,39,0,46,0,37,
19,159,0,2,3,2,0,0,140,159,6,0,199,15,4,193,200,0,196,37,0,
0,0,63,0,25,0,0,54,0,0,0,35,0,0,59,32,63,6,1,0,20,
1,63,0,1,35,0,0,75,0,0,0,55,0,0,100,54,67,0,0,0,56,
2,0,1,0,0,0,0,1,0,0,0,2,10,1,1,14,2,0,70,0,27,
3,25,35,0,0,0,0,49,0,0,0,44,0,0,44,33,54,1,0,0,20,
4,0,0,0,0,0,44,0,32,20,42,0,0,7,0,0,0,0,0,30,0,
5,0,0,0,0,44,0,0,24,20,24,0,1,15,0,0,0,0,0,20,0,
6,54,75,1,49,0,0,0,0,0,0,66,2,0,77,60,75,0,1,0,45,
7,0,0,0,0,32,24,0,0,17,26,0,0,11,0,0,0,0,0,11,0,
8,0,0,0,0,20,20,0,17,0,49,0,2,25,0,0,0,0,0,18,0,
9,0,0,0,0,42,24,0,26,49,0,0,4,15,0,0,0,0,0,21,0,
10,35,55,2,44,0,0,66,0,0,0,0,0,0,68,56,42,1,0,0,32,
11,0,0,10,0,0,1,2,0,2,4,0,0,17,0,0,0,0,16,3,7,
12,0,0,1,0,7,15,0,11,25,15,0,17,0,0,0,0,0,0,13,0,
13,59,100,1,44,0,0,77,0,0,0,68,0,0,0,55,57,1,0,0,62,
14,32,54,14,33,0,0,60,0,0,0,56,0,0,55,0,39,0,13,0,49,
15,63,67,2,54,0,0,75,0,0,0,42,0,0,57,39,0,0,2,0,38,
16,6,0,0,1,0,0,0,0,0,0,1,0,0,1,0,0,0,0,0,0,
17,1,0,70,0,0,0,1,0,0,0,0,16,0,0,13,2,0,0,0,34,
18,0,0,0,0,30,20,0,11,18,21,0,3,13,0,0,0,0,0,0,0,
19,20,56,27,20,0,0,45,0,0,0,32,7,0,62,49,38,0,34,0,0,
0,0,4,48,1,0,0,2,11,34,29,1,1,21,0,4,0,60,1,16,2,
1,4,0,1,49,0,0,0,6,0,3,47,45,4,0,0,0,0,48,4,27,
2,48,1,0,2,6,4,14,6,24,25,6,0,5,6,1,10,43,1,8,0,
3,1,49,2,0,0,0,0,6,0,5,38,44,9,0,0,0,0,18,15,35,
4,0,0,6,0,0,28,32,1,18,0,0,0,0,30,41,27,2,0,0,0,
5,0,0,4,0,28,0,19,12,12,0,0,0,1,32,33,46,2,0,0,0,
6,2,0,14,0,32,19,0,3,13,3,0,0,0,26,24,33,0,0,0,0,
7,11,6,6,6,1,12,3,0,7,20,8,7,26,2,2,4,6,10,6,4,
8,34,0,24,0,18,12,13,7,0,12,0,2,7,33,28,16,19,0,9,1,
9,29,3,25,5,0,0,3,20,12,0,3,1,51,2,0,0,18,2,4,1,
10,1,47,6,38,0,0,0,8,0,3,0,47,5,0,0,0,4,44,4,20,
11,1,45,0,44,0,0,0,7,2,1,47,0,11,0,0,0,0,42,0,84,
12,21,4,5,9,0,1,0,26,7,51,5,11,0,1,0,0,11,7,8,4,
13,0,0,6,0,30,32,26,2,33,2,0,0,1,0,53,25,0,0,0,0,
14,4,0,1,0,41,33,24,2,28,0,0,0,0,53,0,37,0,0,0,0,
15,0,0,10,0,27,46,33,4,16,0,0,0,0,25,37,0,0,0,0,0,
16,60,0,43,0,2,2,0,6,19,18,4,0,11,0,0,0,0,0,5,0,
17,1,48,1,18,0,0,0,10,0,2,44,42,7,0,0,0,0,0,20,22,
18,16,4,8,15,0,0,0,6,9,4,4,0,8,0,0,0,5,20,0,1,
19,2,27,0,35,0,0,0,4,1,1,20,84,4,0,0,0,0,22,1,0,
0,0,45,32,28,0,0,0,0,31,2,0,2,0,0,0,5,42,0,0,0,
1,45,0,33,23,5,1,4,8,26,17,7,5,1,5,0,8,54,2,7,3,
2,32,33,0,28,0,0,0,0,25,12,0,0,0,0,0,2,41,0,0,0,
3,28,23,28,0,0,0,0,0,27,0,0,6,0,2,3,1,39,0,1,1,
4,0,5,0,0,0,13,42,40,0,43,37,36,0,47,34,2,1,12,39,52,
5,0,1,0,0,13,0,2,17,0,6,3,7,0,6,6,0,0,4,3,3,
6,0,4,0,0,42,2,0,21,0,27,34,30,0,31,26,12,0,27,37,48,
7,0,8,0,0,40,17,21,0,0,21,22,23,0,16,10,0,0,7,29,20,
8,31,26,25,27,0,0,0,0,0,6,0,2,1,0,0,2,20,0,0,0,
9,2,17,12,0,43,6,27,21,6,0,27,53,0,39,34,1,3,13,30,30,
10,0,7,0,0,37,3,34,22,0,27,0,48,0,16,20,1,0,41,35,31,
11,2,5,0,6,36,7,30,23,2,53,48,0,0,26,36,2,0,4,29,33,
12,0,1,0,0,0,0,0,0,1,0,0,0,0,0,0,0,0,0,0,0,
13,0,5,0,2,47,6,31,16,0,39,16,26,0,0,32,5,0,8,30,40,
14,0,0,0,3,34,6,26,10,0,34,20,36,0,32,0,1,0,7,12,28,
15,5,8,2,1,2,0,12,0,2,1,1,2,0,5,1,0,5,0,5,5,
16,42,54,41,39,1,0,0,0,20,3,0,0,0,0,0,5,0,0,0,1,
17,0,2,0,0,12,4,27,7,0,13,41,4,0,8,7,0,0,0,2,3,
18,0,7,0,1,39,3,37,29,0,30,35,29,0,30,12,5,0,2,0,33,
19,0,3,0,1,52,3,48,20,0,30,31,33,0,40,28,5,1,3,33,0,
0,0,0,26,0,0,0,58,1,0,43,0,3,3,53,0,0,0,0,0,27,
1,0,0,0,21,24,23,0,14,15,1,20,0,29,0,0,19,14,38,33,0,
2,26,0,0,0,0,0,26,0,0,13,0,0,5,25,0,0,0,0,0,33,
3,0,21,0,0,25,41,0,25,10,0,44,0,28,0,0,41,17,35,33,0,
4,0,24,0,25,0,54,0,16,22,0,50,0,16,0,0,38,41,42,30,0,
5,0,23,0,41,54,0,0,26,33,3,67,0,22,0,0,41,27,58,41,0,
6,58,0,26,0,0,0,0,1,0,25,0,0,7,55,0,0,0,0,0,19,
7,1,14,0,25,16,26,1,0,13,0,31,0,20,0,0,25,22,27,17,0,
8,0,15,0,10,22,33,0,13,0,0,29,0,6,0,0,29,35,24,16,0,
9,43,1,13,0,0,3,25,0,0,0,0,2,4,36,0,0,0,0,0,18,
10,0,20,0,44,50,67,0,31,29,0,0,0,13,0,0,17,39,51,35,0,
11,3,0,0,0,0,0,0,0,0,2,0,0,0,3,11,0,0,0,0,4,
12,3,29,5,28,16,22,7,20,6,4,13,0,0,6,0,13,11,25,19,2,
13,53,0,25,0,0,0,55,0,0,36,0,3,6,0,0,0,0,0,0,37,
14,0,0,0,0,0,0,0,0,0,0,0,11,0,0,0,0,0,0,0,0,
15,0,19,0,41,38,41,0,25,29,0,17,0,13,0,0,0,21,45,19,0,
16,0,14,0,17,41,27,0,22,35,0,39,0,11,0,0,21,0,29,15,0,
17,0,38,0,35,42,58,0,27,24,0,51,0,25,0,0,45,29,0,27,0,
18,0,33,0,33,30,41,0,17,16,0,35,0,19,0,0,19,15,27,0,0,
19,27,0,33,0,0,0,19,0,0,18,0,4,2,37,0,0,0,0,0,0,
0,0,1,2,17,20,33,0,14,2,0,10,23,16,11,25,4,2,33,37,21,
1,1,0,0,0,0,0,0,0,0,47,0,0,0,0,0,0,0,0,0,0,
2,2,0,0,4,2,5,32,6,32,0,10,2,0,4,6,11,6,1,4,0,
3,17,0,4,0,46,51,0,36,0,0,37,59,42,13,34,0,2,57,39,29,
4,20,0,2,46,0,41,0,20,0,0,15,30,20,17,24,3,1,36,30,15,
5,33,0,5,51,41,0,0,31,0,0,22,39,26,14,21,2,0,63,35,41,
6,0,0,32,0,0,0,0,1,56,0,6,2,0,3,3,26,1,2,3,0,
7,14,0,6,36,20,31,1,0,0,0,44,41,17,11,28,2,1,35,14,26,
8,2,0,32,0,0,0,56,0,0,0,3,0,2,1,1,28,10,1,0,1,
9,0,47,0,0,0,0,0,0,0,0,0,0,1,0,0,0,0,1,0,1,
10,10,0,10,37,15,22,6,44,3,0,0,36,28,28,32,3,11,28,14,25,
11,23,0,2,59,30,39,2,41,0,0,36,0,28,17,27,3,2,41,29,21,
12,16,0,0,42,20,26,0,17,2,1,28,28,0,13,16,2,0,31,10,19,
13,11,0,4,13,17,14,3,11,1,0,28,17,13,0,8,2,3,12,12,16,
14,25,0,6,34,24,21,3,28,1,0,32,27,16,8,0,4,5,34,16,15,
15,4,0,11,0,3,2,26,2,28,0,3,3,2,2,4,0,5,1,3,0,
16,2,0,6,2,1,0,1,1,10,0,11,2,0,3,5,5,0,0,1,0,
17,33,0,1,57,36,63,2,35,1,1,28,41,31,12,34,1,0,0,28,31,
18,37,0,4,39,30,35,3,14,0,0,14,29,10,12,16,3,1,28,0,14,
19,21,0,0,29,15,41,0,26,1,1,25,21,19,16,15,0,0,31,14,0,
0,0,27,0,0,7,15,17,2,14,0,0,0,0,0,19,0,0,15,0,14,
1,27,0,0,0,25,32,39,8,17,0,0,0,0,1,15,0,0,23,0,34,
2,0,0,0,22,0,1,0,1,0,23,35,13,6,23,0,29,13,0,21,0,
3,0,0,22,0,0,0,0,0,0,3,30,4,1,3,0,68,1,0,87,1,
4,7,25,0,0,0,28,29,1,32,0,0,0,0,0,10,0,0,16,0,10,
5,15,32,1,0,28,0,29,1,20,2,0,0,0,0,8,0,1,24,0,16,
6,17,39,0,0,29,29,0,3,27,0,0,0,7,0,23,0,0,30,0,16,
7,2,8,1,0,1,1,3,0,5,4,0,2,6,12,23,0,11,6,0,13,
8,14,17,0,0,32,20,27,5,0,0,0,0,0,0,9,0,0,26,0,7,
9,0,0,23,3,0,2,0,4,0,0,6,15,19,33,0,1,22,0,4,9,
10,0,0,35,30,0,0,0,0,0,6,0,7,3,0,0,26,2,0,27,1,
11,0,0,13,4,0,0,0,2,0,15,7,0,18,30,1,7,8,1,0,1,
12,0,0,6,1,0,0,7,6,0,19,3,18,0,34,0,3,28,0,0,20,
13,0,1,23,3,0,0,0,12,0,33,0,30,34,0,3,0,77,0,1,41,
14,19,15,0,0,10,8,23,23,9,0,0,1,0,3,0,0,0,15,0,19,
15,0,0,29,68,0,0,0,0,0,1,26,7,3,0,0,0,3,0,55,0,
16,0,0,13,1,0,1,0,11,0,22,2,8,28,77,0,3,0,0,0,35,
17,15,23,0,0,16,24,30,6,26,0,0,1,0,0,15,0,0,0,0,22,
18,0,0,21,87,0,0,0,0,0,4,27,0,0,1,0,55,0,0,0,0,
19,14,34,0,1,10,16,16,13,7,9,1,1,20,41,19,0,35,22,0,0,
0,0,8,0,30,4,22,10,4,0,21,16,0,16,6,1,39,6,15,0,2,
1,8,0,0,5,24,3,5,8,1,4,6,6,17,32,15,4,12,8,0,23,
2,0,0,0,0,0,0,0,0,20,0,0,9,0,1,1,0,0,0,4,2,
3,30,5,0,0,1,15,17,14,0,10,4,2,45,0,6,41,19,25,0,3,
4,4,24,0,1,0,3,8,11,0,7,21,13,3,59,48,4,17,14,0,64,
5,22,3,0,15,3,0,18,21,0,18,15,1,15,7,5,25,15,11,0,11,
6,10,5,0,17,8,18,0,6,0,15,5,4,15,8,5,16,18,5,0,7,
7,4,8,0,14,11,21,6,0,0,10,9,1,9,16,5,14,2,6,0,10,
8,0,1,20,0,0,0,0,0,0,0,0,3,0,0,1,0,0,0,12,0,
9,21,4,0,10,7,18,15,10,0,0,10,2,19,4,3,28,13,13,0,2,
10,16,6,0,4,21,15,5,9,0,10,0,14,11,15,20,10,9,22,0,22,
11,0,6,9,2,13,1,4,1,3,2,14,0,1,23,22,1,7,23,14,19,
12,16,17,0,45,3,15,15,9,0,19,11,1,0,2,3,36,11,20,0,5,
13,6,32,1,0,59,7,8,16,0,4,15,23,2,0,31,3,14,19,0,55,
14,1,15,1,6,48,5,5,5,1,3,20,22,3,31,0,7,9,26,1,53,
15,39,4,0,41,4,25,16,14,0,28,10,1,36,3,7,0,19,30,0,5,
16,6,12,0,19,17,15,18,2,0,13,9,7,11,14,9,19,0,11,0,15,
17,15,8,0,25,14,11,5,6,0,13,22,23,20,19,26,30,11,0,0,21,
18,0,0,4,0,0,0,0,0,12,0,0,14,0,0,1,0,0,0,0,1,
19,2,23,2,3,64,11,7,10,0,2,22,19,5,55,53,5,15,21,1,0,
0,0,0,24,0,1,0,9,0,1,7,35,17,20,9,0,2,41,0,24,17,
1,0,0,2,2,17,5,16,3,9,1,1,9,15,0,5,9,0,9,3,0,
2,24,2,0,0,5,0,5,1,6,5,21,19,11,10,0,2,27,1,9,7,
3,0,2,0,0,0,61,0,1,0,1,0,0,0,0,49,0,0,13,0,0,
4,1,17,5,0,0,0,1,11,33,4,0,4,6,0,1,40,1,11,2,13,
5,0,5,0,61,0,0,0,8,0,4,0,0,0,0,85,0,0,43,0,0,
6,9,16,5,0,1,0,0,3,2,19,10,17,23,1,0,13,23,3,20,14,
7,0,3,1,1,11,8,3,0,14,12,1,2,1,0,10,8,3,8,4,3,
8,1,9,6,0,33,0,2,14,0,2,0,2,4,0,0,17,0,0,2,10,
9,7,1,5,1,4,4,19,12,2,0,12,8,22,2,4,1,7,3,19,15,
10,35,1,21,0,0,0,10,1,0,12,0,27,18,9,0,4,36,0,19,14,
11,17,9,19,0,4,0,17,2,2,8,27,0,20,2,0,7,30,3,27,18,
12,20,15,11,0,6,0,23,1,4,22,18,20,0,4,0,11,19,1,36,21,
13,9,0,10,0,0,0,1,0,0,2,9,2,4,0,0,1,14,3,5,2,
14,0,5,0,49,1,85,0,10,0,4,0,0,0,0,0,0,0,26,0,1,
15,2,9,2,0,40,0,13,8,17,1,4,7,11,1,0,0,4,4,8,16,
16,41,0,27,0,1,0,23,3,0,7,36,30,19,14,0,4,0,4,32,24,
17,0,9,1,13,11,43,3,8,0,3,0,3,1,3,26,4,4,0,2,3,
18,24,3,9,0,2,0,20,4,2,19,19,27,36,5,0,8,32,2,0,23,
19,17,0,7,0,13,0,14,3,10,15,14,18,21,2,1,16,24,3,23,0,
0,0,0,0,0,18,0,57,27,29,1,0,0,2,59,0,0,0,27,1,0,
1,0,0,48,0,0,37,1,0,0,0,30,0,0,1,35,25,36,0,0,0,
2,0,48,0,0,0,37,0,0,0,0,49,0,0,0,25,21,41,0,0,0,
3,0,0,0,0,3,0,0,0,3,31,0,12,7,1,0,0,0,3,13,11,
4,18,0,0,3,0,0,35,27,46,0,0,1,1,41,0,0,0,38,1,0,
5,0,37,37,0,0,0,0,0,0,0,38,0,0,0,22,11,27,0,0,0,
6,57,1,0,0,35,0,0,48,31,0,0,3,0,31,0,0,0,44,0,3,
7,27,0,0,0,27,0,48,0,22,0,0,2,0,50,0,0,0,30,1,1,
8,29,0,0,3,46,0,31,22,0,0,0,0,1,24,0,0,0,33,2,2,
9,1,0,0,31,0,0,0,0,0,0,0,37,9,0,0,0,0,2,21,6,
10,0,30,49,0,0,38,0,0,0,0,0,0,0,0,80,16,66,0,0,0,
11,0,0,0,12,1,0,3,2,0,37,0,0,39,0,0,0,0,0,67,16,
12,2,0,0,7,1,0,0,0,1,9,0,39,0,3,0,0,0,2,50,11,
13,59,1,0,1,41,0,31,50,24,0,0,0,3,0,0,0,0,44,2,1,
14,0,35,25,0,0,22,0,0,0,0,80,0,0,0,0,20,39,0,0,0,
15,0,25,21,0,0,11,0,0,0,0,16,0,0,0,20,0,25,0,0,0,
16,0,36,41,0,0,27,0,0,0,0,66,0,0,0,39,25,0,0,0,0,
17,27,0,0,3,38,0,44,30,33,2,0,0,2,44,0,0,0,0,1,1,
18,1,0,0,13,1,0,0,1,2,21,0,67,50,2,0,0,0,1,0,15,
19,0,0,0,11,0,0,3,1,2,6,0,16,11,1,0,0,0,1,15,0,
0,0,1,24,1,7,0,8,4,24,17,29,4,0,40,29,21,12,10,24,0,
1,1,0,1,5,0,3,0,0,0,1,0,24,25,0,0,0,25,18,0,2,
2,24,1,0,0,19,0,8,4,46,22,28,1,0,37,29,58,25,0,34,0,
3,1,5,0,0,0,9,0,0,0,0,0,15,12,1,0,0,11,19,0,20,
4,7,0,19,0,0,0,4,49,13,2,5,0,0,12,34,10,4,0,5,0,
5,0,3,0,9,0,0,0,0,0,0,0,1,4,0,0,0,2,3,0,22,
6,8,0,8,0,4,0,0,2,23,26,15,0,2,21,8,11,3,0,15,0,
7,4,0,4,0,49,0,2,0,0,1,2,0,0,0,28,1,0,0,2,0,
8,24,0,46,0,13,0,23,0,0,22,62,0,0,81,23,52,23,0,42,0,
9,17,1,22,0,2,0,26,1,22,0,18,0,0,23,10,8,11,0,29,0,
10,29,0,28,0,5,0,15,2,62,18,0,1,0,75,17,46,13,1,40,0,
11,4,24,1,15,0,1,0,0,0,0,1,0,19,0,0,0,6,33,1,0,
12,0,25,0,12,0,4,2,0,0,0,0,19,0,0,0,1,24,17,0,9,
13,40,0,37,1,12,0,21,0,81,23,75,0,0,0,28,53,46,0,56,0,
14,29,0,29,0,34,0,8,28,23,10,17,0,0,28,0,19,28,0,29,0,
15,21,0,58,0,10,0,11,1,52,8,46,0,1,53,19,0,19,1,36,0,
16,12,25,25,11,4,2,3,0,23,11,13,6,24,46,28,19,0,1,22,2,
17,10,18,0,19,0,3,0,0,0,0,1,33,17,0,0,1,1,0,1,0,
18,24,0,34,0,5,0,15,2,42,29,40,1,0,56,29,36,22,1,0,0,
19,0,2,0,20,0,22,0,0,0,0,0,0,9,0,0,0,2,0,0,0,
0,0,0,0,0,21,28,0,45,35,52,29,11,0,6,3,1,0,1,0,15,
1,0,0,44,43,0,2,6,1,0,0,0,0,43,0,22,0,15,51,19,0,
2,0,44,0,57,0,4,9,2,0,0,0,0,20,0,11,0,18,36,17,0,
3,0,43,57,0,0,0,8,0,0,0,0,1,24,0,23,0,7,30,20,0,
4,21,0,0,0,0,10,1,10,14,13,31,16,0,17,4,0,0,0,0,18,
5,28,2,4,0,10,0,3,26,21,26,9,6,0,9,0,0,0,2,0,17,
6,0,6,9,8,1,3,0,6,3,0,1,0,30,1,24,0,0,6,3,2,
7,45,1,2,0,10,26,6,0,30,52,44,18,1,7,7,2,0,4,2,31,
8,35,0,0,0,14,21,3,30,0,39,25,21,0,11,4,3,0,1,0,22,
9,52,0,0,0,13,26,0,52,39,0,52,20,0,6,7,8,0,0,0,18,
10,29,0,0,0,31,9,1,44,25,52,0,14,0,12,3,6,0,1,0,27,
11,11,0,0,1,16,6,0,18,21,20,14,0,2,9,7,0,0,0,0,7,
12,0,43,20,24,0,0,30,1,0,0,0,2,0,0,19,0,6,20,17,0,
13,6,0,0,0,17,9,1,7,11,6,12,9,0,0,2,9,0,0,0,9,
14,3,22,11,23,4,0,24,7,4,7,3,7,19,2,0,0,2,20,3,2,
15,1,0,0,0,0,0,0,2,3,8,6,0,0,9,0,0,0,0,0,2,
16,0,15,18,7,0,0,0,0,0,0,0,0,6,0,2,0,0,2,19,0,
17,1,51,36,30,0,2,6,4,1,0,1,0,20,0,20,0,2,0,15,0,
18,0,19,17,20,0,0,3,2,0,0,0,0,17,0,3,0,19,15,0,0,
19,15,0,0,0,18,17,2,31,22,18,27,7,0,9,2,2,0,0,0,0,
0,0,28,13,3,2,19,38,2,0,20,3,7,2,1,7,48,3,6,14,0,
1,28,0,20,8,0,6,27,8,0,23,10,9,0,0,5,50,0,3,32,1,
2,13,20,0,8,0,8,9,14,1,5,6,41,0,3,8,20,1,4,37,1,
3,3,8,8,0,0,0,7,37,0,36,44,38,0,0,2,5,0,0,5,7,
4,2,0,0,0,0,0,2,0,0,0,0,1,60,42,4,2,42,34,1,0,
5,19,6,8,0,0,0,8,0,12,1,0,4,3,1,17,8,5,7,8,0,
6,38,27,9,7,2,8,0,1,3,21,3,10,0,2,4,58,2,5,22,0,
7,2,8,14,37,0,0,1,0,0,11,29,39,0,0,1,3,0,1,8,6,
8,0,0,1,0,0,12,3,0,0,0,0,0,0,0,21,5,0,1,0,0,
9,20,23,5,36,0,1,21,11,0,0,44,11,1,0,0,10,2,5,8,3,
10,3,10,6,44,0,0,3,29,0,44,0,13,0,0,0,1,0,0,15,5,
11,7,9,41,38,1,4,10,39,0,11,13,0,0,0,5,28,0,1,55,1,
12,2,0,0,0,60,3,0,0,0,1,0,0,0,38,3,1,37,34,0,0,
13,1,0,3,0,42,1,2,0,0,0,0,0,38,0,4,0,36,14,1,0,
14,7,5,8,2,4,17,4,1,21,0,0,5,3,4,0,10,1,3,6,0,
15,48,50,20,5,2,8,58,3,5,10,1,28,1,0,10,0,3,12,67,0,
16,3,0,1,0,42,5,2,0,0,2,0,0,37,36,1,3,0,12,0,0,
17,6,3,4,0,34,7,5,1,1,5,0,1,34,14,3,12,12,0,0,0,
18,14,32,37,5,1,8,22,8,0,8,15,55,0,1,6,67,0,0,0,0,
19,0,1,1,7,0,0,0,6,0,3,5,1,0,0,0,0,0,0,0,0,
0,0,2,14,18,0,13,11,8,0,2,11,0,0,16,6,0,4,7,14,9,
1,2,0,2,10,0,5,66,9,0,0,15,1,0,5,7,0,0,6,2,34,
2,14,2,0,17,0,7,1,14,0,2,0,2,2,7,9,0,1,4,10,7,
3,18,10,17,0,0,5,8,15,0,0,3,3,0,27,18,0,1,15,12,11,
4,0,0,0,0,0,3,0,0,11,6,0,0,12,0,0,24,10,0,0,0,
5,13,5,7,5,3,0,14,9,0,9,10,0,5,5,3,1,0,4,14,3,
6,11,66,1,8,0,14,0,0,0,0,37,0,0,9,1,0,0,4,2,43,
7,8,9,14,15,0,9,0,0,0,0,2,4,0,13,10,0,0,9,29,17,
8,0,0,0,0,11,0,0,0,0,0,0,0,4,0,0,58,0,0,0,0,
9,2,0,2,0,6,9,0,0,0,0,0,0,46,0,0,0,70,0,0,0,
10,11,15,0,3,0,10,37,2,0,0,0,0,0,12,1,0,0,1,0,7,
11,0,1,2,3,0,0,0,4,0,0,0,0,0,0,2,0,0,1,2,1,
12,0,0,2,0,12,5,0,0,4,46,0,0,0,0,0,2,38,0,0,0,
13,16,5,7,27,0,5,9,13,0,0,12,0,0,0,11,0,0,9,17,14,
14,6,7,9,18,0,3,1,10,0,0,1,2,0,11,0,0,0,10,23,7,
15,0,0,0,0,24,1,0,0,58,0,0,0,2,0,0,0,0,0,0,0,
16,4,0,1,1,10,0,0,0,0,70,0,0,38,0,0,0,0,2,2,0,
17,7,6,4,15,0,4,4,9,0,0,1,1,0,9,10,0,2,0,14,3,
18,14,2,10,12,0,14,2,29,0,0,0,2,0,17,23,0,2,14,0,4,
19,9,34,7,11,0,3,43,17,0,0,7,1,0,14,7,0,0,3,4,0,
0,0,1,61,0,61,0,71,62,54,0,1,75,104,0,114,50,0,0,0,0,
1,1,0,2,4,1,0,0,0,0,9,9,0,0,8,0,0,0,21,37,0,
2,61,2,0,0,47,0,55,63,47,1,0,47,68,0,82,36,0,1,0,0,
3,0,4,0,0,0,0,0,0,0,3,54,0,1,42,0,0,0,20,14,0,
4,61,1,47,0,0,0,56,48,33,2,0,56,104,1,101,45,0,1,1,0,
5,0,0,0,0,0,0,0,0,0,0,3,0,0,4,0,0,0,2,0,14,
6,71,0,55,0,56,0,0,72,70,0,0,59,94,0,102,27,0,0,1,0,
7,62,0,63,0,48,0,72,0,48,0,0,43,76,0,99,38,0,1,1,0,
8,54,0,47,0,33,0,70,48,0,0,0,33,68,0,67,37,0,0,0,0,
9,0,9,1,3,2,0,0,0,0,0,4,0,0,6,0,0,0,2,13,0,
10,1,9,0,54,0,3,0,0,0,4,0,0,0,49,1,0,0,9,8,1,
11,75,0,47,0,56,0,59,43,33,0,0,0,109,0,105,34,0,0,0,0,
12,104,0,68,1,104,0,94,76,68,0,0,109,0,0,159,40,0,0,1,0,
13,0,8,0,42,1,4,0,0,0,6,49,0,0,0,0,2,0,9,8,1,
14,114,0,82,0,101,0,102,99,67,0,1,105,159,0,0,43,0,1,0,0,
15,50,0,36,0,45,0,27,38,37,0,0,34,40,2,43,0,0,1,1,0,
16,0,0,0,0,0,0,0,0,0,0,0,0,0,0,0,0,0,0,0,8,
17,0,21,1,20,1,2,0,1,0,2,9,0,0,9,1,1,0,0,3,1,
18,0,37,0,14,1,0,1,1,0,13,8,0,1,8,0,1,0,3,0,0,
19,0,0,0,0,0,14,0,0,0,0,1,0,0,1,0,0,8,1,0,0,
0,0,2,67,0,0,42,0,0,68,56,2,89,44,1,0,56,0,34,12,0,
1,2,0,7,0,0,13,16,0,1,7,8,1,3,8,3,7,0,2,6,17,
2,67,7,0,0,0,40,0,0,28,43,0,80,49,3,0,73,0,65,11,0,
3,0,0,0,0,1,0,2,22,0,0,1,0,0,0,0,0,15,0,0,1,
4,0,0,0,1,0,0,0,6,0,0,0,0,0,0,0,0,1,0,0,0,
5,42,13,40,0,0,0,7,0,27,31,3,38,32,6,2,25,0,6,28,0,
6,0,16,0,2,0,7,0,0,0,2,15,2,2,10,0,3,0,0,5,1,
7,0,0,0,22,6,0,0,0,0,0,0,0,0,0,0,0,18,0,0,0,
8,68,1,28,0,0,27,0,0,0,43,0,47,16,2,0,50,0,37,0,0,
9,56,7,43,0,0,31,2,0,43,0,5,56,16,21,0,59,0,22,8,0,
10,2,8,0,1,0,3,15,0,0,5,0,0,11,22,5,1,2,1,29,4,
11,89,1,80,0,0,38,2,0,47,56,0,0,57,1,0,55,0,36,19,0,
12,44,3,49,0,0,32,2,0,16,16,11,57,0,3,0,15,0,27,16,0,
13,1,8,3,0,0,6,10,0,2,21,22,1,3,0,1,4,0,2,15,1,
14,0,3,0,0,0,2,0,0,0,0,5,0,0,1,0,0,1,0,1,16,
15,56,7,73,0,0,25,3,0,50,59,1,55,15,4,0,0,0,41,5,0,
16,0,0,0,15,1,0,0,18,0,0,2,0,0,0,1,0,0,0,0,0,
17,34,2,65,0,0,6,0,0,37,22,1,36,27,2,0,41,0,0,7,0,
18,12,6,11,0,0,28,5,0,0,8,29,19,16,15,1,5,0,7,0,0,
19,0,17,0,1,0,0,1,0,0,0,4,0,0,1,16,0,0,0,0,0,
0,0,21,0,8,8,14,23,11,11,0,29,12,0,0,0,0,20,0,22,21,
1,21,0,0,17,3,13,1,1,25,0,7,5,1,1,0,0,20,0,16,12,
2,0,0,0,0,0,0,0,0,0,0,0,0,0,0,64,0,0,24,0,0,
3,8,17,0,0,1,14,5,6,18,4,6,3,1,3,0,4,14,0,5,5,
4,8,3,0,1,0,4,21,22,8,0,18,7,9,3,0,1,4,0,14,11,
5,14,13,0,14,4,0,4,3,16,0,10,0,1,2,0,3,14,0,22,21,
6,23,1,0,5,21,4,0,44,10,66,25,89,24,82,0,85,4,0,34,53,
7,11,1,0,6,22,3,44,0,3,0,9,20,15,0,0,0,0,0,29,27,
8,11,25,0,18,8,16,10,3,0,3,10,7,2,4,0,3,25,0,5,13,
9,0,0,0,4,0,0,66,0,3,0,2,134,1,346,1,345,2,7,6,4,
10,29,7,0,6,18,10,25,9,10,2,0,8,14,2,0,1,13,0,18,28,
11,12,5,0,3,7,0,89,20,7,134,8,0,3,137,0,139,4,7,6,8,
12,0,1,0,1,9,1,24,15,2,1,14,3,0,1,0,2,1,0,11,12,
13,0,1,0,3,3,2,82,0,4,346,2,137,1,0,1,363,3,4,7,4,
14,0,0,64,0,0,0,0,0,0,1,0,0,0,1,0,0,0,26,0,0,
15,0,0,0,4,1,3,85,0,3,345,1,139,2,363,0,0,2,5,5,7,
16,20,20,0,14,4,14,4,0,25,2,13,4,1,3,0,2,0,0,7,20,
17,0,0,24,0,0,0,0,0,0,7,0,7,0,4,26,5,0,0,0,0,
18,22,16,0,5,14,22,34,29,5,6,18,6,11,7,0,5,7,0,0,58,
19,21,12,0,5,11,21,53,27,13,4,28,8,12,4,0,7,20,0,58,0,
0,0,0,0,0,0,0,0,0,108,0,121,0,0,0,0,0,0,0,116,0,
1,0,0,4,42,0,3,8,4,0,12,0,6,23,41,3,1,4,5,0,5,
2,0,4,0,11,0,0,23,16,0,15,0,14,4,4,1,21,20,0,0,29,
3,0,42,11,0,0,3,7,6,0,7,0,6,16,38,10,5,6,6,0,8,
4,0,0,0,0,0,0,0,0,2,0,2,0,0,0,2,0,0,0,0,0,
5,0,3,0,3,0,0,0,0,9,2,0,61,25,2,95,0,0,107,0,0,
6,0,8,23,7,0,0,0,29,0,11,0,16,5,4,0,56,40,1,0,39,
7,0,4,16,6,0,0,29,0,0,11,0,12,7,6,1,45,35,2,0,22,
8,108,0,0,0,2,9,0,0,0,0,75,0,0,1,4,0,0,10,83,0,
9,0,12,15,7,0,2,11,11,0,0,0,12,9,4,1,25,11,4,0,13,
10,121,0,0,0,2,0,0,0,75,0,0,0,0,0,0,0,0,0,138,0,
11,0,6,14,6,0,61,16,12,0,12,0,0,31,7,56,13,16,46,1,1,
12,0,23,4,16,0,25,5,7,0,9,0,31,0,11,26,4,6,30,0,6,
13,0,41,4,38,0,2,4,6,1,4,0,7,11,0,5,2,1,4,1,0,
14,0,3,1,10,2,95,0,1,4,1,0,56,26,5,0,0,0,98,1,0,
15,0,1,21,5,0,0,56,45,0,25,0,13,4,2,0,0,43,1,0,29,
16,0,4,20,6,0,0,40,35,0,11,0,16,6,1,0,43,0,1,0,35,
17,0,5,0,6,0,107,1,2,10,4,0,46,30,4,98,1,1,0,2,0,
18,116,0,0,0,0,0,0,0,83,0,138,1,0,1,1,0,0,2,0,0,
19,0,5,29,8,0,0,39,22,0,13,0,1,6,0,0,29,35,0,0,0,
0,0,9,24,27,12,1,0,26,13,16,0,19,8,7,31,0,0,27,0,0,
1,9,0,14,3,3,7,1,3,16,3,7,1,22,28,7,0,1,20,4,4,
2,24,14,0,17,4,3,0,12,27,15,0,7,7,24,13,0,0,4,0,2,
3,27,3,17,0,16,0,0,26,6,11,0,4,2,6,16,0,0,14,0,0,
4,12,3,4,16,0,0,0,11,3,8,0,7,6,3,13,0,0,3,0,0,
5,1,7,3,0,0,0,34,0,0,1,34,1,4,1,0,0,38,0,51,27,
6,0,1,0,0,0,34,0,0,1,0,49,0,0,0,0,32,50,1,55,32,
7,26,3,12,26,11,0,0,0,8,17,0,9,4,5,32,0,0,23,0,0,
8,13,16,27,6,3,0,1,8,0,10,3,3,53,26,9,0,2,15,3,1,
9,16,3,15,11,8,1,0,17,10,0,0,8,8,24,19,0,0,8,0,0,
10,0,7,0,0,0,34,49,0,3,0,0,0,9,0,0,0,21,0,53,28,
11,19,1,7,4,7,1,0,9,3,8,0,0,1,12,18,0,0,8,0,0,
12,8,22,7,2,6,4,0,4,53,8,9,1,0,12,0,0,4,13,8,4,
13,7,28,24,6,3,1,0,5,26,24,0,12,12,0,23,0,0,34,0,0,
14,31,7,13,16,13,0,0,32,9,19,0,18,0,23,0,0,0,22,0,0,
15,0,0,0,0,0,0,32,0,0,0,0,0,0,0,0,0,13,0,0,1,
16,0,1,0,0,0,38,50,0,2,0,21,0,4,0,0,13,0,0,34,13,
17,27,20,4,14,3,0,1,23,15,8,0,8,13,34,22,0,0,0,1,0,
18,0,4,0,0,0,51,55,0,3,0,53,0,8,0,0,0,34,1,0,52,
19,0,4,2,0,0,27,32,0,1,0,28,0,4,0,0,1,13,0,52,0,
0,0,0,2,38,0,0,0,0,17,36,1,27,3,2,37,0,2,22,0,0,
1,0,0,16,0,1,17,11,36,0,0,6,0,3,6,0,9,4,2,7,2,
2,2,16,0,1,4,6,4,12,0,0,8,0,16,3,2,9,3,1,4,0,
3,38,0,1,0,0,0,0,0,22,17,0,16,6,0,19,0,1,23,0,0,
4,0,1,4,0,0,5,5,2,0,0,8,0,6,3,0,2,8,0,2,7,
5,0,17,6,0,5,0,5,25,0,0,16,0,7,19,0,13,9,0,6,4,
6,0,11,4,0,5,5,0,3,0,0,13,0,15,8,0,15,14,0,24,17,
7,0,36,12,0,2,25,3,0,1,0,5,0,4,14,1,4,5,1,4,3,
8,17,0,0,22,0,0,0,1,0,24,0,40,0,0,29,0,0,11,0,1,
9,36,0,0,17,0,0,0,0,24,0,1,35,1,0,53,3,3,22,0,1,
10,1,6,8,0,8,16,13,5,0,1,0,0,18,6,0,19,14,0,18,10,
11,27,0,0,16,0,0,0,0,40,35,0,0,0,1,20,0,0,9,0,0,
12,3,3,16,6,6,7,15,4,0,1,18,0,0,7,1,14,11,0,6,12,
13,2,6,3,0,3,19,8,14,0,0,6,1,7,0,0,7,2,0,6,10,
14,37,0,2,19,0,0,0,1,29,53,0,20,1,0,0,0,1,36,0,0,
15,0,9,9,0,2,13,15,4,0,3,19,0,14,7,0,0,26,0,10,8,
16,2,4,3,1,8,9,14,5,0,3,14,0,11,2,1,26,0,6,11,6,
17,22,2,1,23,0,0,0,1,11,22,0,9,0,0,36,0,6,0,0,0,
18,0,7,4,0,2,6,24,4,0,0,18,0,6,6,0,10,11,0,0,15,
19,0,2,0,0,7,4,17,3,1,1,10,0,12,10,0,8,6,0,15,0,
0,0,14,0,21,0,3,10,3,20,31,3,36,0,49,3,15,33,13,0,11,
1,14,0,0,24,0,16,27,5,32,28,0,36,0,26,1,26,18,3,0,33,
2,0,0,0,0,32,1,0,0,0,0,46,0,4,0,26,0,0,0,3,0,
3,21,24,0,0,0,0,37,9,36,35,2,41,0,35,0,21,37,17,0,20,
4,0,0,32,0,0,0,0,0,1,0,17,0,3,0,13,0,0,0,6,0,
5,3,16,1,0,0,0,2,4,0,2,2,3,0,1,5,5,2,0,0,2,
6,10,27,0,37,0,2,0,3,39,36,13,42,0,25,0,29,26,3,0,21,
7,3,5,0,9,0,4,3,0,2,10,0,6,0,5,0,3,5,9,0,21,
8,20,32,0,36,1,0,39,2,0,39,6,35,0,33,0,28,53,20,0,27,
9,31,28,0,35,0,2,36,10,39,0,1,36,0,39,0,29,45,5,0,40,
10,3,0,46,2,17,2,13,0,6,1,0,4,0,3,25,2,0,2,0,1,
11,36,36,0,41,0,3,42,6,35,36,4,0,0,33,0,27,58,10,0,28,
12,0,0,4,0,3,0,0,0,0,0,0,0,0,0,0,0,0,0,112,0,
13,49,26,0,35,0,1,25,5,33,39,3,33,0,0,1,24,46,21,0,39,
14,3,1,26,0,13,5,0,0,0,0,25,0,0,1,0,1,0,0,0,0,
15,15,26,0,21,0,5,29,3,28,29,2,27,0,24,1,0,36,12,0,18,
16,33,18,0,37,0,2,26,5,53,45,0,58,0,46,0,36,0,23,0,23,
17,13,3,0,17,0,0,3,9,20,5,2,10,0,21,0,12,23,0,0,6,
18,0,0,3,0,6,0,0,0,0,0,0,0,112,0,0,0,0,0,0,0,
19,11,33,0,20,0,2,21,21,27,40,1,28,0,39,0,18,23,6,0,0,
0,0,29,5,0,20,2,13,41,0,4,2,0,1,0,20,4,38,3,10,5,
1,29,0,6,5,11,0,24,17,11,20,0,6,0,0,17,1,23,0,18,13,
2,5,6,0,0,7,20,1,5,0,16,13,0,14,0,8,26,7,20,6,6,
3,0,5,0,0,1,0,1,0,42,0,0,71,0,0,0,0,0,0,5,5,
4,20,11,7,1,0,1,5,13,5,25,2,0,0,0,10,0,17,1,11,8,
5,2,0,20,0,1,0,0,0,0,0,48,0,64,0,17,53,2,64,4,1,
6,13,24,1,1,5,0,0,13,6,32,2,2,0,0,8,0,9,1,16,17,
7,41,17,5,0,13,0,13,0,0,19,1,0,0,0,32,5,22,0,26,3,
8,0,11,0,42,5,0,6,0,0,2,0,39,0,0,0,0,0,0,7,11,
9,4,20,16,0,25,0,32,19,2,0,2,1,0,0,6,1,11,0,7,12,
10,2,0,13,0,2,48,2,1,0,2,0,0,45,0,32,22,2,44,8,4,
11,0,6,0,71,0,0,2,0,39,1,0,0,0,0,0,0,0,0,7,4,
12,1,0,14,0,0,64,0,0,0,0,45,0,0,0,22,62,1,64,7,1,
13,0,0,0,0,0,0,0,0,0,0,0,0,0,0,0,0,0,0,0,0,
14,20,17,8,0,10,17,8,32,0,6,32,0,22,0,0,6,21,8,6,9,
15,4,1,26,0,0,53,0,5,0,1,22,0,62,0,6,0,2,56,7,4,
16,38,23,7,0,17,2,9,22,0,11,2,0,1,0,21,2,0,1,11,7,
17,3,0,20,0,1,64,1,0,0,0,44,0,64,0,8,56,1,0,3,1,
18,10,18,6,5,11,4,16,26,7,7,8,7,7,0,6,7,11,3,0,13,
19,5,13,6,5,8,1,17,3,11,12,4,4,1,0,9,4,7,1,13,0,
0,0,1,13,16,13,5,18,6,5,70,2,2,10,1,26,11,7,7,5,5,
1,1,0,1,1,12,5,0,6,10,2,0,0,1,8,6,3,0,4,8,0,
2,13,1,0,33,0,2,16,0,2,3,2,35,16,0,0,21,24,0,0,0,
3,16,1,33,0,0,0,35,0,1,1,3,29,30,0,0,18,34,0,0,0,
4,13,12,0,0,0,17,0,14,5,6,0,0,0,6,14,0,0,44,4,15,
5,5,5,2,0,17,0,0,7,3,8,0,0,0,12,22,0,0,20,19,10,
6,18,0,16,35,0,0,0,0,1,7,18,16,20,0,0,13,48,0,0,0,
7,6,6,0,0,14,7,0,0,3,5,0,0,0,14,10,0,0,16,8,1,
8,5,10,2,1,5,3,1,3,0,10,1,1,7,3,4,10,2,4,1,0,
9,70,2,3,1,6,8,7,5,10,0,0,1,1,1,16,6,6,2,5,2,
10,2,0,2,3,0,0,18,0,1,0,0,10,7,0,0,3,15,0,0,0,
11,2,0,35,29,0,0,16,0,1,1,10,0,28,0,0,12,25,0,0,0,
12,10,1,16,30,0,0,20,0,7,1,7,28,0,0,0,23,29,0,0,0,
13,1,8,0,0,6,12,0,14,3,1,0,0,0,0,11,0,0,6,7,8,
14,26,6,0,0,14,22,0,10,4,16,0,0,0,11,0,0,0,7,6,5,
15,11,3,21,18,0,0,13,0,10,6,3,12,23,0,0,0,14,0,0,2,
16,7,0,24,34,0,0,48,0,2,6,15,25,29,0,0,14,0,0,0,0,
17,7,4,0,0,44,20,0,16,4,2,0,0,0,6,7,0,0,0,18,28,
18,5,8,0,0,4,19,0,8,1,5,0,0,0,7,6,0,0,18,0,10,
19,5,0,0,0,15,10,0,1,0,2,0,0,0,8,5,2,0,28,10,0,
0,0,0,110,8,0,0,15,3,22,63,0,88,0,0,0,0,0,0,6,0,
1,0,0,2,0,0,3,0,5,1,0,4,0,21,0,0,63,7,0,0,1,
2,110,2,0,14,0,0,33,1,23,85,0,109,0,0,0,0,0,0,6,0,
3,8,0,14,0,0,0,0,0,3,65,0,42,1,0,0,0,0,0,0,0,
4,0,0,0,0,0,0,0,0,0,0,0,0,1,32,22,0,0,2,0,14,
5,0,3,0,0,0,0,0,49,0,0,27,0,19,0,0,7,44,2,0,0,
6,15,0,33,0,0,0,0,0,48,11,0,11,1,0,0,1,0,0,12,0,
7,3,5,1,0,0,49,0,0,0,0,24,2,19,0,0,4,29,2,0,3,
8,22,1,23,3,0,0,48,0,0,2,0,7,0,0,0,1,0,0,40,0,
9,63,0,85,65,0,0,11,0,2,0,3,109,0,0,0,0,0,0,3,0,
10,0,4,0,0,0,27,0,24,0,3,0,0,4,0,0,6,20,0,3,3,
11,88,0,109,42,0,0,11,2,7,109,0,0,0,0,0,0,0,0,2,0,
12,0,21,0,1,1,19,1,19,0,0,4,0,0,8,0,21,13,2,0,3,
13,0,0,0,0,32,0,0,0,0,0,0,0,8,0,52,0,0,15,0,44,
14,0,0,0,0,22,0,0,0,0,0,0,0,0,52,0,0,1,35,0,47,
15,0,63,0,0,0,7,1,4,1,0,6,0,21,0,0,0,5,0,0,0,
16,0,7,0,0,0,44,0,29,0,0,20,0,13,0,1,5,0,4,0,1,
17,0,0,0,0,2,2,0,2,0,0,0,0,2,15,35,0,4,0,0,28,
18,6,0,6,0,0,0,12,0,40,3,3,2,0,0,0,0,0,0,0,0,
19,0,1,0,0,14,0,0,3,0,0,3,0,3,44,47,0,1,28,0,0,
0,0,0,0,0,0,0,0,0,0,0,29,0,0,0,0,0,0,0,12,31,
1,0,0,6,17,15,11,5,16,18,18,0,11,6,6,3,26,14,3,0,0,
2,0,6,0,33,20,12,0,27,26,6,0,34,1,3,0,9,6,0,0,0,
3,0,17,33,0,18,5,2,23,18,16,0,47,7,5,0,16,16,2,0,0,
4,0,15,20,18,0,6,3,17,22,9,2,18,8,2,0,14,5,3,0,0,
5,0,11,12,5,6,0,2,28,8,10,6,42,1,17,1,17,15,5,4,4,
6,0,5,0,2,3,2,0,0,1,2,0,0,58,1,136,0,2,83,0,0,
7,0,16,27,23,17,28,0,0,18,30,0,59,2,15,1,32,20,2,0,0,
8,0,18,26,18,22,8,1,18,0,11,0,27,3,7,0,13,8,1,0,0,
9,0,18,6,16,9,10,2,30,11,0,0,12,1,7,3,21,12,5,0,0,
10,29,0,0,0,2,6,0,0,0,0,0,0,0,0,0,0,0,0,12,25,
11,0,11,34,47,18,42,0,59,27,12,0,0,6,11,2,26,26,6,0,0,
12,0,6,1,7,8,1,58,2,3,1,0,6,0,29,67,0,4,96,0,0,
13,0,6,3,5,2,17,1,15,7,7,0,11,29,0,2,11,11,17,0,0,
14,0,3,0,0,0,1,136,1,0,3,0,2,67,2,0,0,2,83,0,0,
15,0,26,9,16,14,17,0,32,13,21,0,26,0,11,0,0,7,5,2,0,
16,0,14,6,16,5,15,2,20,8,12,0,26,4,11,2,7,0,3,1,0,
17,0,3,0,2,3,5,83,2,1,5,0,6,96,17,83,5,3,0,0,0,
18,12,0,0,0,0,4,0,0,0,0,12,0,0,0,0,2,1,0,0,25,
19,31,0,0,0,0,4,0,0,0,0,25,0,0,0,0,0,0,0,25,0,
0,0,0,0,64,0,9,0,0,0,0,0,0,0,0,57,0,0,0,0,0,
1,0,0,10,0,4,0,0,1,8,3,6,15,32,12,0,0,1,0,0,6,
2,0,10,0,0,4,1,4,5,10,1,13,10,13,7,0,7,14,6,9,3,
3,64,0,0,0,0,17,0,0,0,0,0,0,0,0,83,0,0,1,0,0,
4,0,4,4,0,0,0,0,0,3,9,0,5,2,1,0,0,0,0,0,11,
5,9,0,1,17,0,0,16,1,1,3,0,0,0,0,24,22,5,19,12,0,
6,0,0,4,0,0,16,0,1,2,3,0,10,2,1,0,26,6,18,21,3,
7,0,1,5,0,0,1,1,0,31,4,24,9,9,3,0,5,9,10,3,8,
8,0,8,10,0,3,1,2,31,0,3,9,13,10,7,0,6,29,3,2,0,
9,0,3,1,0,9,3,3,4,3,0,4,2,3,7,0,1,0,4,4,6,
10,0,6,13,0,0,0,0,24,9,4,0,9,7,7,0,14,15,15,4,11,
11,0,15,10,0,5,0,10,9,13,2,9,0,20,7,0,14,12,6,11,1,
12,0,32,13,0,2,0,2,9,10,3,7,20,0,7,0,2,7,2,3,3,
13,0,12,7,0,1,0,1,3,7,7,7,7,7,0,0,3,3,3,1,7,
14,57,0,0,83,0,24,0,0,0,0,0,0,0,0,0,0,0,0,0,0,
15,0,0,7,0,0,22,26,5,6,1,14,14,2,3,0,0,9,39,34,0,
16,0,1,14,0,0,5,6,9,29,0,15,12,7,3,0,9,0,8,3,0,
17,0,0,6,1,0,19,18,10,3,4,15,6,2,3,0,39,8,0,32,0,
18,0,0,9,0,0,12,21,3,2,4,4,11,3,1,0,34,3,32,0,0,
19,0,6,3,0,11,0,3,8,0,6,11,1,3,7,0,0,0,0,0,0,
0,0,6,0,0,16,0,0,20,0,31,0,0,37,9,40,24,43,0,24,66,
1,6,0,0,0,37,0,6,16,0,17,7,2,26,31,8,3,40,0,13,14,
2,0,0,0,38,15,41,46,1,1,15,6,37,0,4,0,27,0,25,0,0,
3,0,0,38,0,1,6,54,0,47,0,5,37,0,0,0,25,0,57,0,0,
4,16,37,15,1,0,22,4,13,0,44,1,9,34,41,16,0,43,9,30,26,
5,0,0,41,6,22,0,23,10,0,9,6,48,1,6,0,19,0,4,1,0,
6,0,6,46,54,4,23,0,12,1,3,4,37,0,14,0,28,0,19,3,0,
7,20,16,1,0,13,10,12,0,0,9,2,8,11,35,20,2,16,0,6,15,
8,0,0,1,47,0,0,1,0,0,0,0,2,0,0,0,0,0,46,0,0,
9,31,17,15,0,44,9,3,9,0,0,3,12,31,6,37,6,38,2,38,34,
10,0,7,6,5,1,6,4,2,0,3,0,6,0,3,2,9,1,7,0,1,
11,0,2,37,37,9,48,37,8,2,12,6,0,0,6,1,23,0,19,0,0,
12,37,26,0,0,34,1,0,11,0,31,0,0,0,8,24,16,55,0,28,48,
13,9,31,4,0,41,6,14,35,0,6,3,6,8,0,8,8,28,0,6,19,
14,40,8,0,0,16,0,0,20,0,37,2,1,24,8,0,13,45,0,24,41,
15,24,3,27,25,0,19,28,2,0,6,9,23,16,8,13,0,28,8,14,13,
16,43,40,0,0,43,0,0,16,0,38,1,0,55,28,45,28,0,0,42,65,
17,0,0,25,57,9,4,19,0,46,2,7,19,0,0,0,8,0,0,0,0,
18,24,13,0,0,30,1,3,6,0,38,0,0,28,6,24,14,42,0,0,26,
19,66,14,0,0,26,0,0,15,0,34,1,0,48,19,41,13,65,0,26,0,
0,0,11,5,8,2,3,12,0,3,8,1,1,14,17,10,10,5,5,6,16,
1,11,0,1,15,0,0,0,0,0,0,0,6,16,17,1,18,23,0,2,33,
2,5,1,0,0,18,10,40,9,30,26,14,0,4,2,0,8,2,38,41,6,
3,8,15,0,0,0,0,0,0,0,0,0,22,1,4,19,2,20,0,0,2,
4,2,0,18,0,0,21,20,4,22,24,18,0,4,2,0,1,1,20,27,0,
5,3,0,10,0,21,0,11,12,7,22,11,0,4,2,0,0,0,13,12,0,
6,12,0,40,0,20,11,0,12,17,18,24,0,4,4,0,1,0,26,41,1,
7,0,0,9,0,4,12,12,0,7,9,6,0,5,0,0,0,1,8,6,5,
8,3,0,30,0,22,7,17,7,0,24,20,0,3,0,0,0,0,26,23,0,
9,8,0,26,0,24,22,18,9,24,0,20,0,3,2,0,1,0,20,25,3,
10,1,0,14,0,18,11,24,6,20,20,0,0,1,0,0,0,1,18,17,0,
11,1,6,0,22,0,0,0,0,0,0,0,0,1,0,35,0,8,0,0,0,
12,14,16,4,1,4,4,4,5,3,3,1,1,0,13,0,10,3,6,6,19,
13,17,17,2,4,2,2,4,0,0,2,0,0,13,0,0,16,7,5,4,42,
14,10,1,0,19,0,0,0,0,0,0,0,35,0,0,0,1,5,0,0,3,
15,10,18,8,2,1,0,1,0,0,1,0,0,10,16,1,0,14,0,1,36,
16,5,23,2,20,1,0,0,1,0,0,1,8,3,7,5,14,0,4,1,3,
17,5,0,38,0,20,13,26,8,26,20,18,0,6,5,0,0,4,0,28,0,
18,6,2,41,0,27,12,41,6,23,25,17,0,6,4,0,1,1,28,0,1,
19,16,33,6,2,0,0,1,5,0,3,0,0,19,42,3,36,3,0,1,0,
