Node/Edge,1000,11799
Step/Entity,1600,20
meet_step
0,0,2,1,32,1,1,47,36,9,0,60,6,45,0,50,64,0,3,69,3,
1,2,0,6,3,11,5,1,1,2,30,0,9,0,31,2,3,14,22,4,25,
2,1,6,0,8,21,26,5,0,5,18,2,20,0,7,1,0,10,30,0,33,
3,32,3,8,0,7,7,33,11,3,0,33,4,24,1,27,40,1,3,24,7,
4,1,11,21,7,0,26,14,1,7,14,2,14,2,20,3,0,13,23,0,15,
5,1,5,26,7,26,0,4,0,11,3,1,8,4,2,1,4,5,19,0,12,
6,47,1,5,33,14,4,0,13,12,2,39,9,27,1,54,49,2,1,33,2,
7,36,1,0,11,1,0,13,0,4,1,18,2,26,1,25,46,0,1,21,0,
8,9,2,5,3,7,11,12,4,0,2,17,15,6,1,9,6,0,10,5,7,
9,0,30,18,0,14,3,2,1,2,0,0,26,0,46,0,0,40,29,0,34,
10,60,0,2,33,2,1,39,18,17,0,0,3,55,0,54,51,1,4,58,0,
11,6,9,20,4,14,8,9,2,15,26,3,0,3,23,4,3,6,33,1,31,
12,45,0,0,24,2,4,27,26,6,0,55,3,0,0,33,41,0,0,49,0,
13,0,31,7,1,20,2,1,1,1,46,0,23,0,0,1,0,51,33,4,41,
14,50,2,1,27,3,1,54,25,9,0,54,4,33,1,0,40,0,2,42,0,
15,64,3,0,40,0,4,49,46,6,0,51,3,41,0,40,0,0,0,69,0,
16,0,14,10,1,13,5,2,0,0,40,1,6,0,51,0,0,0,15,1,29,
17,3,22,30,3,23,19,1,1,10,29,4,33,0,33,2,0,15,0,0,21,
18,69,4,0,24,0,0,33,21,5,0,58,1,49,4,42,69,1,0,0,2,
19,3,25,33,7,15,12,2,0,7,34,0,31,0,41,0,0,29,21,2,0,
0,0,20,9,13,18,17,11,23,7,5,12,20,9,19,25,8,14,13,11,20,
1,20,0,48,14,2,8,1,22,11,9,29,36,27,43,19,0,20,1,1,23,
2,9,48,0,10,4,4,2,24,28,12,49,28,21,41,27,1,36,0,0,32,
3,13,14,10,0,3,9,0,21,16,11,31,16,23,27,18,4,10,1,1,24,
4,18,2,4,3,0,15,75,4,0,0,1,0,1,5,2,50,0,66,83,0,
5,17,8,4,9,15,0,16,25,4,6,5,12,3,16,13,6,3,11,7,3,
6,11,1,2,0,75,16,0,3,0,0,0,3,0,2,2,33,1,32,49,0,
7,23,22,24,21,4,25,3,0,27,8,19,28,16,39,41,2,23,0,2,18,
8,7,11,28,16,0,4,0,27,0,5,31,20,19,17,30,1,26,1,2,32,
9,5,9,12,11,0,6,0,8,5,0,20,10,16,6,6,0,19,0,0,10,
10,12,29,49,31,1,5,0,19,31,20,0,35,54,38,21,0,44,2,1,47,
11,20,36,28,16,0,12,3,28,20,10,35,0,32,40,30,1,25,1,1,27,
12,9,27,21,23,1,3,0,16,19,16,54,32,0,35,15,0,27,0,0,38,
13,19,43,41,27,5,16,2,39,17,6,38,40,35,0,27,9,29,5,3,25,
14,25,19,27,18,2,13,2,41,30,6,21,30,15,27,0,1,21,3,1,26,
15,8,0,1,4,50,6,33,2,1,0,0,1,0,9,1,0,0,34,57,0,
16,14,20,36,10,0,3,1,23,26,19,44,25,27,29,21,0,0,0,1,33,
17,13,1,0,1,66,11,32,0,1,0,2,1,0,5,3,34,0,0,50,0,
18,11,1,0,1,83,7,49,2,2,0,1,1,0,3,1,57,1,50,0,0,
19,20,23,32,24,0,3,0,18,32,10,47,27,38,25,26,0,33,0,0,0,
0,0,27,1,8,2,2,3,51,4,0,17,4,0,11,5,1,5,47,6,2,
1,27,0,2,22,1,1,6,61,6,10,22,1,1,10,11,11,9,19,2,6,
2,1,2,0,4,12,12,26,5,14,16,6,5,15,11,2,13,17,2,16,15,
3,8,22,4,0,11,8,7,43,21,4,28,9,13,26,24,33,36,23,12,12,
4,2,1,12,11,0,10,20,1,21,20,5,11,25,29,4,23,13,1,18,16,
5,2,1,12,8,10,0,43,4,14,12,5,3,21,11,6,5,8,3,12,29,
6,3,6,26,7,20,43,0,4,18,29,5,9,39,24,1,16,34,1,15,42,
7,51,61,5,43,1,4,4,0,9,0,33,1,4,11,19,16,8,44,6,6,
8,4,6,14,21,21,14,18,9,0,18,5,13,16,21,2,14,17,9,19,25,
9,0,10,16,4,20,12,29,0,18,0,9,7,22,18,2,24,19,0,13,18,
10,17,22,6,28,5,5,5,33,5,9,0,2,10,10,18,7,14,22,16,8,
11,4,1,5,9,11,3,9,1,13,7,2,0,7,7,0,8,7,1,12,13,
12,0,1,15,13,25,21,39,4,16,22,10,7,0,14,3,16,18,3,19,29,
13,11,10,11,26,29,11,24,11,21,18,10,7,14,0,3,39,10,4,18,17,
14,5,11,2,24,4,6,1,19,2,2,18,0,3,3,0,4,25,16,8,6,
15,1,11,13,33,23,5,16,16,14,24,7,8,16,39,4,0,11,1,14,14,
16,5,9,17,36,13,8,34,8,17,19,14,7,18,10,25,11,0,10,10,14,
17,47,19,2,23,1,3,1,44,9,0,22,1,3,4,16,1,10,0,4,0,
18,6,2,16,12,18,12,15,6,19,13,16,12,19,18,8,14,10,4,0,23,
19,2,6,15,12,16,29,42,6,25,18,8,13,29,17,6,14,14,0,23,0,
0,0,0,14,1,0,1,69,7,66,57,15,0,1,1,96,2,1,1,7,4,
1,0,0,0,4,24,0,0,1,0,0,9,15,9,4,0,2,14,8,4,8,
2,14,0,0,15,1,13,21,13,33,17,4,13,14,5,30,12,5,18,16,12,
3,1,4,15,0,8,30,3,16,2,5,17,6,22,15,5,28,9,26,3,16,
4,0,24,1,8,0,4,0,3,2,1,11,13,13,9,1,8,7,9,14,5,
5,1,0,13,30,4,0,3,42,4,12,9,9,25,14,1,25,18,17,13,23,
6,69,0,21,3,0,3,0,9,73,63,17,0,0,0,87,1,0,0,3,13,
7,7,1,13,16,3,42,9,0,8,7,16,5,18,12,5,12,15,9,2,9,
8,66,0,33,2,2,4,73,8,0,72,17,2,8,2,89,6,0,5,19,5,
9,57,0,17,5,1,12,63,7,72,0,13,2,5,4,53,11,1,1,17,15,
10,15,9,4,17,11,9,17,16,17,13,0,17,12,6,17,17,9,16,6,3,
11,0,15,13,6,13,9,0,5,2,2,17,0,26,19,0,14,25,19,27,19,
12,1,9,14,22,13,25,0,18,8,5,12,26,0,36,1,30,28,54,24,21,
13,1,4,5,15,9,14,0,12,2,4,6,19,36,0,0,30,25,32,13,20,
14,96,0,30,5,1,1,87,5,89,53,17,0,1,0,0,2,2,2,8,9,
15,2,2,12,28,8,25,1,12,6,11,17,14,30,30,2,0,22,37,20,8,
16,1,14,5,9,7,18,0,15,0,1,9,25,28,25,2,22,0,26,30,25,
17,1,8,18,26,9,17,0,9,5,1,16,19,54,32,2,37,26,0,24,20,
18,7,4,16,3,14,13,3,2,19,17,6,27,24,13,8,20,30,24,0,29,
19,4,8,12,16,5,23,13,9,5,15,3,19,21,20,9,8,25,20,29,0,
0,0,1,0,7,0,4,46,0,2,0,1,0,0,0,1,0,0,0,38,13,
1,1,0,31,6,31,19,5,14,6,14,27,28,2,31,35,47,55,6,4,12,
2,0,31,0,3,39,24,1,17,5,34,23,51,2,38,52,44,62,8,0,16,
3,7,6,3,0,2,17,5,3,39,1,17,3,0,3,4,0,6,1,15,11,
4,0,31,39,2,0,24,2,19,6,37,30,45,4,37,39,43,61,3,0,9,
5,4,19,24,17,24,0,2,6,4,15,24,30,5,9,19,27,28,0,8,8,
6,46,5,1,5,2,2,0,0,10,0,1,0,0,0,1,2,1,0,31,31,
7,0,14,17,3,19,6,0,0,10,18,16,24,3,22,23,12,30,2,0,3,
8,2,6,5,39,6,4,10,10,0,19,29,20,1,10,25,18,24,2,9,14,
9,0,14,34,1,37,15,0,18,19,0,26,47,21,27,34,36,39,24,0,6,
10,1,27,23,17,30,24,1,16,29,26,0,53,0,51,38,32,49,2,7,5,
11,0,28,51,3,45,30,0,24,20,47,53,0,11,46,53,46,53,6,0,14,
12,0,2,2,0,4,5,0,3,1,21,0,11,0,10,5,8,0,32,0,1,
13,0,31,38,3,37,9,0,22,10,27,51,46,10,0,40,35,50,10,0,6,
14,1,35,52,4,39,19,1,23,25,34,38,53,5,40,0,44,62,3,1,5,
15,0,47,44,0,43,27,2,12,18,36,32,46,8,35,44,0,69,3,0,9,
16,0,55,62,6,61,28,1,30,24,39,49,53,0,50,62,69,0,2,0,16,
17,0,6,8,1,3,0,0,2,2,24,2,6,32,10,3,3,2,0,0,0,
18,38,4,0,15,0,8,31,0,9,0,7,0,0,0,1,0,0,0,0,17,
19,13,12,16,11,9,8,31,3,14,6,5,14,1,6,5,9,16,0,17,0,
0,0,10,62,6,2,2,0,1,3,1,17,36,3,7,13,1,3,16,5,7,
1,10,0,1,8,27,21,18,20,13,19,16,6,23,2,28,11,22,16,15,9,
2,62,1,0,7,0,0,0,1,0,1,17,31,0,25,4,2,0,8,0,3,
3,6,8,7,0,21,19,10,10,5,7,27,10,21,7,22,11,8,17,13,8,
4,2,27,0,21,0,59,38,26,43,36,3,0,57,0,43,22,64,14,71,57,
5,2,21,0,19,59,0,28,42,37,33,3,0,44,0,25,13,32,6,67,28,
6,0,18,0,10,38,28,0,27,34,22,3,0,30,0,14,9,39,8,42,33,
7,1,20,1,10,26,42,27,0,41,34,12,4,27,5,13,6,29,5,38,11,
8,3,13,0,5,43,37,34,41,0,33,3,0,25,0,8,9,26,4,51,30,
9,1,19,1,7,36,33,22,34,33,0,11,2,33,2,18,23,29,14,42,27,
10,17,16,17,27,3,3,3,12,3,11,0,19,3,6,19,5,1,42,1,18,
11,36,6,31,10,0,0,0,4,0,2,19,0,0,40,4,4,3,4,0,1,
12,3,23,0,21,57,44,30,27,25,33,3,0,0,0,35,12,38,15,48,33,
13,7,2,25,7,0,0,0,5,0,2,6,40,0,0,1,13,0,2,1,0,
14,13,28,4,22,43,25,14,13,8,18,19,4,35,1,0,20,19,29,24,32,
15,1,11,2,11,22,13,9,6,9,23,5,4,12,13,20,0,18,12,22,18,
16,3,22,0,8,64,32,39,29,26,29,1,3,38,0,19,18,0,14,55,58,
17,16,16,8,17,14,6,8,5,4,14,42,4,15,2,29,12,14,0,7,16,
18,5,15,0,13,71,67,42,38,51,42,1,0,48,1,24,22,55,7,0,35,
19,7,9,3,8,57,28,33,11,30,27,18,1,33,0,32,18,58,16,35,0,
0,0,1,91,16,0,0,1,0,5,0,14,0,2,7,1,7,0,0,0,15,
1,1,0,0,4,13,19,20,13,3,8,4,14,29,2,5,24,4,26,10,0,
2,91,0,0,3,0,0,0,2,4,0,8,0,0,7,1,0,0,0,0,37,
3,16,4,3,0,8,8,3,3,56,1,73,6,4,48,14,8,17,5,6,33,
4,0,13,0,8,0,25,38,16,5,32,7,30,31,3,17,29,4,10,30,3,
5,0,19,0,8,25,0,16,18,8,14,7,13,24,7,23,22,10,20,24,11,
6,1,20,0,3,38,16,0,6,0,37,4,48,39,0,46,41,20,5,48,0,
7,0,13,2,3,16,18,6,0,7,10,3,25,14,4,9,6,2,5,8,2,
8,5,3,4,56,5,8,0,7,0,2,50,7,4,35,13,5,14,3,1,40,
9,0,8,0,1,32,14,37,10,2,0,2,28,21,1,18,16,4,12,23,1,
10,14,4,8,73,7,7,4,3,50,2,0,4,3,48,21,6,12,6,4,39,
11,0,14,0,6,30,13,48,25,7,28,4,0,45,4,43,28,14,22,44,4,
12,2,29,0,4,31,24,39,14,4,21,3,45,0,5,19,26,17,10,30,1,
13,7,2,7,48,3,7,0,4,35,1,48,4,5,0,21,2,25,3,2,27,
14,1,5,1,14,17,23,46,9,13,18,21,43,19,21,0,16,26,8,32,13,
15,7,24,0,8,29,22,41,6,5,16,6,28,26,2,16,0,11,8,49,2,
16,0,4,0,17,4,10,20,2,14,4,12,14,17,25,26,11,0,5,27,10,
17,0,26,0,5,10,20,5,5,3,12,6,22,10,3,8,8,5,0,7,7,
18,0,10,0,6,30,24,48,8,1,23,4,44,30,2,32,49,27,7,0,4,
19,15,0,37,33,3,11,0,2,40,1,39,4,1,27,13,2,10,7,4,0,
0,0,49,2,43,29,0,24,15,26,55,0,54,0,66,11,38,23,36,22,7,
1,49,0,3,16,15,0,11,10,9,26,1,19,1,20,7,12,14,14,11,2,
2,2,3,0,2,1,58,3,0,1,6,47,10,18,7,12,1,3,8,3,7,
3,43,16,2,0,28,1,14,9,24,37,1,34,1,36,10,18,16,32,16,33,
4,29,15,1,28,0,0,23,7,14,20,1,26,2,29,9,18,22,17,13,3,
5,0,0,58,1,0,0,7,0,0,0,61,0,23,0,1,0,0,0,0,9,
6,24,11,3,14,23,7,0,13,10,20,3,22,19,33,8,24,15,10,12,15,
7,15,10,0,9,7,0,13,0,2,4,0,8,0,17,3,13,12,4,3,2,
8,26,9,1,24,14,0,10,2,0,27,2,35,6,38,8,9,20,16,21,10,
9,55,26,6,37,20,0,20,4,27,0,0,47,0,43,11,26,19,38,27,16,
10,0,1,47,1,1,61,3,0,2,0,0,0,21,0,0,0,0,0,0,2,
11,54,19,10,34,26,0,22,8,35,47,0,0,2,43,17,28,23,41,23,5,
12,0,1,18,1,2,23,19,0,6,0,21,2,0,1,4,0,1,0,3,17,
13,66,20,7,36,29,0,33,17,38,43,0,43,1,0,18,26,26,39,40,10,
14,11,7,12,10,9,1,8,3,8,11,0,17,4,18,0,7,9,17,12,16,
15,38,12,1,18,18,0,24,13,9,26,0,28,0,26,7,0,11,26,11,3,
16,23,14,3,16,22,0,15,12,20,19,0,23,1,26,9,11,0,10,11,8,
17,36,14,8,32,17,0,10,4,16,38,0,41,0,39,17,26,10,0,34,28,
18,22,11,3,16,13,0,12,3,21,27,0,23,3,40,12,11,11,34,0,18,
19,7,2,7,33,3,9,15,2,10,16,2,5,17,10,16,3,8,28,18,0,
0,0,20,29,5,4,5,27,16,1,11,0,0,32,32,16,7,0,20,33,7,
1,20,0,40,10,31,12,22,11,4,24,0,0,24,21,20,21,0,8,17,10,
2,29,40,0,16,27,14,19,13,10,44,3,0,31,13,19,18,0,23,27,17,
3,5,10,16,0,38,14,5,0,8,25,8,1,3,0,4,20,7,4,2,28,
4,4,31,27,38,0,27,5,7,22,50,2,0,16,4,15,44,4,6,10,35,
5,5,12,14,14,27,0,6,6,10,32,2,4,8,9,4,12,3,10,7,24,
6,27,22,19,5,5,6,0,10,9,10,3,3,18,18,10,8,3,14,25,3,
7,16,11,13,0,7,6,10,0,1,6,0,0,13,12,10,3,0,12,10,2,
8,1,4,10,8,22,10,9,1,0,13,28,12,5,2,9,17,22,1,2,13,
9,11,24,44,25,50,32,10,6,13,0,2,0,19,6,17,34,4,9,11,17,
10,0,0,3,8,2,2,3,0,28,2,0,34,0,2,0,7,45,0,0,10,
11,0,0,0,1,0,4,3,0,12,0,34,0,1,1,0,2,51,0,0,10,
12,32,24,31,3,16,8,18,13,5,19,0,1,0,22,15,5,1,11,28,4,
13,32,21,13,0,4,9,18,12,2,6,2,1,22,0,10,3,0,24,31,11,
14,16,20,19,4,15,4,10,10,9,17,0,0,15,10,0,11,2,11,23,4,
15,7,21,18,20,44,12,8,3,17,34,7,2,5,3,11,0,5,2,6,25,
16,0,0,0,7,4,3,3,0,22,4,45,51,1,0,2,5,0,0,0,16,
17,20,8,23,4,6,10,14,12,1,9,0,0,11,24,11,2,0,0,17,1,
18,33,17,27,2,10,7,25,10,2,11,0,0,28,31,23,6,0,17,0,6,
19,7,10,17,28,35,24,3,2,13,17,10,10,4,11,4,25,16,1,6,0,
0,0,31,33,34,30,48,28,4,7,44,46,9,5,48,4,39,23,17,7,56,
1,31,0,11,19,11,15,12,6,1,24,38,10,22,25,13,28,8,16,4,29,
2,33,11,0,28,30,37,30,8,7,32,29,25,0,25,3,10,27,20,8,31,
3,34,19,28,0,19,33,22,13,7,28,32,26,7,33,2,24,21,10,12,31,
4,30,11,30,19,0,32,36,11,20,27,26,21,0,34,1,8,28,11,24,36,
5,48,15,37,33,32,0,30,2,0,41,38,22,16,43,18,35,23,11,3,53,
6,28,12,30,22,36,30,0,11,14,23,31,16,2,17,2,4,17,21,10,25,
7,4,6,8,13,11,2,11,0,20,3,4,5,0,19,0,4,7,10,21,1,
8,7,1,7,7,20,0,14,20,0,2,0,2,0,13,0,1,6,26,25,2,
9,44,24,32,28,27,41,23,3,2,0,53,16,4,25,6,39,19,15,5,50,
10,46,38,29,32,26,38,31,4,0,53,0,5,25,16,13,23,18,6,4,47,
11,9,10,25,26,21,22,16,5,2,16,5,0,5,37,3,22,27,5,7,12,
12,5,22,0,7,0,16,2,0,0,4,25,5,0,7,42,12,9,0,1,4,
13,48,25,25,33,34,43,17,19,13,25,16,37,7,0,4,23,37,3,12,42,
14,4,13,3,2,1,18,2,0,0,6,13,3,42,4,0,5,3,0,0,5,
15,39,28,10,24,8,35,4,4,1,39,23,22,12,23,5,0,16,11,2,34,
16,23,8,27,21,28,23,17,7,6,19,18,27,9,37,3,16,0,12,8,24,
17,17,16,20,10,11,11,21,10,26,15,6,5,0,3,0,11,12,0,10,10,
18,7,4,8,12,24,3,10,21,25,5,4,7,1,12,0,2,8,10,0,7,
19,56,29,31,31,36,53,25,1,2,50,47,12,4,42,5,34,24,10,7,0,
0,0,55,5,25,43,57,49,33,26,1,27,6,36,41,70,59,52,12,52,24,
1,55,0,0,16,28,53,26,29,25,0,18,2,32,24,52,34,61,12,48,22,
2,5,0,0,8,0,0,2,0,19,27,6,14,1,0,0,0,0,9,1,9,
3,25,16,8,0,13,24,15,25,43,18,22,8,21,28,38,28,29,15,22,19,
4,43,28,0,13,0,47,23,19,20,0,13,8,23,31,30,38,46,19,42,13,
5,57,53,0,24,47,0,52,36,26,0,23,7,36,25,44,36,55,12,56,26,
6,49,26,2,15,23,52,0,21,15,2,14,8,31,15,33,29,41,8,54,16,
7,33,29,0,25,19,36,21,0,37,1,22,10,21,45,38,27,31,24,23,21,
8,26,25,19,43,20,26,15,37,0,4,19,11,20,30,45,33,32,13,19,20,
9,1,0,27,18,0,0,2,1,4,0,1,8,0,1,0,0,2,7,0,13,
10,27,18,6,22,13,23,14,22,19,1,0,9,17,20,23,28,21,21,25,25,
11,6,2,14,8,8,7,8,10,11,8,9,0,4,12,4,14,8,7,8,6,
12,36,32,1,21,23,36,31,21,20,0,17,4,0,21,27,33,48,19,36,15,
13,41,24,0,28,31,25,15,45,30,1,20,12,21,0,32,24,30,28,22,29,
14,70,52,0,38,30,44,33,38,45,0,23,4,27,32,0,55,59,15,44,26,
15,59,34,0,28,38,36,29,27,33,0,28,14,33,24,55,0,59,16,49,21,
16,52,61,0,29,46,55,41,31,32,2,21,8,48,30,59,59,0,16,58,21,
17,12,12,9,15,19,12,8,24,13,7,21,7,19,28,15,16,16,0,22,18,
18,52,48,1,22,42,56,54,23,19,0,25,8,36,22,44,49,58,22,0,25,
19,24,22,9,19,13,26,16,21,20,13,25,6,15,29,26,21,21,18,25,0,
0,0,1,2,1,2,0,0,0,0,64,2,2,0,63,0,68,1,3,2,18,
1,1,0,16,41,28,24,21,19,27,6,21,40,21,0,29,4,4,9,11,8,
2,2,16,0,29,12,19,6,9,10,1,9,12,10,2,5,1,5,14,6,3,
3,1,41,29,0,41,26,31,23,31,0,23,53,25,2,30,0,9,15,15,12,
4,2,28,12,41,0,31,29,19,33,1,41,22,23,0,24,1,12,7,17,13,
5,0,24,19,26,31,0,24,15,34,0,23,44,31,0,24,2,10,7,15,13,
6,0,21,6,31,29,24,0,24,24,0,28,34,23,0,16,0,18,9,18,15,
7,0,19,9,23,19,15,24,0,30,0,29,33,20,0,20,0,12,2,22,21,
8,0,27,10,31,33,34,24,30,0,2,34,43,27,0,24,1,12,14,24,18,
9,64,6,1,0,1,0,0,0,2,0,1,0,0,47,0,38,0,0,0,11,
10,2,21,9,23,41,23,28,29,34,1,0,46,16,0,33,0,14,10,17,19,
11,2,40,12,53,22,44,34,33,43,0,46,0,32,0,49,0,17,11,26,27,
12,0,21,10,25,23,31,23,20,27,0,16,32,0,0,23,0,7,3,24,10,
13,63,0,2,2,0,0,0,0,0,47,0,0,0,0,0,48,0,1,2,10,
14,0,29,5,30,24,24,16,20,24,0,33,49,23,0,0,0,16,11,20,11,
15,68,4,1,0,1,2,0,0,1,38,0,0,0,48,0,0,1,2,0,9,
16,1,4,5,9,12,10,18,12,12,0,14,17,7,0,16,1,0,7,13,8,
17,3,9,14,15,7,7,9,2,14,0,10,11,3,1,11,2,7,0,16,8,
18,2,11,6,15,17,15,18,22,24,0,17,26,24,2,20,0,13,16,0,23,
19,18,8,3,12,13,13,15,21,18,11,19,27,10,10,11,9,8,8,23,0,
0,0,0,4,29,30,0,38,16,17,17,0,0,1,4,1,0,0,0,10,9,
1,0,0,1,0,0,55,0,0,0,0,48,84,67,16,1,20,33,55,0,2,
2,4,1,0,0,5,2,2,0,9,8,4,1,3,9,31,5,10,6,7,8,
3,29,0,0,0,26,0,17,11,33,25,0,0,0,0,7,0,0,0,21,23,
4,30,0,5,26,0,0,20,21,13,18,0,0,0,0,2,0,3,0,20,16,
5,0,55,2,0,0,0,0,0,3,0,54,70,53,47,2,60,26,64,0,1,
6,38,0,2,17,20,0,0,27,6,10,0,0,0,0,4,0,1,0,9,5,
7,16,0,0,11,21,0,27,0,24,7,0,0,0,0,7,0,2,0,7,33,
8,17,0,9,33,13,3,6,24,0,13,0,0,2,9,10,5,2,0,15,45,
9,17,0,8,25,18,0,10,7,13,0,2,0,4,1,27,3,6,5,9,11,
10,0,48,4,0,0,54,0,0,0,2,0,64,42,29,1,37,22,56,0,4,
11,0,84,1,0,0,70,0,0,0,0,64,0,80,22,3,37,31,56,0,1,
12,1,67,3,0,0,53,0,0,2,4,42,80,0,22,0,44,35,83,1,1,
13,4,16,9,0,0,47,0,0,9,1,29,22,22,0,18,45,15,37,1,8,
14,1,1,31,7,2,2,4,7,10,27,1,3,0,18,0,4,30,3,34,14,
15,0,20,5,0,0,60,0,0,5,3,37,37,44,45,4,0,20,45,1,9,
16,0,33,10,0,3,26,1,2,2,6,22,31,35,15,30,20,0,43,16,6,
17,0,55,6,0,0,64,0,0,0,5,56,56,83,37,3,45,43,0,0,4,
18,10,0,7,21,20,0,9,7,15,9,0,0,1,1,34,1,16,0,0,22,
19,9,2,8,23,16,1,5,33,45,11,4,1,1,8,14,9,6,4,22,0,
0,0,10,8,0,5,6,13,6,4,8,10,16,8,7,8,22,19,10,15,11,
1,10,0,12,0,14,15,11,12,4,10,8,7,17,21,25,12,7,10,18,8,
2,8,12,0,3,6,4,7,6,2,31,24,12,2,2,4,8,17,29,1,25,
3,0,0,3,0,0,0,0,0,0,9,2,15,0,0,2,0,2,6,0,0,
4,5,14,6,0,0,63,37,62,36,0,0,25,62,60,34,4,1,0,32,0,
5,6,15,4,0,63,0,52,51,35,1,0,8,55,55,39,6,1,2,39,2,
6,13,11,7,0,37,52,0,37,38,2,1,3,47,40,26,0,4,1,35,4,
7,6,12,6,0,62,51,37,0,51,0,0,19,53,69,38,10,4,0,38,0,
8,4,4,2,0,36,35,38,51,0,1,7,22,41,42,6,15,7,1,21,2,
9,8,10,31,9,0,1,2,0,1,0,14,25,0,0,6,2,23,39,4,27,
10,10,8,24,2,0,0,1,0,7,14,0,13,0,0,1,9,22,22,1,9,
11,16,7,12,15,25,8,3,19,22,25,13,0,17,25,3,32,11,18,11,6,
12,8,17,2,0,62,55,47,53,41,0,0,17,0,60,39,8,1,0,46,2,
13,7,21,2,0,60,55,40,69,42,0,0,25,60,0,28,12,1,1,44,0,
14,8,25,4,2,34,39,26,38,6,6,1,3,39,28,0,9,1,5,33,2,
15,22,12,8,0,4,6,0,10,15,2,9,32,8,12,9,0,12,8,20,7,
16,19,7,17,2,1,1,4,4,7,23,22,11,1,1,1,12,0,15,1,22,
17,10,10,29,6,0,2,1,0,1,39,22,18,0,1,5,8,15,0,1,24,
18,15,18,1,0,32,39,35,38,21,4,1,11,46,44,33,20,1,1,0,1,
19,11,8,25,0,0,2,4,0,2,27,9,6,2,0,2,7,22,24,1,0,
0,0,6,52,16,34,0,32,7,43,55,38,48,51,54,29,0,60,0,1,33,
1,6,0,8,25,4,33,7,23,8,9,6,5,4,4,18,43,4,48,35,1,
2,52,8,0,32,34,0,45,17,29,49,42,35,44,53,20,1,50,0,0,22,
3,16,25,32,0,14,12,10,18,9,42,30,14,26,13,25,17,21,14,13,11,
4,34,4,34,14,0,0,24,13,33,34,25,38,45,33,20,1,43,0,0,20,
5,0,33,0,12,0,0,2,16,0,1,1,0,0,0,17,73,0,98,58,0,
6,32,7,45,10,24,2,0,9,36,49,20,40,45,33,27,2,50,0,1,31,
7,7,23,17,18,13,16,9,0,13,21,11,9,7,11,36,22,17,20,33,4,
8,43,8,29,9,33,0,36,13,0,28,24,33,50,34,15,0,36,0,0,15,
9,55,9,49,42,34,1,49,21,28,0,57,59,75,48,32,1,67,0,0,25,
10,38,6,42,30,25,1,20,11,24,57,0,37,40,50,28,3,46,0,1,26,
11,48,5,35,14,38,0,40,9,33,59,37,0,63,59,26,0,40,0,1,28,
12,51,4,44,26,45,0,45,7,50,75,40,63,0,51,34,1,66,2,3,40,
13,54,4,53,13,33,0,33,11,34,48,50,59,51,0,26,0,43,0,0,29,
14,29,18,20,25,20,17,27,36,15,32,28,26,34,26,0,16,23,8,15,17,
15,0,43,1,17,1,73,2,22,0,1,3,0,1,0,16,0,4,93,72,0,
16,60,4,50,21,43,0,50,17,36,67,46,40,66,43,23,4,0,2,3,26,
17,0,48,0,14,0,98,0,20,0,0,0,0,2,0,8,93,2,0,75,0,
18,1,35,0,13,0,58,1,33,0,0,1,1,3,0,15,72,3,75,0,0,
19,33,1,22,11,20,0,31,4,15,25,26,28,40,29,17,0,26,0,0,0,
0,0,3,1,1,0,49,58,6,1,37,2,0,15,20,0,46,14,1,17,0,
1,3,0,19,36,22,4,5,5,40,3,33,29,9,17,27,2,13,26,10,16,
2,1,19,0,41,22,0,3,7,32,1,39,35,5,36,29,3,18,36,6,17,
3,1,36,41,0,29,3,4,8,54,2,57,76,11,32,65,2,33,86,6,46,
4,0,22,22,29,0,0,2,1,22,0,34,23,5,13,31,0,7,29,7,13,
5,49,4,0,3,0,0,48,12,0,53,2,0,13,14,1,47,2,1,14,1,
6,58,5,3,4,2,48,0,11,5,54,10,0,9,21,1,48,11,4,17,3,
7,6,5,7,8,1,12,11,0,1,12,4,4,4,10,2,19,4,8,8,0,
8,1,40,32,54,22,0,5,1,0,0,49,56,21,35,48,0,16,56,12,32,
9,37,3,1,2,0,53,54,12,0,0,1,0,11,22,2,65,12,0,27,0,
10,2,33,39,57,34,2,10,4,49,1,0,45,28,33,47,2,34,52,6,34,
11,0,29,35,76,23,0,0,4,56,0,45,0,9,37,41,3,25,66,7,39,
12,15,9,5,11,5,13,9,4,21,11,28,9,0,10,23,15,3,17,7,9,
13,20,17,36,32,13,14,21,10,35,22,33,37,10,0,31,24,42,33,12,26,
14,0,27,29,65,31,1,1,2,48,2,47,41,23,31,0,3,13,52,5,25,
15,46,2,3,2,0,47,48,19,0,65,2,3,15,24,3,0,11,1,20,0,
16,14,13,18,33,7,2,11,4,16,12,34,25,3,42,13,11,0,33,2,11,
17,1,26,36,86,29,1,4,8,56,0,52,66,17,33,52,1,33,0,3,34,
18,17,10,6,6,7,14,17,8,12,27,6,7,7,12,5,20,2,3,0,0,
19,0,16,17,46,13,1,3,0,32,0,34,39,9,26,25,0,11,34,0,0,
0,0,11,5,1,8,56,4,8,4,37,7,34,1,13,8,9,11,1,10,5,
1,11,0,27,6,10,26,0,14,2,12,24,9,5,29,1,30,29,4,19,17,
2,5,27,0,26,9,6,3,6,1,13,30,1,31,3,0,19,22,27,27,15,
3,1,6,26,0,18,6,0,12,0,2,16,4,42,5,0,4,9,40,9,12,
4,8,10,9,18,0,15,1,9,0,9,7,3,23,6,0,17,16,28,4,14,
5,56,26,6,6,15,0,3,18,2,33,8,33,2,21,10,19,25,2,14,12,
6,4,0,3,0,1,3,0,0,81,3,2,8,0,2,52,0,0,0,3,0,
7,8,14,6,12,9,18,0,0,0,8,12,13,7,19,1,9,13,4,5,14,
8,4,2,1,0,0,2,81,0,0,6,0,3,0,0,61,1,1,0,0,0,
9,37,12,13,2,9,33,3,8,6,0,10,19,4,15,8,14,21,0,29,15,
10,7,24,30,16,7,8,2,12,0,10,0,6,21,8,1,22,30,17,22,18,
11,34,9,1,4,3,33,8,13,3,19,6,0,2,8,17,11,7,1,7,5,
12,1,5,31,42,23,2,0,7,0,4,21,2,0,1,0,11,7,54,14,8,
13,13,29,3,5,6,21,2,19,0,15,8,8,1,0,3,8,19,4,20,21,
14,8,1,0,0,0,10,52,1,61,8,1,17,0,3,0,2,4,0,2,1,
15,9,30,19,4,17,19,0,9,1,14,22,11,11,8,2,0,32,11,28,16,
16,11,29,22,9,16,25,0,13,1,21,30,7,7,19,4,32,0,14,42,26,
17,1,4,27,40,28,2,0,4,0,0,17,1,54,4,0,11,14,0,13,3,
18,10,19,27,9,4,14,3,5,0,29,22,7,14,20,2,28,42,13,0,21,
19,5,17,15,12,14,12,0,14,0,15,18,5,8,21,1,16,26,3,21,0,
0,0,16,3,56,0,74,8,6,2,3,0,4,29,1,1,57,3,7,4,4,
1,16,0,12,39,0,32,34,21,0,9,0,14,48,0,9,33,0,16,18,3,
2,3,12,0,5,5,23,36,49,2,40,0,57,6,0,3,5,1,53,36,24,
3,56,39,5,0,0,68,4,19,0,4,0,11,61,0,16,67,0,6,2,0,
4,0,0,5,0,0,0,0,3,14,9,12,2,1,8,1,0,1,6,8,1,
5,74,32,23,68,0,0,4,14,1,0,0,6,67,0,6,80,0,8,6,5,
6,8,34,36,4,0,4,0,32,0,19,0,30,15,2,7,6,2,59,27,10,
7,6,21,49,19,3,14,32,0,1,19,3,23,26,2,20,19,0,36,26,3,
8,2,0,2,0,14,1,0,1,0,17,35,0,0,29,18,0,12,0,0,20,
9,3,9,40,4,9,0,19,19,17,0,12,30,6,10,0,0,10,31,29,2,
10,0,0,0,0,12,0,0,3,35,12,0,0,1,18,2,0,14,0,2,6,
11,4,14,57,11,2,6,30,23,0,30,0,0,19,2,5,11,2,46,23,22,
12,29,48,6,61,1,67,15,26,0,6,1,19,0,0,7,54,0,9,8,1,
13,1,0,0,0,8,0,2,2,29,10,18,2,0,0,3,0,5,0,1,1,
14,1,9,3,16,1,6,7,20,18,0,2,5,7,3,0,16,2,11,7,39,
15,57,33,5,67,0,80,6,19,0,0,0,11,54,0,16,0,0,3,4,2,
16,3,0,1,0,1,0,2,0,12,10,14,2,0,5,2,0,0,0,2,5,
17,7,16,53,6,6,8,59,36,0,31,0,46,9,0,11,3,0,0,59,24,
18,4,18,36,2,8,6,27,26,0,29,2,23,8,1,7,4,2,59,0,19,
19,4,3,24,0,1,5,10,3,20,2,6,22,1,1,39,2,5,24,19,0,
0,0,1,24,4,12,45,28,39,8,20,19,17,41,4,26,25,6,13,41,0,
1,1,0,4,19,19,1,2,1,0,2,10,37,0,10,1,27,20,26,0,16,
2,24,4,0,9,5,38,45,48,20,34,30,3,53,7,52,17,0,4,51,0,
3,4,19,9,0,9,0,6,8,7,7,2,19,7,13,13,9,31,14,4,12,
4,12,19,5,9,0,6,8,2,11,13,18,13,2,14,4,33,10,18,2,2,
5,45,1,38,0,6,0,38,49,17,26,34,4,39,6,40,10,0,9,59,0,
6,28,2,45,6,8,38,0,40,20,21,23,5,40,9,44,10,2,5,54,2,
7,39,1,48,8,2,49,40,0,25,22,19,3,36,5,35,6,0,9,51,0,
8,8,0,20,7,11,17,20,25,0,30,20,5,15,13,26,14,2,7,21,1,
9,20,2,34,7,13,26,21,22,30,0,11,12,18,10,27,11,2,6,18,0,
10,19,10,30,2,18,34,23,19,20,11,0,11,9,11,32,32,3,11,20,5,
11,17,37,3,19,13,4,5,3,5,12,11,0,1,15,6,33,16,19,2,12,
12,41,0,53,7,2,39,40,36,15,18,9,1,0,2,24,5,0,8,59,1,
13,4,10,7,13,14,6,9,5,13,10,11,15,2,0,5,21,32,15,3,8,
14,26,1,52,13,4,40,44,35,26,27,32,6,24,5,0,10,0,12,41,0,
15,25,27,17,9,33,10,10,6,14,11,32,33,5,21,10,0,14,15,6,1,
16,6,20,0,31,10,0,2,0,2,2,3,16,0,32,0,14,0,48,1,14,
17,13,26,4,14,18,9,5,9,7,6,11,19,8,15,12,15,48,0,7,14,
18,41,0,51,4,2,59,54,51,21,18,20,2,59,3,41,6,1,7,0,1,
19,0,16,0,12,2,0,2,0,1,0,5,12,1,8,0,1,14,14,1,0,
0,0,0,30,30,2,25,34,3,12,20,0,10,5,15,38,15,28,0,5,30,
1,0,0,7,0,22,1,0,15,28,2,19,17,21,11,0,23,0,41,9,0,
2,30,7,0,17,12,1,21,7,41,7,3,22,3,9,46,23,7,5,8,28,
3,30,0,17,0,1,46,51,1,5,48,0,8,16,23,23,5,61,1,12,67,
4,2,22,12,1,0,2,1,10,17,6,31,14,10,5,2,7,0,22,4,0,
5,25,1,1,46,2,0,40,4,10,45,0,11,13,34,5,5,64,2,12,38,
6,34,0,21,51,1,40,0,0,1,31,0,3,8,20,13,3,50,0,2,63,
7,3,15,7,1,10,4,0,0,30,6,17,7,24,9,7,20,0,14,11,3,
8,12,28,41,5,17,10,1,30,0,6,12,16,30,31,30,49,6,23,26,8,
9,20,2,7,48,6,45,31,6,6,0,0,13,3,30,12,16,45,0,14,46,
10,0,19,3,0,31,0,0,17,12,0,0,7,14,4,0,9,1,30,7,0,
11,10,17,22,8,14,11,3,7,16,13,7,0,7,13,11,6,2,7,18,11,
12,5,21,3,16,10,13,8,24,30,3,14,7,0,12,19,23,16,21,6,6,
13,15,11,9,23,5,34,20,9,31,30,4,13,12,0,8,17,19,3,13,21,
14,38,0,46,23,2,5,13,7,30,12,0,11,19,8,0,15,16,3,9,43,
15,15,23,23,5,7,5,3,20,49,16,9,6,23,17,15,0,8,22,6,13,
16,28,0,7,61,0,64,50,0,6,45,1,2,16,19,16,8,0,0,4,51,
17,0,41,5,1,22,2,0,14,23,0,30,7,21,3,3,22,0,0,9,0,
18,5,9,8,12,4,12,2,11,26,14,7,18,6,13,9,6,4,9,0,7,
19,30,0,28,67,0,38,63,3,8,46,0,11,6,21,43,13,51,0,7,0,
0,0,12,3,8,7,21,30,17,1,58,30,39,10,26,27,3,43,32,2,14,
1,12,0,1,30,0,7,0,4,0,10,27,6,1,17,2,0,31,28,0,26,
2,3,1,0,6,17,6,30,12,28,10,6,4,21,5,13,38,3,1,23,0,
3,8,30,6,0,2,17,2,18,9,8,19,22,4,8,4,6,7,32,17,42,
4,7,0,17,2,0,5,25,0,20,2,1,6,17,0,4,25,0,0,24,0,
5,21,7,6,17,5,0,12,9,4,23,33,21,17,17,17,2,17,9,3,6,
6,30,0,30,2,25,12,0,3,18,17,4,14,12,7,14,17,7,6,18,0,
7,17,4,12,18,0,9,3,0,8,31,16,23,5,13,8,11,5,6,18,6,
8,1,0,28,9,20,4,18,8,0,3,0,1,15,3,3,41,4,5,34,2,
9,58,10,10,8,2,23,17,31,3,0,42,36,4,39,35,0,33,18,6,4,
10,30,27,6,19,1,33,4,16,0,42,0,56,6,45,19,4,16,12,2,6,
11,39,6,4,22,6,21,14,23,1,36,56,0,1,31,18,2,14,14,3,10,
12,10,1,21,4,17,17,12,5,15,4,6,1,0,6,10,20,6,3,13,3,
13,26,17,5,8,0,17,7,13,3,39,45,31,6,0,18,1,18,8,2,10,
14,27,2,13,4,4,17,14,8,3,35,19,18,10,18,0,7,16,5,11,3,
15,3,0,38,6,25,2,17,11,41,0,4,2,20,1,7,0,0,0,37,0,
16,43,31,3,7,0,17,7,5,4,33,16,14,6,18,16,0,0,24,0,9,
17,32,28,1,32,0,9,6,6,5,18,12,14,3,8,5,0,24,0,1,32,
18,2,0,23,17,24,3,18,18,34,6,2,3,13,2,11,37,0,1,0,0,
19,14,26,0,42,0,6,0,6,2,4,6,10,3,10,3,0,9,32,0,0,
0,0,33,14,7,1,0,11,26,18,2,2,17,10,15,0,20,30,5,18,1,
1,33,0,9,3,3,0,11,18,13,1,9,21,12,18,0,23,22,8,10,7,
2,14,9,0,11,0,0,3,19,18,2,4,21,10,9,0,4,32,14,9,0,
3,7,3,11,0,18,1,7,13,4,11,16,6,2,13,1,5,17,6,3,14,
4,1,3,0,18,0,24,24,1,1,34,42,5,1,5,19,2,2,0,1,23,
5,0,0,0,1,24,0,0,0,0,3,5,0,0,0,57,0,0,0,0,20,
6,11,11,3,7,24,0,0,5,4,11,7,17,3,11,8,6,10,9,5,9,
7,26,18,19,13,1,0,5,0,21,0,3,31,20,18,1,32,48,10,24,2,
8,18,13,18,4,1,0,4,21,0,0,1,11,14,9,0,14,19,7,8,1,
9,2,1,2,11,34,3,11,0,0,0,52,3,0,2,6,0,1,0,0,24,
10,2,9,4,16,42,5,7,3,1,52,0,7,2,2,6,1,6,2,3,21,
11,17,21,21,6,5,0,17,31,11,3,7,0,9,7,0,11,33,17,17,0,
12,10,12,10,2,1,0,3,20,14,0,2,9,0,17,0,8,15,11,11,0,
13,15,18,9,13,5,0,11,18,9,2,2,7,17,0,0,9,18,16,16,0,
14,0,0,0,1,19,57,8,1,0,6,6,0,0,0,0,0,0,0,0,18,
15,20,23,4,5,2,0,6,32,14,0,1,11,8,9,0,0,30,11,16,1,
16,30,22,32,17,2,0,10,48,19,1,6,33,15,18,0,30,0,10,15,4,
17,5,8,14,6,0,0,9,10,7,0,2,17,11,16,0,11,10,0,9,2,
18,18,10,9,3,1,0,5,24,8,0,3,17,11,16,0,16,15,9,0,0,
19,1,7,0,14,23,20,9,2,1,24,21,0,0,0,18,1,4,2,0,0,
0,0,32,10,42,19,3,19,16,8,17,19,9,16,28,3,4,5,7,2,3,
1,32,0,1,37,3,2,31,20,3,20,4,17,6,43,0,2,3,2,1,3,
2,10,1,0,3,24,13,2,2,23,6,23,9,14,1,16,9,27,24,12,0,
3,42,37,3,0,5,0,38,27,2,16,1,20,7,40,2,2,0,4,0,12,
4,19,3,24,5,0,28,4,13,31,5,44,42,41,3,16,36,36,29,21,0,
5,3,2,13,0,28,0,2,3,19,5,26,19,27,0,13,21,22,22,15,0,
6,19,31,2,38,4,2,0,24,3,15,3,14,5,32,0,3,2,8,3,6,
7,16,20,2,27,13,3,24,0,21,38,24,17,32,44,6,23,27,18,6,0,
8,8,3,23,2,31,19,3,21,0,16,36,11,40,3,13,19,37,24,14,0,
9,17,20,6,16,5,5,15,38,16,0,15,3,27,28,3,15,14,7,3,2,
10,19,4,23,1,44,26,3,24,36,15,0,31,52,2,13,37,45,28,19,0,
11,9,17,9,20,42,19,14,17,11,3,31,0,40,5,5,33,33,19,13,4,
12,16,6,14,7,41,27,5,32,40,27,52,40,0,16,8,46,59,24,14,0,
13,28,43,1,40,3,0,32,44,3,28,2,5,16,0,0,0,4,7,0,2,
14,3,0,16,2,16,13,0,6,13,3,13,5,8,0,0,10,7,13,17,0,
15,4,2,9,2,36,21,3,23,19,15,37,33,46,0,10,0,44,15,14,0,
16,5,3,27,0,36,22,2,27,37,14,45,33,59,4,7,44,0,18,18,0,
17,7,2,24,4,29,22,8,18,24,7,28,19,24,7,13,15,18,0,22,0,
18,2,1,12,0,21,15,3,6,14,3,19,13,14,0,17,14,18,22,0,0,
19,3,3,0,12,0,0,6,0,0,2,0,4,0,2,0,0,0,0,0,0,
0,0,0,1,2,27,10,15,19,35,0,2,14,2,13,17,0,0,4,23,2,
1,0,0,26,36,1,26,6,3,0,17,14,0,7,0,1,31,36,8,0,3,
2,1,26,0,51,1,28,8,3,1,25,37,7,5,2,1,48,56,16,4,6,
3,2,36,51,0,1,43,3,3,0,25,38,6,7,0,1,40,41,22,4,6,
4,27,1,1,1,0,2,9,43,20,1,1,18,8,11,19,2,2,2,13,6,
5,10,26,28,43,2,0,15,3,0,28,30,18,0,9,0,42,33,11,6,4,
6,15,6,8,3,9,15,0,17,9,16,9,26,29,16,6,5,6,8,15,20,
7,19,3,3,3,43,3,17,0,10,4,7,24,20,9,9,5,2,12,29,15,
8,35,0,1,0,20,0,9,10,0,2,3,7,6,25,13,0,1,2,12,5,
9,0,17,25,25,1,28,16,4,2,0,34,12,14,1,2,32,15,16,2,10,
10,2,14,37,38,1,30,9,7,3,34,0,16,18,7,2,35,37,26,9,14,
11,14,0,7,6,18,18,26,24,7,12,16,0,38,9,5,2,4,12,34,40,
12,2,7,5,7,8,0,29,20,6,14,18,38,0,1,9,2,5,15,22,29,
13,13,0,2,0,11,9,16,9,25,1,7,9,1,0,18,0,0,3,14,12,
14,17,1,1,1,19,0,6,9,13,2,2,5,9,18,0,0,1,0,5,2,
15,0,31,48,40,2,42,5,5,0,32,35,2,2,0,0,0,44,15,2,3,
16,0,36,56,41,2,33,6,2,1,15,37,4,5,0,1,44,0,19,1,5,
17,4,8,16,22,2,11,8,12,2,16,26,12,15,3,0,15,19,0,15,25,
18,23,0,4,4,13,6,15,29,12,2,9,34,22,14,5,2,1,15,0,21,
19,2,3,6,6,6,4,20,15,5,10,14,40,29,12,2,3,5,25,21,0,
0,0,5,5,9,3,14,14,33,1,13,13,29,9,1,8,13,6,8,6,10,
1,5,0,61,60,0,0,1,9,10,3,26,0,47,39,40,6,53,31,0,10,
2,5,61,0,35,0,0,2,10,22,1,23,0,38,28,19,10,38,31,0,18,
3,9,60,35,0,0,0,1,2,7,0,15,1,30,27,19,6,53,14,0,25,
4,3,0,0,0,0,10,4,8,0,1,0,15,0,0,1,0,0,1,28,0,
5,14,0,0,0,10,0,28,17,1,17,4,36,0,1,1,1,1,0,16,0,
6,14,1,2,1,4,28,0,14,0,7,23,30,2,4,2,8,1,6,17,13,
7,33,9,10,2,8,17,14,0,4,14,11,25,6,6,15,24,6,5,9,13,
8,1,10,22,7,0,1,0,4,0,0,8,0,13,8,11,4,10,8,0,10,
9,13,3,1,0,1,17,7,14,0,0,13,16,0,2,7,4,0,1,6,6,
10,13,26,23,15,0,4,23,11,8,13,0,10,9,13,18,2,5,10,1,14,
11,29,0,0,1,15,36,30,25,0,16,10,0,0,0,1,3,0,2,23,9,
12,9,47,38,30,0,0,2,6,13,0,9,0,0,43,11,3,37,19,0,6,
13,1,39,28,27,0,1,4,6,8,2,13,0,43,0,19,7,40,19,0,7,
14,8,40,19,19,1,1,2,15,11,7,18,1,11,19,0,15,21,23,0,19,
15,13,6,10,6,0,1,8,24,4,4,2,3,3,7,15,0,5,6,0,14,
16,6,53,38,53,0,1,1,6,10,0,5,0,37,40,21,5,0,13,0,8,
17,8,31,31,14,1,0,6,5,8,1,10,2,19,19,23,6,13,0,0,5,
18,6,0,0,0,28,16,17,9,0,6,1,23,0,0,0,0,0,0,0,2,
19,10,10,18,25,0,0,13,13,10,6,14,9,6,7,19,14,8,5,2,0,
0,0,45,63,20,63,45,4,1,16,14,78,46,10,0,54,1,76,54,77,1,
1,45,0,26,12,36,18,1,0,11,7,42,36,7,2,44,4,49,39,33,0,
2,63,26,0,23,53,31,6,0,21,28,60,39,3,0,44,3,61,55,59,1,
3,20,12,23,0,28,28,6,4,19,29,25,27,5,3,29,2,27,20,17,0,
4,63,36,53,28,0,38,2,0,11,28,68,21,1,1,65,2,57,36,49,0,
5,45,18,31,28,38,0,1,5,17,21,34,27,7,0,28,9,38,37,33,4,
6,4,1,6,6,2,1,0,6,5,8,4,4,12,8,2,19,3,2,5,11,
7,1,0,0,4,0,5,6,0,4,10,1,0,14,33,3,22,1,2,0,27,
8,16,11,21,19,11,17,5,4,0,20,19,17,28,14,23,12,19,11,13,10,
9,14,7,28,29,28,21,8,10,20,0,33,21,10,14,23,13,26,15,23,9,
10,78,42,60,25,68,34,4,1,19,33,0,47,5,4,65,9,68,71,70,0,
11,46,36,39,27,21,27,4,0,17,21,47,0,9,4,50,6,44,39,32,1,
12,10,7,3,5,1,7,12,14,28,10,5,9,0,13,1,20,3,6,3,15,
13,0,2,0,3,1,0,8,33,14,14,4,4,13,0,0,17,0,2,0,25,
14,54,44,44,29,65,28,2,3,23,23,65,50,1,0,0,2,62,59,55,0,
15,1,4,3,2,2,9,19,22,12,13,9,6,20,17,2,0,11,1,5,31,
16,76,49,61,27,57,38,3,1,19,26,68,44,3,0,62,11,0,58,58,1,
17,54,39,55,20,36,37,2,2,11,15,71,39,6,2,59,1,58,0,52,2,
18,77,33,59,17,49,33,5,0,13,23,70,32,3,0,55,5,58,52,0,0,
19,1,0,1,0,0,4,11,27,10,9,0,1,15,25,0,31,1,2,0,0,
0,0,9,12,36,32,28,17,45,24,18,40,4,34,9,21,11,10,46,14,52,
1,9,0,0,23,1,2,13,2,0,0,8,26,0,30,1,2,1,4,16,2,
2,12,0,0,9,7,9,1,20,32,27,17,0,9,0,12,13,31,9,14,17,
3,36,23,9,0,24,25,21,26,25,20,40,20,26,28,21,18,6,23,44,33,
4,32,1,7,24,0,25,10,31,19,14,28,11,29,8,22,14,3,40,9,27,
5,28,2,9,25,25,0,11,30,22,15,28,6,31,7,26,9,4,30,12,33,
6,17,13,1,21,10,11,0,32,3,0,17,30,3,40,1,7,4,10,25,10,
7,45,2,20,26,31,30,32,0,24,12,42,14,16,15,16,19,4,41,11,50,
8,24,0,32,25,19,22,3,24,0,40,16,1,26,1,28,19,35,17,22,20,
9,18,0,27,20,14,15,0,12,40,0,18,2,32,2,33,26,17,6,24,22,
10,40,8,17,40,28,28,17,42,16,18,0,4,26,17,25,17,7,37,16,40,
11,4,26,0,20,11,6,30,14,1,2,4,0,5,35,1,0,5,5,46,4,
12,34,0,9,26,29,31,3,16,26,32,26,5,0,8,30,9,16,26,18,33,
13,9,30,0,28,8,7,40,15,1,2,17,35,8,0,4,5,11,6,27,5,
14,21,1,12,21,22,26,1,16,28,33,25,1,30,4,0,16,11,27,25,42,
15,11,2,13,18,14,9,7,19,19,26,17,0,9,5,16,0,10,16,5,22,
16,10,1,31,6,3,4,4,4,35,17,7,5,16,11,11,10,0,10,9,9,
17,46,4,9,23,40,30,10,41,17,6,37,5,26,6,27,16,10,0,9,33,
18,14,16,14,44,9,12,25,11,22,24,16,46,18,27,25,5,9,9,0,30,
19,52,2,17,33,27,33,10,50,20,22,40,4,33,5,42,22,9,33,30,0,
0,0,30,15,5,23,4,17,8,2,6,44,3,59,57,61,4,7,21,0,4,
1,30,0,26,23,36,42,27,34,51,38,21,18,20,20,31,17,39,26,13,35,
2,15,26,0,34,26,43,41,23,30,31,21,14,20,26,17,12,30,11,12,22,
3,5,23,34,0,20,36,27,18,40,25,8,9,1,4,4,10,23,1,20,15,
4,23,36,26,20,0,34,14,14,34,29,17,17,14,14,19,11,24,10,9,29,
5,4,42,43,36,34,0,34,40,58,43,10,20,2,9,7,19,31,3,19,47,
6,17,27,41,27,14,34,0,28,27,20,8,14,15,15,11,8,16,14,12,29,
7,8,34,23,18,14,40,28,0,34,29,6,11,6,7,1,15,33,0,8,33,
8,2,51,30,40,34,58,27,34,0,36,10,21,10,11,5,14,28,2,13,50,
9,6,38,31,25,29,43,20,29,36,0,10,13,9,7,6,10,29,4,28,27,
10,44,21,21,8,17,10,8,6,10,10,0,0,47,24,39,4,4,21,8,9,
11,3,18,14,9,17,20,14,11,21,13,0,0,1,0,4,12,18,0,4,16,
12,59,20,20,1,14,2,15,6,10,9,47,1,0,44,55,6,1,28,1,10,
13,57,20,26,4,14,9,15,7,11,7,24,0,44,0,46,4,2,28,2,3,
14,61,31,17,4,19,7,11,1,5,6,39,4,55,46,0,2,7,26,2,7,
15,4,17,12,10,11,19,8,15,14,10,4,12,6,4,2,0,16,3,3,9,
16,7,39,30,23,24,31,16,33,28,29,4,18,1,2,7,16,0,0,11,32,
17,21,26,11,1,10,3,14,0,2,4,21,0,28,28,26,3,0,0,0,3,
18,0,13,12,20,9,19,12,8,13,28,8,4,1,2,2,3,11,0,0,15,
19,4,35,22,15,29,47,29,33,50,27,9,16,10,3,7,9,32,3,15,0,
0,0,21,11,18,24,10,13,22,25,10,22,11,10,0,13,1,11,10,0,11,
1,21,0,15,32,34,36,26,46,16,15,17,16,21,2,21,5,22,8,1,17,
2,11,15,0,14,13,18,29,16,12,18,11,8,17,5,26,21,20,7,1,6,
3,18,32,14,0,20,31,31,46,22,24,29,15,14,0,21,5,20,4,0,15,
4,24,34,13,20,0,39,13,35,13,9,26,5,13,3,23,4,21,5,0,4,
5,10,36,18,31,39,0,21,39,21,20,26,14,14,3,16,5,16,13,1,5,
6,13,26,29,31,13,21,0,21,24,31,16,12,26,4,26,30,19,17,2,10,
7,22,46,16,46,35,39,21,0,31,29,25,16,13,0,19,2,23,14,0,15,
8,25,16,12,22,13,21,24,31,0,38,15,11,27,1,9,19,18,25,1,21,
9,10,15,18,24,9,20,31,29,38,0,20,11,45,0,19,33,10,26,3,30,
10,22,17,11,29,26,26,16,25,15,20,0,17,15,2,13,5,23,13,0,8,
11,11,16,8,15,5,14,12,16,11,11,17,0,16,1,7,2,7,18,1,14,
12,10,21,17,14,13,14,26,13,27,45,15,16,0,3,12,33,11,19,1,19,
13,0,2,5,0,3,3,4,0,1,0,2,1,3,0,5,4,2,1,81,8,
14,13,21,26,21,23,16,26,19,9,19,13,7,12,5,0,19,14,2,0,7,
15,1,5,21,5,4,5,30,2,19,33,5,2,33,4,19,0,8,12,6,11,
16,11,22,20,20,21,16,19,23,18,10,23,7,11,2,14,8,0,14,2,11,
17,10,8,7,4,5,13,17,14,25,26,13,18,19,1,2,12,14,0,3,10,
18,0,1,1,0,0,1,2,0,1,3,0,1,1,81,0,6,2,3,0,7,
19,11,17,6,15,4,5,10,15,21,30,8,14,19,8,7,11,11,10,7,0,
0,0,16,47,66,6,16,32,23,6,48,6,44,9,6,2,16,37,7,8,0,
1,16,0,4,22,9,30,4,20,18,3,31,3,0,28,2,16,25,14,22,6,
2,47,4,0,26,7,21,18,13,0,51,0,51,18,2,13,5,18,4,0,2,
3,66,22,26,0,3,25,22,36,8,18,4,32,12,13,7,32,39,12,2,0,
4,6,9,7,3,0,4,16,40,1,13,1,7,20,10,58,20,5,2,0,0,
5,16,30,21,25,4,0,1,14,22,7,7,9,1,18,6,6,31,8,13,11,
6,32,4,18,22,16,1,0,15,0,32,1,42,41,10,22,10,3,2,0,1,
7,23,20,13,36,40,14,15,0,2,5,2,7,33,8,36,36,23,0,0,0,
8,6,18,0,8,1,22,0,2,0,0,35,1,0,26,0,1,16,24,31,17,
9,48,3,51,18,13,7,32,5,0,0,4,42,16,7,12,8,3,6,0,1,
10,6,31,0,4,1,7,1,2,35,4,0,2,0,34,0,1,9,24,33,17,
11,44,3,51,32,7,9,42,7,1,42,2,0,17,3,20,9,13,10,2,0,
12,9,0,18,12,20,1,41,33,0,16,0,17,0,1,31,17,4,0,1,0,
13,6,28,2,13,10,18,10,8,26,7,34,3,1,0,4,6,25,39,26,7,
14,2,2,13,7,58,6,22,36,0,12,0,20,31,4,0,30,2,0,0,0,
15,16,16,5,32,20,6,10,36,1,8,1,9,17,6,30,0,23,2,1,0,
16,37,25,18,39,5,31,3,23,16,3,9,13,4,25,2,23,0,8,16,5,
17,7,14,4,12,2,8,2,0,24,6,24,10,0,39,0,2,8,0,19,20,
18,8,22,0,2,0,13,0,0,31,0,33,2,1,26,0,1,16,19,0,14,
19,0,6,2,0,0,11,1,0,17,1,17,0,0,7,0,0,5,20,14,0,
0,0,11,8,10,9,2,14,13,10,0,2,10,10,11,7,9,9,2,15,16,
1,11,0,12,1,6,8,30,15,6,3,5,2,1,15,7,8,3,35,2,13,
2,8,12,0,11,20,4,5,6,19,0,3,3,5,7,13,20,23,15,23,6,
3,10,1,11,0,3,3,26,38,0,6,4,56,52,2,6,0,13,6,2,0,
4,9,6,20,3,0,3,5,6,17,0,0,4,3,5,11,5,20,13,19,5,
5,2,8,4,3,3,0,4,7,3,2,7,11,14,5,16,2,2,18,4,3,
6,14,30,5,26,5,4,0,43,4,5,2,22,28,14,17,7,14,31,1,1,
7,13,15,6,38,6,7,43,0,7,6,2,36,34,18,21,3,7,10,5,1,
8,10,6,19,0,17,3,4,7,0,0,22,1,0,4,12,18,8,11,19,12,
9,0,3,0,6,0,2,5,6,0,0,2,4,12,0,0,0,0,1,0,0,
10,2,5,3,4,0,7,2,2,22,2,0,7,8,7,2,10,8,10,3,17,
11,10,2,3,56,4,11,22,36,1,4,7,0,54,9,12,0,6,3,3,0,
12,10,1,5,52,3,14,28,34,0,12,8,54,0,9,9,0,7,4,2,0,
13,11,15,7,2,5,5,14,18,4,0,7,9,9,0,17,3,4,14,5,0,
14,7,7,13,6,11,16,17,21,12,0,2,12,9,17,0,21,5,7,11,4,
15,9,8,20,0,5,2,7,3,18,0,10,0,0,3,21,0,7,6,2,15,
16,9,3,23,13,20,2,14,7,8,0,8,6,7,4,5,7,0,4,10,17,
17,2,35,15,6,13,18,31,10,11,1,10,3,4,14,7,6,4,0,10,6,
18,15,2,23,2,19,4,1,5,19,0,3,3,2,5,11,2,10,10,0,12,
19,16,13,6,0,5,3,1,1,12,0,17,0,0,0,4,15,17,6,12,0,
0,0,8,0,1,64,19,38,0,0,27,0,48,0,3,0,40,46,0,11,15,
1,8,0,21,11,10,3,2,3,22,10,23,6,17,7,4,13,12,18,5,4,
2,0,21,0,22,1,23,5,13,25,0,9,1,23,21,7,0,1,13,10,7,
3,1,11,22,0,0,15,1,11,21,0,11,0,38,27,12,0,0,23,9,4,
4,64,10,1,0,0,13,32,0,0,25,0,49,0,3,0,37,65,2,11,10,
5,19,3,23,15,13,0,10,8,23,9,4,19,21,18,10,8,18,6,11,11,
6,38,2,5,1,32,10,0,0,9,34,0,35,0,11,3,20,39,2,42,20,
7,0,3,13,11,0,8,0,0,27,1,40,0,25,19,10,0,0,16,1,1,
8,0,22,25,21,0,23,9,27,0,0,31,0,38,12,18,0,0,26,10,3,
9,27,10,0,0,25,9,34,1,0,0,0,22,0,11,0,19,44,2,12,11,
10,0,23,9,11,0,4,0,40,31,0,0,0,26,9,18,0,0,34,0,2,
11,48,6,1,0,49,19,35,0,0,22,0,0,0,3,0,29,47,0,27,16,
12,0,17,23,38,0,21,0,25,38,0,26,0,0,25,14,0,0,28,7,4,
13,3,7,21,27,3,18,11,19,12,11,9,3,25,0,3,1,8,10,12,6,
14,0,4,7,12,0,10,3,10,18,0,18,0,14,3,0,0,0,8,5,6,
15,40,13,0,0,37,8,20,0,0,19,0,29,0,1,0,0,29,0,11,10,
16,46,12,1,0,65,18,39,0,0,44,0,47,0,8,0,29,0,0,15,19,
17,0,18,13,23,2,6,2,16,26,2,34,0,28,10,8,0,0,0,1,4,
18,11,5,10,9,11,11,42,1,10,12,0,27,7,12,5,11,15,1,0,11,
19,15,4,7,4,10,11,20,1,3,11,2,16,4,6,6,10,19,4,11,0,
0,0,16,21,0,20,28,10,17,0,1,28,23,1,4,0,39,1,19,0,38,
1,16,0,21,0,36,33,34,24,0,2,19,21,0,2,0,15,0,29,0,19,
2,21,21,0,0,16,26,22,28,0,0,26,27,0,0,0,16,0,20,0,16,
3,0,0,0,0,0,0,1,0,76,70,0,0,95,65,62,0,64,0,53,1,
4,20,36,16,0,0,26,17,21,0,3,13,23,0,17,0,9,3,21,0,19,
5,28,33,26,0,26,0,22,38,2,0,22,45,0,0,0,15,0,29,0,16,
6,10,34,22,1,17,22,0,14,1,1,16,30,1,0,1,10,3,32,0,11,
7,17,24,28,0,21,38,14,0,0,0,26,41,0,0,0,14,1,17,0,32,
8,0,0,0,76,0,2,1,0,0,48,0,0,52,42,50,0,43,1,55,1,
9,1,2,0,70,3,0,1,0,48,0,2,1,61,47,49,1,62,1,45,0,
10,28,19,26,0,13,22,16,26,0,2,0,29,0,1,0,22,0,27,0,27,
11,23,21,27,0,23,45,30,41,0,1,29,0,0,0,0,19,0,32,0,34,
12,1,0,0,95,0,0,1,0,52,61,0,0,0,46,46,1,56,0,53,0,
13,4,2,0,65,17,0,0,0,42,47,1,0,46,0,28,2,40,0,28,2,
14,0,0,0,62,0,0,1,0,50,49,0,0,46,28,0,0,41,0,31,0,
15,39,15,16,0,9,15,10,14,0,1,22,19,1,2,0,0,1,9,0,34,
16,1,0,0,64,3,0,3,1,43,62,0,0,56,40,41,1,0,1,28,3,
17,19,29,20,0,21,29,32,17,1,1,27,32,0,0,0,9,1,0,0,17,
18,0,0,0,53,0,0,0,0,55,45,0,0,53,28,31,0,28,0,0,3,
19,38,19,16,1,19,16,11,32,1,0,27,34,0,2,0,34,3,17,3,0,
0,0,4,21,19,44,6,17,6,37,19,2,1,29,35,26,20,34,6,0,38,
1,4,0,4,2,2,9,2,13,8,2,18,15,1,4,1,4,0,13,17,4,
2,21,4,0,25,41,0,13,6,49,57,0,0,31,38,58,41,49,24,1,47,
3,19,2,25,0,25,7,16,8,16,16,4,2,15,33,30,19,28,3,4,32,
4,44,2,41,25,0,0,29,5,60,41,0,0,46,49,40,34,48,30,0,53,
5,6,9,0,7,0,0,0,4,0,0,49,50,0,0,1,3,0,2,37,1,
6,17,2,13,16,29,0,0,1,33,38,0,0,20,35,45,30,40,9,0,33,
7,6,13,6,8,5,4,1,0,3,6,6,4,9,8,9,6,11,11,3,1,
8,37,8,49,16,60,0,33,3,0,48,1,1,62,41,57,27,65,36,2,54,
9,19,2,57,16,41,0,38,6,48,0,1,1,36,52,60,36,52,20,2,44,
10,2,18,0,4,0,49,0,6,1,1,0,61,1,0,0,0,0,4,40,1,
11,1,15,0,2,0,50,0,4,1,1,61,0,0,0,0,1,0,6,41,1,
12,29,1,31,15,46,0,20,9,62,36,1,0,0,27,45,18,49,46,2,38,
13,35,4,38,33,49,0,35,8,41,52,0,0,27,0,54,33,50,16,0,60,
14,26,1,58,30,40,1,45,9,57,60,0,0,45,54,0,47,68,27,0,66,
15,20,4,41,19,34,3,30,6,27,36,0,1,18,33,47,0,43,11,7,21,
16,34,0,49,28,48,0,40,11,65,52,0,0,49,50,68,43,0,33,0,56,
17,6,13,24,3,30,2,9,11,36,20,4,6,46,16,27,11,33,0,6,26,
18,0,17,1,4,0,37,0,3,2,2,40,41,2,0,0,7,0,6,0,0,
19,38,4,47,32,53,1,33,1,54,44,1,1,38,60,66,21,56,26,0,0,
0,0,25,13,20,33,25,24,30,37,18,14,10,36,16,30,33,16,44,4,18,
1,25,0,0,33,29,54,51,77,32,12,46,5,38,14,29,95,68,28,0,30,
2,13,0,0,2,9,9,0,3,7,7,2,21,7,11,19,1,1,23,6,15,
3,20,33,2,0,23,33,28,41,30,11,32,11,41,25,28,50,26,32,4,26,
4,33,29,9,23,0,15,19,19,28,9,22,4,22,4,14,30,24,20,0,26,
5,25,54,9,33,15,0,31,39,36,16,31,8,36,18,35,57,57,25,1,32,
6,24,51,0,28,19,31,0,37,31,3,36,6,31,11,26,66,40,29,2,16,
7,30,77,3,41,19,39,37,0,45,20,46,8,44,14,22,48,55,37,0,20,
8,37,32,7,30,28,36,31,45,0,18,41,6,41,14,25,50,29,42,0,24,
9,18,12,7,11,9,16,3,20,18,0,16,5,8,25,7,10,11,20,6,14,
10,14,46,2,32,22,31,36,46,41,16,0,9,35,13,18,60,49,48,0,10,
11,10,5,21,11,4,8,6,8,6,5,9,0,9,20,8,1,5,23,10,8,
12,36,38,7,41,22,36,31,44,41,8,35,9,0,17,21,39,45,35,6,24,
13,16,14,11,25,4,18,11,14,14,25,13,20,17,0,25,15,7,12,15,15,
14,30,29,19,28,14,35,26,22,25,7,18,8,21,25,0,26,20,27,8,18,
15,33,95,1,50,30,57,66,48,50,10,60,1,39,15,26,0,67,42,0,26,
16,16,68,1,26,24,57,40,55,29,11,49,5,45,7,20,67,0,27,0,21,
17,44,28,23,32,20,25,29,37,42,20,48,23,35,12,27,42,27,0,1,24,
18,4,0,6,4,0,1,2,0,0,6,0,10,6,15,8,0,0,1,0,4,
19,18,30,15,26,26,32,16,20,24,14,10,8,24,15,18,26,21,24,4,0,
0,0,31,35,56,0,0,0,0,8,40,27,21,8,7,0,0,0,0,8,0,
1,31,0,24,18,0,3,0,2,10,10,10,16,12,15,3,2,2,0,17,11,
2,35,24,0,49,0,1,1,1,10,34,34,21,17,19,0,1,2,0,19,7,
3,56,18,49,0,0,0,0,1,11,35,40,28,28,16,1,0,0,0,27,4,
4,0,0,0,0,0,9,16,24,16,0,7,0,14,2,32,12,12,44,2,18,
5,0,3,1,0,9,0,27,9,8,0,1,0,14,12,18,20,15,13,10,20,
6,0,0,1,0,16,27,0,17,4,0,0,0,9,4,12,16,11,60,6,3,
7,0,2,1,1,24,9,17,0,7,1,4,1,24,15,41,47,28,4,12,20,
8,8,10,10,11,16,8,4,7,0,4,13,9,15,12,10,5,15,0,12,12,
9,40,10,34,35,0,0,0,1,4,0,27,24,18,12,0,0,0,0,13,2,
10,27,10,34,40,7,1,0,4,13,27,0,26,26,30,7,3,4,0,25,12,
11,21,16,21,28,0,0,0,1,9,24,26,0,20,12,2,1,6,0,12,13,
12,8,12,17,28,14,14,9,24,15,18,26,20,0,41,26,20,20,1,27,34,
13,7,15,19,16,2,12,4,15,12,12,30,12,41,0,19,12,21,0,36,21,
14,0,3,0,1,32,18,12,41,10,0,7,2,26,19,0,47,28,7,16,24,
15,0,2,1,0,12,20,16,47,5,0,3,1,20,12,47,0,36,1,22,20,
16,0,2,2,0,12,15,11,28,15,0,4,6,20,21,28,36,0,4,6,29,
17,0,0,0,0,44,13,60,4,0,0,0,0,1,0,7,1,4,0,1,1,
18,8,17,19,27,2,10,6,12,12,13,25,12,27,36,16,22,6,1,0,11,
19,0,11,7,4,18,20,3,20,12,2,12,13,34,21,24,20,29,1,11,0,
0,0,9,0,2,35,0,97,1,0,0,98,0,0,0,0,105,0,0,0,0,
1,9,0,31,29,26,37,11,21,24,25,13,34,16,15,8,10,14,32,14,38,
2,0,31,0,36,23,47,0,33,25,35,0,45,5,10,7,0,19,33,23,44,
3,2,29,36,0,25,40,1,32,42,30,0,46,3,21,7,0,23,31,18,55,
4,35,26,23,25,0,29,42,24,27,24,27,31,14,10,8,27,16,29,12,43,
5,0,37,47,40,29,0,2,34,34,21,0,39,7,18,6,0,25,33,18,40,
6,97,11,0,1,42,2,0,0,0,0,118,0,0,0,0,133,1,1,0,2,
7,1,21,33,32,24,34,0,0,43,38,0,51,7,13,17,0,19,37,28,36,
8,0,24,25,42,27,34,0,43,0,54,0,71,16,19,23,0,17,35,22,44,
9,0,25,35,30,24,21,0,38,54,0,0,48,8,12,14,0,19,35,21,33,
10,98,13,0,0,27,0,118,0,0,0,0,1,0,0,0,127,0,0,0,0,
11,0,34,45,46,31,39,0,51,71,48,1,0,15,23,8,0,31,57,22,66,
12,0,16,5,3,14,7,0,7,16,8,0,15,0,32,31,0,16,5,8,10,
13,0,15,10,21,10,18,0,13,19,12,0,23,32,0,37,0,9,7,25,17,
14,0,8,7,7,8,6,0,17,23,14,0,8,31,37,0,0,19,7,11,12,
15,105,10,0,0,27,0,133,0,0,0,127,0,0,0,0,0,0,0,0,0,
16,0,14,19,23,16,25,1,19,17,19,0,31,16,9,19,0,0,19,19,26,
17,0,32,33,31,29,33,1,37,35,35,0,57,5,7,7,0,19,0,21,61,
18,0,14,23,18,12,18,0,28,22,21,0,22,8,25,11,0,19,21,0,23,
19,0,38,44,55,43,40,2,36,44,33,0,66,10,17,12,0,26,61,23,0,
0,0,6,17,28,13,8,28,8,7,20,13,12,16,3,9,15,18,7,27,20,
1,6,0,8,10,19,12,6,9,18,11,6,18,1,3,14,10,8,10,15,11,
2,17,8,0,8,25,10,29,22,30,37,8,20,3,2,53,39,45,14,3,55,
