Node/Edge,1000,3766
Step/Entity,1600,20
meet_step
0,0,0,2,0,3,0,0,0,2,2,16,5,0,0,2,5,70,1,5,4,
1,0,0,0,10,0,0,18,106,0,0,4,0,11,3,0,0,0,0,0,0,
2,2,0,0,0,72,52,0,0,84,106,0,57,0,0,57,79,1,65,0,0,
3,0,10,0,0,0,0,60,2,0,0,32,0,57,50,0,0,0,0,30,14,
4,3,0,72,0,0,56,0,0,89,114,1,84,0,0,73,110,2,62,0,0,
5,0,0,52,0,56,0,0,0,50,68,0,49,0,0,64,81,0,55,0,0,
6,0,18,0,60,0,0,0,0,0,0,20,0,65,48,0,0,0,0,25,42,
7,0,106,0,2,0,0,0,0,0,0,1,0,3,0,0,0,0,0,0,1,
8,2,0,84,0,89,50,0,0,0,107,0,60,0,0,79,76,1,73,0,0,
9,2,0,106,0,114,68,0,0,107,0,0,83,0,0,96,97,1,77,0,0,
10,16,4,0,32,1,0,20,1,0,0,0,2,13,31,0,1,19,0,64,19,
11,5,0,57,0,84,49,0,0,60,83,2,0,0,0,62,94,1,48,0,0,
12,0,11,0,57,0,0,65,3,0,0,13,0,0,22,0,0,3,0,15,10,
13,0,3,0,50,0,0,48,0,0,0,31,0,22,0,0,0,0,0,20,10,
14,2,0,57,0,73,64,0,0,79,96,0,62,0,0,0,84,0,62,0,0,
15,5,0,79,0,110,81,0,0,76,97,1,94,0,0,84,0,0,77,0,0,
16,70,0,1,0,2,0,0,0,1,1,19,1,3,0,0,0,0,2,5,6,
17,1,0,65,0,62,55,0,0,73,77,0,48,0,0,62,77,2,0,0,0,
18,5,0,0,30,0,0,25,0,0,0,64,0,15,20,0,0,5,0,0,29,
19,4,0,0,14,0,0,42,1,0,0,19,0,10,10,0,0,6,0,29,0,
0,0,0,0,0,18,0,0,6,0,0,0,0,0,0,0,0,0,0,37,0,
1,0,0,62,2,2,0,18,0,13,59,0,4,1,0,12,0,0,14,1,16,
2,0,62,0,1,1,0,5,0,47,30,0,1,1,0,10,0,0,6,0,20,
3,0,2,1,0,0,60,0,0,1,0,78,0,0,0,2,0,0,2,5,2,
4,18,2,1,0,0,0,0,0,3,1,0,0,0,0,4,0,1,0,5,1,
5,0,0,0,60,0,0,0,0,0,0,70,0,0,0,0,0,0,0,2,6,
6,0,18,5,0,0,0,0,0,4,4,0,60,38,29,30,0,0,18,0,5,
7,6,0,0,0,0,0,0,0,0,0,0,0,0,0,0,60,11,0,8,0,
8,0,13,47,1,3,0,4,0,0,57,0,0,1,0,7,0,0,5,1,18,
9,0,59,30,0,1,0,4,0,57,0,0,0,0,0,9,0,0,8,0,2,
10,0,0,0,78,0,70,0,0,0,0,0,0,0,0,0,0,0,0,0,9,
11,0,4,1,0,0,0,60,0,0,0,0,0,56,37,32,0,0,34,0,3,
12,0,1,1,0,0,0,38,0,1,0,0,56,0,14,31,0,0,44,0,1,
13,0,0,0,0,0,0,29,0,0,0,0,37,14,0,8,0,0,10,0,2,
14,0,12,10,2,4,0,30,0,7,9,0,32,31,8,0,0,0,29,0,8,
15,0,0,0,0,0,0,0,60,0,0,0,0,0,0,0,0,27,0,0,0,
16,0,0,0,0,1,0,0,11,0,0,0,0,0,0,0,27,0,0,0,0,
17,0,14,6,2,0,0,18,0,5,8,0,34,44,10,29,0,0,0,0,6,
18,37,1,0,5,5,2,0,8,1,0,0,0,0,0,0,0,0,0,0,2,
19,0,16,20,2,1,6,5,0,18,2,9,3,1,2,8,0,0,6,2,0,
0,0,0,6,1,0,0,10,4,3,5,1,0,0,5,0,6,14,1,0,18,
1,0,0,0,17,8,0,0,0,32,6,17,0,52,9,36,7,0,0,1,1,
2,6,0,0,0,0,0,15,0,0,1,0,13,0,0,0,0,0,16,0,29,
3,1,17,0,0,59,0,0,3,15,8,6,0,14,41,7,29,1,0,12,0,
4,0,8,0,59,0,0,0,4,17,16,9,0,17,54,20,67,0,0,0,0,
5,0,0,0,0,0,0,0,1,0,0,0,0,0,0,2,0,0,0,18,0,
6,10,0,15,0,0,0,0,13,0,0,0,3,0,0,0,1,22,8,0,20,
7,4,0,0,3,4,1,13,0,1,10,5,0,0,10,0,6,25,0,0,1,
8,3,32,0,15,17,0,0,1,0,9,25,0,36,8,27,16,1,0,2,0,
9,5,6,1,8,16,0,0,10,9,0,35,0,2,64,10,26,5,0,0,1,
10,1,17,0,6,9,0,0,5,25,35,0,0,7,36,12,12,2,0,0,6,
11,0,0,13,0,0,0,3,0,0,0,0,0,0,0,0,0,0,32,0,3,
12,0,52,0,14,17,0,0,0,36,2,7,0,0,5,50,4,0,0,3,0,
13,5,9,0,41,54,0,0,10,8,64,36,0,5,0,5,75,5,0,0,1,
14,0,36,0,7,20,2,0,0,27,10,12,0,50,5,0,1,0,0,4,0,
15,6,7,0,29,67,0,1,6,16,26,12,0,4,75,1,0,1,0,0,3,
16,14,0,0,1,0,0,22,25,1,5,2,0,0,5,0,1,0,0,0,2,
17,1,0,16,0,0,0,8,0,0,0,0,32,0,0,0,0,0,0,0,4,
18,0,1,0,12,0,18,0,0,2,0,0,0,3,0,4,0,0,0,0,0,
19,18,1,29,0,0,0,20,1,0,1,6,3,0,1,0,3,2,4,0,0,
0,0,0,0,0,2,1,17,0,51,15,0,0,0,0,0,1,14,0,32,44,
1,0,0,0,0,0,0,0,0,0,1,49,16,0,0,0,0,0,0,0,0,
2,0,0,0,1,0,0,0,0,0,0,0,0,0,4,8,0,0,15,0,0,
3,0,0,1,0,151,0,10,0,0,0,0,0,0,1,1,132,8,0,3,1,
4,2,0,0,151,0,0,7,0,0,0,0,0,0,1,0,186,5,0,3,5,
5,1,0,0,0,0,0,5,33,6,2,0,19,0,0,0,0,2,0,6,2,
6,17,0,0,10,7,5,0,1,83,46,0,0,1,3,0,18,59,0,35,38,
7,0,0,0,0,0,33,1,0,1,0,0,21,0,0,0,0,0,0,0,1,
8,51,0,0,0,0,6,83,1,0,62,0,0,0,2,0,1,70,0,84,115,
9,15,1,0,0,0,2,46,0,62,0,0,0,0,0,0,0,30,0,28,37,
10,0,49,0,0,0,0,0,0,0,0,0,4,0,0,0,0,0,0,0,0,
11,0,16,0,0,0,19,0,21,0,0,4,0,0,0,0,0,0,0,0,0,
12,0,0,0,0,0,0,1,0,0,0,0,0,0,0,0,3,0,0,1,0,
13,0,0,4,1,1,0,3,0,2,0,0,0,0,0,36,0,5,41,1,1,
14,0,0,8,1,0,0,0,0,0,0,0,0,0,36,0,0,2,71,0,0,
15,1,0,0,132,186,0,18,0,1,0,0,0,3,0,0,0,9,0,5,2,
16,14,0,0,8,5,2,59,0,70,30,0,0,0,5,2,9,0,0,46,38,
17,0,0,15,0,0,0,0,0,0,0,0,0,0,41,71,0,0,0,0,0,
18,32,0,0,3,3,6,35,0,84,28,0,0,1,1,0,5,46,0,0,80,
19,44,0,0,1,5,2,38,1,115,37,0,0,0,1,0,2,38,0,80,0,
0,0,0,0,38,0,1,0,0,0,0,2,0,0,0,0,0,0,3,0,0,
1,0,0,0,0,0,0,0,0,0,0,0,287,0,0,0,0,0,0,0,0,
2,0,0,0,0,5,0,2,1,80,63,0,0,35,80,18,7,2,0,61,37,
3,38,0,0,0,0,5,0,0,0,0,7,0,0,0,0,0,0,4,0,0,
4,0,0,5,0,0,0,73,0,4,4,0,0,0,16,20,26,91,0,14,1,
5,1,0,0,5,0,0,0,1,0,0,52,0,0,0,0,1,0,109,0,0,
6,0,0,2,0,73,0,0,3,0,0,0,0,1,0,6,56,77,0,0,0,
7,0,0,1,0,0,1,3,0,0,0,1,0,0,0,1,1,0,0,0,0,
8,0,0,80,0,4,0,0,0,0,40,0,0,35,52,7,5,4,0,38,41,
9,0,0,63,0,4,0,0,0,40,0,0,0,29,60,16,1,3,0,62,46,
10,2,0,0,7,0,52,0,1,0,0,0,0,0,0,0,2,0,69,0,0,
11,0,287,0,0,0,0,0,0,0,0,0,0,0,0,0,0,0,0,0,0,
12,0,0,35,0,0,0,1,0,35,29,0,0,0,41,23,2,15,0,22,61,
13,0,0,80,0,16,0,0,0,52,60,0,0,41,0,18,4,1,0,53,45,
14,0,0,18,0,20,0,6,1,7,16,0,0,23,18,0,9,13,0,12,27,
15,0,0,7,0,26,1,56,1,5,1,2,0,2,4,9,0,28,0,7,6,
16,0,0,2,0,91,0,77,0,4,3,0,0,15,1,13,28,0,0,4,31,
17,3,0,0,4,0,109,0,0,0,0,69,0,0,0,0,0,0,0,0,0,
18,0,0,61,0,14,0,0,0,38,62,0,0,22,53,12,7,4,0,0,30,
19,0,0,37,0,1,0,0,0,41,46,0,0,61,45,27,6,31,0,30,0,
0,0,0,32,0,37,4,2,0,0,0,0,0,21,0,20,0,1,31,27,0,
1,0,0,0,2,0,24,50,0,0,0,0,0,0,2,0,0,28,4,15,0,
2,32,0,0,0,23,0,0,0,0,0,0,0,22,0,69,0,0,8,0,0,
3,0,2,0,0,0,0,0,17,21,58,49,31,0,0,0,46,0,0,0,76,
4,37,0,23,0,0,0,9,0,0,0,0,0,25,0,30,0,2,35,30,0,
5,4,24,0,0,0,0,38,0,0,0,0,0,8,0,2,0,17,4,14,0,
6,2,50,0,0,9,38,0,0,0,0,0,0,12,0,0,0,50,2,17,0,
7,0,0,0,17,0,0,0,0,5,15,24,14,0,0,0,21,0,0,0,34,
8,0,0,0,21,0,0,0,5,0,27,25,19,0,1,0,29,0,0,0,26,
9,0,0,0,58,0,0,0,15,27,0,36,59,0,3,0,76,0,0,0,52,
10,0,0,0,49,0,0,0,24,25,36,0,49,0,1,0,39,0,0,0,67,
11,0,0,0,31,0,0,0,14,19,59,49,0,0,9,0,38,0,0,0,39,
12,21,0,22,0,25,8,12,0,0,0,0,0,0,1,39,0,5,13,2,0,
13,0,2,0,0,0,0,0,0,1,3,1,9,1,0,0,0,0,0,0,0,
14,20,0,69,0,30,2,0,0,0,0,0,0,39,0,0,0,0,8,2,0,
15,0,0,0,46,0,0,0,21,29,76,39,38,0,0,0,0,0,0,0,57,
16,1,28,0,0,2,17,50,0,0,0,0,0,5,0,0,0,0,1,4,0,
17,31,4,8,0,35,4,2,0,0,0,0,0,13,0,8,0,1,0,21,0,
18,27,15,0,0,30,14,17,0,0,0,0,0,2,0,2,0,4,21,0,0,
19,0,0,0,76,0,0,0,34,26,52,67,39,0,0,0,57,0,0,0,0,
0,0,12,3,74,3,2,53,0,0,3,11,44,27,10,0,0,0,13,0,0,
1,12,0,10,5,1,0,5,0,0,0,0,1,67,20,0,0,0,31,0,0,
2,3,10,0,1,2,0,2,0,0,1,2,1,11,1,0,0,0,43,0,0,
3,74,5,1,0,5,1,182,0,0,10,11,98,2,1,0,0,0,2,0,0,
4,3,1,2,5,0,109,8,0,0,0,1,68,2,7,0,0,0,0,0,0,
5,2,0,0,1,109,0,6,0,0,74,38,86,2,12,0,3,0,0,0,0,
6,53,5,2,182,8,6,0,0,0,3,10,88,4,2,1,0,0,2,0,0,
7,0,0,0,0,0,0,0,0,12,2,0,0,0,0,0,0,31,0,40,10,
8,0,0,0,0,0,0,0,12,0,0,0,0,0,0,0,0,39,0,10,15,
9,3,0,1,10,0,74,3,2,0,0,103,4,0,0,0,0,0,0,4,0,
10,11,0,2,11,1,38,10,0,0,103,0,8,0,0,0,0,1,1,2,1,
11,44,1,1,98,68,86,88,0,0,4,8,0,6,9,0,0,0,1,0,0,
12,27,67,11,2,2,2,4,0,0,0,0,6,0,27,1,0,0,55,0,0,
13,10,20,1,1,7,12,2,0,0,0,0,9,27,0,0,1,0,2,0,0,
14,0,0,0,0,0,0,1,0,0,0,0,0,1,0,0,23,0,0,0,0,
15,0,0,0,0,0,3,0,0,0,0,0,0,0,1,23,0,0,0,0,0,
16,0,0,0,0,0,0,0,31,39,0,1,0,0,0,0,0,0,0,22,14,
17,13,31,43,2,0,0,2,0,0,0,1,1,55,2,0,0,0,0,0,0,
18,0,0,0,0,0,0,0,40,10,4,2,0,0,0,0,0,22,0,0,22,
19,0,0,0,0,0,0,0,10,15,0,1,0,0,0,0,0,14,0,22,0,
0,0,0,0,10,0,1,0,0,0,0,376,0,0,0,0,9,0,0,11,3,
1,0,0,216,0,0,0,0,0,0,0,0,55,12,0,11,0,0,0,0,0,
2,0,216,0,0,0,0,0,0,0,1,0,58,8,0,21,0,0,0,0,0,
3,10,0,0,0,0,0,0,0,0,0,2,0,0,0,0,1,0,0,123,3,
4,0,0,0,0,0,0,0,75,0,0,0,0,0,0,0,0,0,81,0,0,
5,1,0,0,0,0,0,5,0,0,0,0,0,0,0,0,3,0,0,2,2,
6,0,0,0,0,0,5,0,0,0,0,0,0,0,0,0,1,0,0,1,5,
7,0,0,0,0,75,0,0,0,0,0,0,0,0,0,0,0,0,95,0,0,
8,0,0,0,0,0,0,0,0,0,0,0,0,1,60,3,0,18,0,0,0,
9,0,0,1,0,0,0,0,0,0,0,0,6,8,0,4,0,0,2,0,0,
10,376,0,0,2,0,0,0,0,0,0,0,0,0,0,0,0,0,0,10,4,
11,0,55,58,0,0,0,0,0,0,6,0,0,42,2,48,0,1,0,0,0,
12,0,12,8,0,0,0,0,0,1,8,0,42,0,4,59,0,2,0,0,0,
13,0,0,0,0,0,0,0,0,60,0,0,2,4,0,3,0,14,0,0,0,
14,0,11,21,0,0,0,0,0,3,4,0,48,59,3,0,0,8,0,0,0,
15,9,0,0,1,0,3,1,0,0,0,0,0,0,0,0,0,0,0,0,8,
16,0,0,0,0,0,0,0,0,18,0,0,1,2,14,8,0,0,0,0,0,
17,0,0,0,0,81,0,0,95,0,2,0,0,0,0,0,0,0,0,0,0,
18,11,0,0,123,0,2,1,0,0,0,10,0,0,0,0,0,0,0,0,0,
19,3,0,0,3,0,2,5,0,0,0,4,0,0,0,0,8,0,0,0,0,
0,0,0,4,0,0,0,0,0,0,0,2,0,0,0,0,285,3,7,0,2,
1,0,0,47,0,45,87,86,0,0,0,13,101,99,0,0,0,1,8,59,2,
2,4,47,0,0,32,69,54,0,0,0,3,65,59,0,0,5,0,15,67,32,
3,0,0,0,0,44,1,22,0,0,0,0,0,0,0,0,0,0,0,0,0,
4,0,45,32,44,0,51,44,0,0,0,5,44,37,0,0,0,0,13,45,1,
5,0,87,69,1,51,0,99,0,0,0,11,103,121,0,0,0,0,21,54,1,
6,0,86,54,22,44,99,0,0,0,0,1,79,95,0,0,0,0,13,54,1,
7,0,0,0,0,0,0,0,0,3,1,0,0,0,3,5,0,40,0,0,3,
8,0,0,0,0,0,0,0,3,0,78,0,0,0,38,50,0,0,0,0,0,
9,0,0,0,0,0,0,0,1,78,0,0,0,0,33,46,0,0,0,0,0,
10,2,13,3,0,5,11,1,0,0,0,0,9,7,0,0,0,0,13,7,4,
11,0,101,65,0,44,103,79,0,0,0,9,0,114,0,0,0,0,22,58,1,
12,0,99,59,0,37,121,95,0,0,0,7,114,0,0,0,0,0,20,68,1,
13,0,0,0,0,0,0,0,3,38,33,0,0,0,0,34,0,0,0,0,0,
14,0,0,0,0,0,0,0,5,50,46,0,0,0,34,0,0,2,0,0,0,
15,285,0,5,0,0,0,0,0,0,0,0,0,0,0,0,0,2,5,4,2,
16,3,1,0,0,0,0,0,40,0,0,0,0,0,0,2,2,0,0,0,5,
17,7,8,15,0,13,21,13,0,0,0,13,22,20,0,0,5,0,0,25,4,
18,0,59,67,0,45,54,54,0,0,0,7,58,68,0,0,4,0,25,0,1,
19,2,2,32,0,1,1,1,3,0,0,4,1,1,0,0,2,5,4,1,0,
0,0,6,1,3,1,4,0,1,2,3,5,1,3,57,4,0,11,30,26,17,
1,6,0,32,29,0,52,0,21,19,42,41,0,60,0,59,0,0,0,7,0,
2,1,32,0,52,0,46,0,18,27,32,41,0,66,1,29,0,0,0,2,0,
3,3,29,52,0,0,37,0,23,42,61,24,4,45,1,30,0,0,1,7,0,
4,1,0,0,0,0,0,10,0,0,0,0,2,0,0,0,32,14,2,0,7,
5,4,52,46,37,0,0,0,15,37,52,47,0,60,4,60,0,0,0,7,0,
6,0,0,0,0,10,0,0,0,0,0,0,0,0,0,0,113,0,0,0,0,
7,1,21,18,23,0,15,0,0,30,15,13,0,9,0,17,0,0,0,6,0,
8,2,19,27,42,0,37,0,30,0,50,35,0,21,0,41,0,6,1,14,0,
9,3,42,32,61,0,52,0,15,50,0,48,1,51,0,38,0,0,0,9,0,
10,5,41,41,24,0,47,0,13,35,48,0,0,40,0,56,0,0,0,11,0,
11,1,0,0,4,2,0,0,0,0,1,0,0,0,6,1,0,1,1,1,0,
12,3,60,66,45,0,60,0,9,21,51,40,0,0,1,41,0,0,0,5,0,
13,57,0,1,1,0,4,0,0,0,0,0,6,1,0,1,0,20,52,19,28,
14,4,59,29,30,0,60,0,17,41,38,56,1,41,1,0,0,1,0,6,0,
15,0,0,0,0,32,0,113,0,0,0,0,0,0,0,0,0,0,0,0,0,
16,11,0,0,0,14,0,0,0,6,0,0,1,0,20,1,0,0,25,8,37,
17,30,0,0,1,2,0,0,0,1,0,0,1,0,52,0,0,25,0,21,33,
18,26,7,2,7,0,7,0,6,14,9,11,1,5,19,6,0,8,21,0,7,
19,17,0,0,0,7,0,0,0,0,0,0,0,0,28,0,0,37,33,7,0,
0,0,5,0,0,0,0,0,0,261,281,4,0,0,0,0,16,0,0,0,0,
1,5,0,0,0,0,0,0,0,4,8,105,0,0,0,0,19,0,0,0,0,
2,0,0,0,4,4,43,14,14,0,0,0,8,1,16,6,0,0,0,16,109,
3,0,0,4,0,57,8,1,13,0,0,0,0,0,35,40,0,0,0,55,4,
4,0,0,4,57,0,5,1,19,0,0,0,0,0,50,42,0,0,0,52,1,
5,0,0,43,8,5,0,18,9,0,0,0,2,4,20,3,0,0,0,18,44,
6,0,0,14,1,1,18,0,1,0,0,0,21,2,0,0,0,0,0,0,17,
7,0,0,14,13,19,9,1,0,0,0,0,0,0,28,29,0,0,0,44,0,
8,261,4,0,0,0,0,0,0,0,327,10,0,0,0,0,17,0,0,0,0,
9,281,8,0,0,0,0,0,0,327,0,3,0,0,0,0,16,0,0,0,0,
10,4,105,0,0,0,0,0,0,10,3,0,0,0,0,0,31,0,0,0,0,
11,0,0,8,0,0,2,21,0,0,0,0,0,17,0,0,0,0,0,0,0,
12,0,0,1,0,0,4,2,0,0,0,0,17,0,0,0,0,0,0,0,1,
13,0,0,16,35,50,20,0,28,0,0,0,0,0,0,21,0,0,0,69,2,
14,0,0,6,40,42,3,0,29,0,0,0,0,0,21,0,0,0,0,37,0,
15,16,19,0,0,0,0,0,0,17,16,31,0,0,0,0,0,0,0,0,0,
16,0,0,0,0,0,0,0,0,0,0,0,0,0,0,0,0,0,113,0,0,
17,0,0,0,0,0,0,0,0,0,0,0,0,0,0,0,0,113,0,0,0,
18,0,0,16,55,52,18,0,44,0,0,0,0,0,69,37,0,0,0,0,3,
19,0,0,109,4,1,44,17,0,0,0,0,0,1,2,0,0,0,0,3,0,
0,0,9,0,0,8,1,127,0,7,0,0,0,0,0,0,0,0,1,4,0,
1,9,0,1,0,0,0,6,0,0,3,0,0,0,3,0,2,0,0,296,0,
2,0,1,0,0,10,4,4,10,4,15,0,0,25,8,0,5,4,8,0,3,
3,0,0,0,0,0,6,0,4,0,3,3,0,4,1,0,0,3,4,0,6,
4,8,0,10,0,0,1,9,0,20,4,0,1,2,5,0,6,0,0,0,0,
5,1,0,4,6,1,0,0,5,0,25,1,0,29,19,0,22,23,8,0,7,
6,127,6,4,0,9,0,0,0,7,0,0,0,1,1,0,0,0,0,0,0,
7,0,0,10,4,0,5,0,0,0,15,1,0,32,7,0,9,16,6,0,17,
8,7,0,4,0,20,0,7,0,0,2,0,0,1,2,0,1,2,4,0,0,
9,0,3,15,3,4,25,0,15,2,0,0,0,16,12,0,28,18,13,5,4,
10,0,0,0,3,0,1,0,1,0,0,0,0,1,2,0,1,0,0,0,2,
11,0,0,0,0,1,0,0,0,0,0,0,0,0,0,36,0,0,0,0,0,
12,0,0,25,4,2,29,1,32,1,16,1,0,0,7,0,13,26,4,0,15,
13,0,3,8,1,5,19,1,7,2,12,2,0,7,0,0,16,14,13,6,0,
14,0,0,0,0,0,0,0,0,0,0,0,36,0,0,0,0,0,0,0,0,
15,0,2,5,0,6,22,0,9,1,28,1,0,13,16,0,0,13,13,3,0,
16,0,0,4,3,0,23,0,16,2,18,0,0,26,14,0,13,0,0,0,9,
17,1,0,8,4,0,8,0,6,4,13,0,0,4,13,0,13,0,0,0,6,
18,4,296,0,0,0,0,0,0,0,5,0,0,0,6,0,3,0,0,0,0,
19,0,0,3,6,0,7,0,17,0,4,2,0,15,0,0,0,9,6,0,0,
0,0,1,0,1,1,1,1,1,1,3,1,0,23,0,1,1,0,0,1,1,
1,1,0,0,0,0,142,0,156,187,20,0,0,38,0,0,0,144,0,0,0,
2,0,0,0,0,0,0,0,0,0,0,0,0,0,0,0,0,0,0,0,0,
3,1,0,0,0,50,0,19,0,0,0,6,0,0,8,55,32,0,0,50,65,
4,1,0,0,50,0,0,7,0,0,0,18,0,1,10,53,44,0,0,63,60,
5,1,142,0,0,0,0,0,127,147,15,0,0,32,0,0,0,163,0,0,0,
6,1,0,0,19,7,0,0,0,0,1,6,0,0,41,9,21,0,0,11,7,
7,1,156,0,0,0,127,0,0,135,18,0,0,33,0,0,0,117,0,0,0,
8,1,187,0,0,0,147,0,135,0,14,0,0,29,0,0,0,140,0,0,0,
9,3,20,0,0,0,15,1,18,14,0,0,0,25,0,0,0,14,0,0,0,
10,1,0,0,6,18,0,6,0,0,0,0,0,0,1,17,21,0,0,17,17,
11,0,0,0,0,0,0,0,0,0,0,0,0,0,0,0,0,0,10,0,0,
12,23,38,0,0,1,32,0,33,29,25,0,0,0,0,0,0,31,0,0,0,
13,0,0,0,8,10,0,41,0,0,0,1,0,0,0,8,36,0,0,3,8,
14,1,0,0,55,53,0,9,0,0,0,17,0,0,8,0,55,0,0,65,74,
15,1,0,0,32,44,0,21,0,0,0,21,0,0,36,55,0,0,0,38,53,
16,0,144,0,0,0,163,0,117,140,14,0,0,31,0,0,0,0,0,0,0,
17,0,0,0,0,0,0,0,0,0,0,0,10,0,0,0,0,0,0,0,0,
18,1,0,0,50,63,0,11,0,0,0,17,0,0,3,65,38,0,0,0,55,
19,1,0,0,65,60,0,7,0,0,0,17,0,0,8,74,53,0,0,55,0,
0,0,0,0,0,0,0,128,0,0,4,0,0,0,0,0,43,0,0,0,0,
1,0,0,2,0,0,0,1,0,0,15,0,0,3,0,0,5,1,0,51,0,
2,0,2,0,0,0,0,0,0,0,1,0,0,51,0,15,0,25,0,3,0,
3,0,0,0,0,0,68,0,1,0,2,83,0,0,17,0,0,0,2,0,85,
4,0,0,0,0,0,0,0,0,34,0,0,79,0,0,0,0,0,0,0,1,
5,0,0,0,68,0,0,0,0,3,1,66,0,0,15,0,0,0,1,0,69,
6,128,1,0,0,0,0,0,0,0,0,0,0,0,0,0,58,0,0,0,0,
7,0,0,0,1,0,0,0,0,0,0,2,0,0,0,0,0,0,21,0,1,
8,0,0,0,0,34,3,0,0,0,0,0,38,0,0,0,0,0,0,0,0,
9,4,15,1,2,0,1,0,0,0,0,0,0,2,0,0,21,1,0,10,0,
10,0,0,0,83,0,66,0,2,0,0,0,0,0,13,0,0,0,2,0,90,
11,0,0,0,0,79,0,0,0,38,0,0,0,0,0,0,0,0,0,0,0,
12,0,3,51,0,0,0,0,0,0,2,0,0,0,0,6,0,23,0,4,0,
13,0,0,0,17,0,15,0,0,0,0,13,0,0,0,0,0,0,2,0,31,
14,0,0,15,0,0,0,0,0,0,0,0,0,6,0,0,0,9,0,0,0,
15,43,5,0,0,0,0,58,0,0,21,0,0,0,0,0,0,1,0,0,0,
16,0,1,25,0,0,0,0,0,0,1,0,0,23,0,9,1,0,0,2,0,
17,0,0,0,2,0,1,0,21,0,0,2,0,0,2,0,0,0,0,0,1,
18,0,51,3,0,0,0,0,0,0,10,0,0,4,0,0,0,2,0,0,0,
19,0,0,0,85,1,69,0,1,0,0,90,0,0,31,0,0,0,1,0,0,
0,0,0,29,67,43,0,9,0,13,0,30,0,21,0,0,0,0,0,80,0,
1,0,0,0,0,0,78,0,0,0,0,0,98,0,0,0,0,0,0,0,7,
2,29,0,0,45,15,0,1,0,102,0,1,0,31,0,0,0,0,0,30,1,
3,67,0,45,0,48,0,0,0,7,0,28,0,37,0,0,0,0,0,98,2,
4,43,0,15,48,0,0,0,2,2,1,18,0,13,1,0,0,0,3,58,0,
5,0,78,0,0,0,0,0,0,1,0,0,88,0,0,0,0,0,0,0,12,
6,9,0,1,0,0,0,0,0,0,0,0,0,0,1,0,0,1,0,0,0,
7,0,0,0,0,2,0,0,0,0,52,3,0,0,65,50,16,37,48,0,2,
8,13,0,102,7,2,1,0,0,0,0,1,0,92,0,0,0,0,0,13,0,
9,0,0,0,0,1,0,0,52,0,0,0,0,0,156,147,14,136,67,0,0,
10,30,0,1,28,18,0,0,3,1,0,0,0,9,0,0,0,0,0,36,3,
11,0,98,0,0,0,88,0,0,0,0,0,0,0,0,0,0,0,0,0,11,
12,21,0,31,37,13,0,0,0,92,0,9,0,0,0,0,0,0,0,32,0,
13,0,0,0,0,1,0,1,65,0,156,0,0,0,0,128,17,107,76,0,0,
14,0,0,0,0,0,0,0,50,0,147,0,0,0,128,0,14,95,43,0,0,
15,0,0,0,0,0,0,0,16,0,14,0,0,0,17,14,0,12,32,0,0,
16,0,0,0,0,0,0,1,37,0,136,0,0,0,107,95,12,0,71,0,0,
17,0,0,0,0,3,0,0,48,0,67,0,0,0,76,43,32,71,0,0,0,
18,80,0,30,98,58,0,0,0,13,0,36,0,32,0,0,0,0,0,0,0,
19,0,7,1,2,0,12,0,2,0,0,3,11,0,0,0,0,0,0,0,0,
0,0,25,0,0,0,0,1,0,16,0,7,0,0,0,0,0,0,0,0,0,
1,25,0,0,3,0,0,6,0,2,1,13,4,0,5,0,0,0,0,4,0,
2,0,0,0,0,44,0,1,0,0,0,0,0,5,2,0,7,54,66,0,0,
3,0,3,0,0,0,2,0,0,0,113,0,108,0,0,132,0,0,0,96,52,
4,0,0,44,0,0,0,1,0,0,0,0,0,2,2,0,12,37,54,0,0,
5,0,0,0,2,0,0,0,0,0,6,0,4,0,0,4,0,0,0,2,2,
6,1,6,1,0,1,0,0,3,0,0,74,0,0,360,0,0,0,3,0,0,
7,0,0,0,0,0,0,3,0,0,0,1,0,0,5,0,0,0,0,0,0,
8,16,2,0,0,0,0,0,0,0,0,4,0,0,0,0,0,0,0,0,0,
9,0,1,0,113,0,6,0,0,0,0,0,120,0,0,145,0,0,0,113,91,
10,7,13,0,0,0,0,74,1,4,0,0,0,0,67,0,0,0,0,0,0,
11,0,4,0,108,0,4,0,0,0,120,0,0,0,0,120,0,0,0,106,88,
12,0,0,5,0,2,0,0,0,0,0,0,0,0,0,0,6,6,4,0,0,
13,0,5,2,0,2,0,360,5,0,0,67,0,0,0,0,0,0,4,0,0,
14,0,0,0,132,0,4,0,0,0,145,0,120,0,0,0,0,0,0,105,82,
15,0,0,7,0,12,0,0,0,0,0,0,0,6,0,0,0,4,3,0,0,
16,0,0,54,0,37,0,0,0,0,0,0,0,6,0,0,4,0,68,0,0,
17,0,0,66,0,54,0,3,0,0,0,0,0,4,4,0,3,68,0,0,0,
18,0,4,0,96,0,2,0,0,0,113,0,106,0,0,105,0,0,0,0,111,
19,0,0,0,52,0,2,0,0,0,91,0,88,0,0,82,0,0,0,111,0,
0,0,1,0,7,39,0,0,58,29,26,0,3,40,0,54,0,0,1,0,43,
1,1,0,1,0,1,0,0,2,0,1,0,0,0,0,0,1,0,23,2,0,
2,0,1,0,0,0,0,0,0,0,0,43,0,0,0,0,115,84,0,114,0,
3,7,0,0,0,2,0,0,0,0,3,0,237,5,0,0,0,0,3,0,0,
4,39,1,0,2,0,0,0,81,37,67,0,3,27,0,87,0,0,1,0,84,
5,0,0,0,0,0,0,0,0,0,0,0,0,0,1,0,0,0,0,0,0,
6,0,0,0,0,0,0,0,0,0,0,0,0,0,0,0,0,0,0,0,0,
7,58,2,0,0,81,0,0,0,79,112,0,0,92,2,165,0,0,2,0,56,
8,29,0,0,0,37,0,0,79,0,39,0,0,23,1,67,0,0,2,0,25,
9,26,1,0,3,67,0,0,112,39,0,0,4,23,0,108,0,0,0,0,54,
10,0,0,43,0,0,0,0,0,0,0,0,0,0,0,0,40,54,0,48,0,
11,3,0,0,237,3,0,0,0,0,4,0,0,8,0,0,0,0,2,0,2,
12,40,0,0,5,27,0,0,92,23,23,0,8,0,0,67,0,0,0,0,33,
13,0,0,0,0,0,1,0,2,1,0,0,0,0,0,0,0,0,0,0,0,
14,54,0,0,0,87,0,0,165,67,108,0,0,67,0,0,0,0,1,0,58,
15,0,1,115,0,0,0,0,0,0,0,40,0,0,0,0,0,119,0,124,0,
16,0,0,84,0,0,0,0,0,0,0,54,0,0,0,0,119,0,0,100,0,
17,1,23,0,3,1,0,0,2,2,0,0,2,0,0,1,0,0,0,0,0,
18,0,2,114,0,0,0,0,0,0,0,48,0,0,0,0,124,100,0,0,0,
19,43,0,0,0,84,0,0,56,25,54,0,2,33,0,58,0,0,0,0,0,
0,0,1,0,7,0,5,0,39,2,0,0,17,13,1,6,53,4,1,1,0,
1,1,0,0,0,0,0,17,0,1,7,0,0,5,0,0,1,0,0,0,0,
2,0,0,0,2,0,47,0,2,57,0,27,53,10,1,4,0,10,2,0,0,
3,7,0,2,0,0,0,0,5,0,0,3,1,2,10,4,3,35,33,33,35,
4,0,0,0,0,0,0,0,0,0,0,0,0,0,0,0,0,0,0,0,0,
5,5,0,47,0,0,0,0,4,35,0,36,61,11,1,4,7,8,0,0,0,
6,0,17,0,0,0,0,0,0,0,27,0,0,0,0,0,0,0,0,0,0,
7,39,0,2,5,0,4,0,0,1,0,7,22,13,4,6,19,9,5,0,6,
8,2,1,57,0,0,35,0,1,0,0,19,22,9,2,1,6,4,0,0,0,
9,0,7,0,0,0,0,27,0,0,0,0,0,0,0,0,0,0,0,0,0,
10,0,0,27,3,0,36,0,7,19,0,0,17,1,1,85,2,0,0,0,0,
11,17,0,53,1,0,61,0,22,22,0,17,0,22,2,0,19,11,1,0,1,
12,13,5,10,2,0,11,0,13,9,0,1,22,0,6,4,16,7,2,4,0,
13,1,0,1,10,0,1,0,4,2,0,1,2,6,0,0,0,13,22,30,17,
14,6,0,4,4,0,4,0,6,1,0,85,0,4,0,0,0,0,0,0,0,
15,53,1,0,3,0,7,0,19,6,0,2,19,16,0,0,0,0,0,0,0,
16,4,0,10,35,0,8,0,9,4,0,0,11,7,13,0,0,0,9,17,12,
17,1,0,2,33,0,0,0,5,0,0,0,1,2,22,0,0,9,0,54,60,
18,1,0,0,33,0,0,0,0,0,0,0,0,4,30,0,0,17,54,0,53,
19,0,0,0,35,0,0,0,6,0,0,0,1,0,17,0,0,12,60,53,0,
0,0,8,0,7,2,0,0,6,6,8,0,6,6,1,0,0,1,4,0,0,
1,8,0,0,64,5,3,0,88,127,113,0,0,82,3,0,0,0,0,0,0,
2,0,0,0,0,0,0,11,0,0,0,92,1,0,0,0,0,0,0,0,0,
3,7,64,0,0,6,2,0,161,13,96,0,0,149,1,0,0,0,0,0,0,
4,2,5,0,6,0,255,0,3,0,1,0,0,1,176,0,0,0,0,0,0,
5,0,3,0,2,255,0,0,2,0,3,0,0,3,197,0,0,0,0,0,0,
6,0,0,11,0,0,0,0,0,0,0,2,4,0,0,32,2,9,5,0,0,
7,6,88,0,161,3,2,0,0,37,102,0,0,171,3,0,0,0,0,0,0,
8,6,127,0,13,0,0,0,37,0,58,0,0,13,0,0,0,0,1,0,0,
9,8,113,0,96,1,3,0,102,58,0,0,6,87,0,1,0,2,5,0,0,
10,0,0,92,0,0,0,2,0,0,0,0,2,0,0,1,0,0,2,0,0,
11,6,0,1,0,0,0,4,0,0,6,2,0,0,0,22,0,108,97,0,0,
12,6,82,0,149,1,3,0,171,13,87,0,0,0,2,0,0,0,0,0,0,
13,1,3,0,1,176,197,0,3,0,0,0,0,2,0,0,0,0,0,0,0,
14,0,0,0,0,0,0,32,0,0,1,1,22,0,0,0,1,25,43,0,0,
15,0,0,0,0,0,0,2,0,0,0,0,0,0,0,1,0,0,0,0,0,
16,1,0,0,0,0,0,9,0,0,2,0,108,0,0,25,0,0,115,0,0,
17,4,0,0,0,0,0,5,0,1,5,2,97,0,0,43,0,115,0,0,0,
18,0,0,0,0,0,0,0,0,0,0,0,0,0,0,0,0,0,0,0,0,
19,0,0,0,0,0,0,0,0,0,0,0,0,0,0,0,0,0,0,0,0,
0,0,0,1,0,0,8,35,0,0,0,0,0,1,0,0,3,0,0,0,0,
1,0,0,3,1,1,0,0,55,38,81,29,5,0,0,54,0,32,33,0,37,
2,1,3,0,1,8,0,0,2,0,3,1,2,26,1,0,30,0,5,0,0,
3,0,1,1,0,7,0,0,1,1,5,18,27,1,32,10,0,13,10,0,12,
4,0,1,8,7,0,0,0,2,0,1,5,5,9,8,1,2,2,3,0,5,
5,8,0,0,0,0,0,61,0,0,0,0,0,0,0,0,0,0,0,0,0,
6,35,0,0,0,0,61,0,0,0,0,0,0,0,0,0,1,0,0,4,0,
7,0,55,2,1,2,0,0,0,23,78,29,14,1,3,37,0,23,62,0,49,
8,0,38,0,1,0,0,0,23,0,63,29,3,0,1,37,0,24,29,0,38,
9,0,81,3,5,1,0,0,78,63,0,47,13,1,3,59,0,43,55,0,47,
10,0,29,1,18,5,0,0,29,29,47,0,12,0,33,24,0,0,33,0,35,
11,0,5,2,27,5,0,0,14,3,13,12,0,0,34,13,0,17,23,0,11,
12,1,0,26,1,9,0,0,1,0,1,0,0,0,0,0,36,1,1,0,0,
13,0,0,1,32,8,0,0,3,1,3,33,34,0,0,7,0,22,14,0,7,
14,0,54,0,10,1,0,0,37,37,59,24,13,0,7,0,0,68,2,0,19,
15,3,0,30,0,2,0,1,0,0,0,0,0,36,0,0,0,0,0,1,0,
16,0,32,0,13,2,0,0,23,24,43,0,17,1,22,68,0,0,5,0,5,
17,0,33,5,10,3,0,0,62,29,55,33,23,1,14,2,0,5,0,0,28,
18,0,0,0,0,0,0,4,0,0,0,0,0,0,0,0,1,0,0,0,0,
19,0,37,0,12,5,0,0,49,38,47,35,11,0,7,19,0,5,28,0,0,
0,0,0,0,4,0,0,0,0,18,0,0,21,24,0,31,0,22,2,0,0,
1,0,0,0,0,0,0,0,0,0,264,0,0,0,0,10,0,0,0,0,4,
2,0,0,0,0,0,0,0,0,0,0,0,0,0,0,0,0,0,0,0,0,
3,4,0,0,0,0,0,0,0,12,0,7,9,9,0,13,0,8,0,0,0,
4,0,0,0,0,0,20,16,9,0,0,0,0,0,31,0,24,0,0,5,19,
5,0,0,0,0,20,0,23,10,0,0,4,0,0,21,0,11,0,0,4,16,
6,0,0,0,0,16,23,0,19,0,0,0,0,0,12,0,6,0,0,1,5,
7,0,0,0,0,9,10,19,0,0,0,0,0,0,62,0,123,0,0,0,0,
8,18,0,0,12,0,0,0,0,0,0,0,75,27,0,42,0,78,1,0,0,
9,0,264,0,0,0,0,0,0,0,0,0,0,0,0,9,0,0,0,3,5,
10,0,0,0,7,0,4,0,0,0,0,0,0,0,0,0,0,0,0,24,15,
11,21,0,0,9,0,0,0,0,75,0,0,0,30,0,64,0,62,2,0,0,
12,24,0,0,9,0,0,0,0,27,0,0,30,0,0,26,0,15,3,0,0,
13,0,0,0,0,31,21,12,62,0,0,0,0,0,0,0,69,0,0,2,1,
14,31,10,0,13,0,0,0,0,42,9,0,64,26,0,0,0,66,3,0,3,
15,0,0,0,0,24,11,6,123,0,0,0,0,0,69,0,0,0,0,8,1,
16,22,0,0,8,0,0,0,0,78,0,0,62,15,0,66,0,0,3,0,0,
17,2,0,0,0,0,0,0,0,1,0,0,2,3,0,3,0,3,0,0,0,
18,0,0,0,0,5,4,1,0,0,3,24,0,0,2,0,8,0,0,0,61,
19,0,4,0,0,19,16,5,0,0,5,15,0,0,1,3,1,0,0,61,0,
0,0,21,6,0,6,0,0,4,19,4,0,0,12,0,1,18,1,2,0,25,
1,21,0,0,0,31,0,2,5,23,1,0,0,3,0,0,11,27,3,0,17,
2,6,0,0,35,1,0,0,10,11,7,0,12,17,0,25,1,0,6,0,1,
3,0,0,35,0,0,0,0,8,0,3,0,38,3,0,43,0,0,1,0,0,
4,6,31,1,0,0,0,5,0,10,0,0,0,0,2,0,12,56,0,0,15,
5,0,0,0,0,0,0,0,0,0,0,0,0,0,0,0,0,0,0,45,0,
6,0,2,0,0,5,0,0,0,0,0,0,0,0,36,0,0,7,0,0,0,
7,4,5,10,8,0,0,0,0,0,4,0,3,2,0,2,0,0,7,0,2,
8,19,23,11,0,10,0,0,0,0,19,0,0,26,1,3,19,1,20,0,25,
9,4,1,7,3,0,0,0,4,19,0,0,2,40,0,2,8,0,60,0,5,
10,0,0,0,0,0,0,0,0,0,0,0,0,0,0,0,0,0,0,0,0,
11,0,0,12,38,0,0,0,3,0,2,0,0,0,0,24,0,0,1,0,0,
12,12,3,17,3,0,0,0,2,26,40,0,0,0,0,48,5,0,33,0,1,
13,0,0,0,0,2,0,36,0,1,0,0,0,0,0,0,5,5,0,0,0,
14,1,0,25,43,0,0,0,2,3,2,0,24,48,0,0,0,0,6,1,0,
15,18,11,1,0,12,0,0,0,19,8,0,0,5,5,0,0,30,4,0,33,
16,1,27,0,0,56,0,7,0,1,0,0,0,0,5,0,30,0,0,0,0,
17,2,3,6,1,0,0,0,7,20,60,0,1,33,0,6,4,0,0,0,0,
18,0,0,0,0,0,45,0,0,0,0,0,0,0,0,1,0,0,0,0,0,
19,25,17,1,0,15,0,0,2,25,5,0,0,1,0,0,33,0,0,0,0,
0,0,5,1,0,55,74,0,1,2,95,1,1,0,52,54,35,64,0,0,0,
1,5,0,0,0,2,3,0,0,0,2,0,0,0,11,6,3,2,0,0,0,
2,1,0,0,64,0,0,55,3,68,0,16,107,64,0,0,0,0,61,58,20,
3,0,0,64,0,0,0,48,10,37,0,8,64,41,0,0,7,0,44,31,16,
4,55,2,0,0,0,57,0,0,0,84,0,0,0,27,75,30,38,0,0,0,
5,74,3,0,0,57,0,0,0,1,69,0,0,0,46,54,28,43,0,0,0,
6,0,0,55,48,0,0,0,2,44,0,12,54,44,0,0,0,2,46,33,17,
7,1,0,3,10,0,0,2,0,3,0,2,2,2,0,0,26,2,0,3,1,
8,2,0,68,37,0,1,44,3,0,0,12,70,67,0,0,0,0,39,48,19,
9,95,2,0,0,84,69,0,0,0,0,0,0,0,24,69,10,64,0,0,0,
10,1,0,16,8,0,0,12,2,12,0,0,15,15,0,0,0,0,14,12,4,
11,1,0,107,64,0,0,54,2,70,0,15,0,53,0,0,0,0,51,67,27,
12,0,0,64,41,0,0,44,2,67,0,15,53,0,0,0,0,0,36,57,32,
13,52,11,0,0,27,46,0,0,0,24,0,0,0,0,30,24,19,0,0,0,
14,54,6,0,0,75,54,0,0,0,69,0,0,0,30,0,18,55,0,0,0,
15,35,3,0,7,30,28,0,26,0,10,0,0,0,24,18,0,11,0,0,0,
16,64,2,0,0,38,43,2,2,0,64,0,0,0,19,55,11,0,0,1,0,
17,0,0,61,44,0,0,46,0,39,0,14,51,36,0,0,0,0,0,37,13,
18,0,0,58,31,0,0,33,3,48,0,12,67,57,0,0,0,1,37,0,25,
19,0,0,20,16,0,0,17,1,19,0,4,27,32,0,0,0,0,13,25,0,
0,0,66,0,0,0,56,59,1,0,19,0,0,0,66,0,0,75,45,0,0,
1,66,0,0,0,0,56,80,6,0,25,0,2,0,55,0,0,76,56,0,0,
2,0,0,0,0,1,0,0,0,20,0,20,0,11,0,17,7,0,0,21,2,
3,0,0,0,0,0,1,1,29,0,1,0,25,0,3,0,0,6,0,0,0,
4,0,0,1,0,0,0,0,0,0,0,0,0,0,0,0,0,0,0,100,0,
5,56,56,0,1,0,0,61,4,0,16,0,4,0,62,0,0,60,52,0,0,
6,59,80,0,1,0,61,0,2,0,32,0,6,0,52,0,0,53,62,0,0,
7,1,6,0,29,0,4,2,0,0,0,0,26,0,8,0,0,12,2,0,0,
8,0,0,20,0,0,0,0,0,0,1,145,0,105,0,139,131,0,0,1,0,
9,19,25,0,1,0,16,32,0,1,0,0,3,0,14,0,0,6,24,0,0,
10,0,0,20,0,0,0,0,0,145,0,0,0,113,0,119,122,0,0,1,0,
11,0,2,0,25,0,4,6,26,0,3,0,0,0,0,0,0,11,4,0,0,
12,0,0,11,0,0,0,0,0,105,0,113,0,0,0,109,109,0,0,2,0,
13,66,55,0,3,0,62,52,8,0,14,0,0,0,0,0,0,49,50,0,0,
14,0,0,17,0,0,0,0,0,139,0,119,0,109,0,0,115,0,0,0,0,
15,0,0,7,0,0,0,0,0,131,0,122,0,109,0,115,0,0,0,4,0,
16,75,76,0,6,0,60,53,12,0,6,0,11,0,49,0,0,0,53,0,0,
17,45,56,0,0,0,52,62,2,0,24,0,4,0,50,0,0,53,0,0,0,
18,0,0,21,0,100,0,0,0,1,0,1,0,2,0,0,4,0,0,0,2,
19,0,0,2,0,0,0,0,0,0,0,0,0,0,0,0,0,0,0,2,0,
0,0,0,0,0,0,0,0,1,0,0,1,0,0,0,0,3,7,0,0,0,
1,0,0,0,14,0,3,0,0,0,0,0,0,9,19,0,0,0,0,8,0,
2,0,0,0,0,0,37,0,0,0,0,0,0,0,1,61,0,0,80,0,0,
3,0,14,0,0,1,0,0,0,1,0,1,0,46,14,0,0,0,0,26,10,
4,0,0,0,1,0,0,75,9,107,94,42,88,0,0,0,42,0,0,0,35,
5,0,3,37,0,0,0,0,0,0,0,0,0,0,0,48,0,0,48,0,0,
6,0,0,0,0,75,0,0,10,82,104,58,94,0,0,0,66,0,0,0,32,
7,1,0,0,0,9,0,10,0,13,5,20,7,0,1,0,3,0,0,0,22,
8,0,0,0,1,107,0,82,13,0,69,49,85,0,0,0,40,0,0,0,21,
9,0,0,0,0,94,0,104,5,69,0,50,104,0,0,0,40,0,0,0,31,
10,1,0,0,1,42,0,58,20,49,50,0,34,0,0,0,49,0,0,0,21,
11,0,0,0,0,88,0,94,7,85,104,34,0,0,0,0,35,0,0,0,35,
12,0,9,0,46,0,0,0,0,0,0,0,0,0,6,0,0,0,0,46,11,
13,0,19,1,14,0,0,0,1,0,0,0,0,6,0,0,0,0,0,25,11,
14,0,0,61,0,0,48,0,0,0,0,0,0,0,0,0,0,0,90,0,0,
15,3,0,0,0,42,0,66,3,40,40,49,35,0,0,0,0,160,0,0,1,
16,7,0,0,0,0,0,0,0,0,0,0,0,0,0,0,160,0,0,0,0,
17,0,0,80,0,0,48,0,0,0,0,0,0,0,0,90,0,0,0,0,0,
18,0,8,0,26,0,0,0,0,0,0,0,0,46,25,0,0,0,0,0,17,
19,0,0,0,10,35,0,32,22,21,31,21,35,11,11,0,1,0,0,17,0,
0,0,0,0,0,0,0,0,0,0,1,0,37,0,45,0,33,45,0,0,38,
1,0,0,0,0,0,0,0,52,0,0,0,0,0,0,0,0,0,0,0,0,
2,0,0,0,18,2,27,24,0,5,1,7,6,15,2,0,13,0,20,5,2,
3,0,0,18,0,9,55,46,0,1,0,12,1,2,1,8,0,0,43,0,1,
4,0,0,2,9,0,4,5,0,0,0,0,0,0,0,11,0,0,8,0,0,
5,0,0,27,55,4,0,61,0,1,0,6,0,1,0,12,0,0,61,0,1,
6,0,0,24,46,5,61,0,0,0,0,7,0,0,0,14,0,0,59,0,0,
7,0,52,0,0,0,0,0,0,0,0,0,0,0,0,0,0,0,0,0,0,
8,0,0,5,1,0,1,0,0,0,2,0,2,6,0,0,2,0,1,25,0,
9,1,0,1,0,0,0,0,0,2,0,0,0,0,0,0,0,2,0,0,0,
10,0,0,7,12,0,6,7,0,0,0,0,0,0,0,0,0,0,8,0,0,
11,37,0,6,1,0,0,0,0,2,0,0,0,15,26,0,80,38,1,0,35,
12,0,0,15,2,0,1,0,0,6,0,0,15,0,5,0,35,0,2,2,6,
13,45,0,2,1,0,0,0,0,0,0,0,26,5,0,0,29,41,0,0,38,
14,0,0,0,8,11,12,14,0,0,0,0,0,0,0,0,1,0,17,0,0,
15,33,0,13,0,0,0,0,0,2,0,0,80,35,29,1,0,28,0,0,31,
16,45,0,0,0,0,0,0,0,0,2,0,38,0,41,0,28,0,0,0,33,
17,0,0,20,43,8,61,59,0,1,0,8,1,2,0,17,0,0,0,0,0,
18,0,0,5,0,0,0,0,0,25,0,0,0,2,0,0,0,0,0,0,0,
19,38,0,2,1,0,1,0,0,0,0,0,35,6,38,0,31,33,0,0,0,
0,0,1,0,0,0,5,0,0,1,0,0,6,0,3,0,16,0,11,0,0,
1,1,0,0,0,185,0,0,0,0,0,0,0,0,0,0,0,0,0,0,0,
2,0,0,0,7,0,0,5,11,0,14,1,0,10,0,14,0,1,0,14,0,
3,0,0,7,0,0,0,8,56,0,58,1,0,61,0,69,0,0,0,34,2,
4,0,185,0,0,0,3,0,0,2,0,0,0,0,0,0,0,0,0,0,0,
5,5,0,0,0,3,0,0,0,12,0,0,76,0,11,0,71,0,86,0,0,
6,0,0,5,8,0,0,0,12,0,11,12,0,7,0,11,0,0,0,9,9,
7,0,0,11,56,0,0,12,0,0,86,0,0,45,0,80,0,0,0,40,1,
8,1,0,0,0,2,12,0,0,0,0,0,3,0,36,0,6,0,7,0,0,
9,0,0,14,58,0,0,11,86,0,0,0,0,42,0,86,0,0,0,41,1,
10,0,0,1,1,0,0,12,0,0,0,0,0,1,0,0,0,0,0,0,110,
11,6,0,0,0,0,76,0,0,3,0,0,0,0,17,0,61,0,102,0,0,
12,0,0,10,61,0,0,7,45,0,42,1,0,0,0,68,0,0,0,43,1,
13,3,0,0,0,0,11,0,0,36,0,0,17,0,0,0,14,0,41,0,0,
14,0,0,14,69,0,0,11,80,0,86,0,0,68,0,0,0,0,0,44,0,
15,16,0,0,0,0,71,0,0,6,0,0,61,0,14,0,0,0,56,0,0,
16,0,0,1,0,0,0,0,0,0,0,0,0,0,0,0,0,0,0,0,0,
17,11,0,0,0,0,86,0,0,7,0,0,102,0,41,0,56,0,0,0,0,
18,0,0,14,34,0,0,9,40,0,41,0,0,43,0,44,0,0,0,0,0,
19,0,0,0,2,0,0,9,1,0,1,110,0,1,0,0,0,0,0,0,0,
0,0,1,114,19,0,0,0,0,0,0,3,0,0,20,0,0,94,18,0,0,
1,1,0,1,2,0,0,13,0,7,2,20,8,22,13,7,2,1,6,0,0,
2,114,1,0,31,0,0,0,0,0,0,2,0,0,42,0,0,68,30,0,0,
3,19,2,31,0,0,0,0,1,0,0,15,0,0,11,0,0,11,27,0,0,
4,0,0,0,0,0,0,0,0,0,0,0,0,0,0,0,0,0,0,0,0,
5,0,0,0,0,0,0,7,0,5,4,0,6,14,0,13,0,0,0,0,31,
6,0,13,0,0,0,7,0,0,48,1,1,19,68,0,24,35,0,0,0,0,
7,0,0,0,1,0,0,0,0,0,0,0,0,0,0,0,0,0,1,0,0,
8,0,7,0,0,0,5,48,0,0,1,2,16,42,0,7,40,0,0,0,0,
9,0,2,0,0,0,4,1,0,1,0,9,8,0,0,12,4,0,0,0,8,
10,3,20,2,15,0,0,1,0,2,9,0,4,3,25,3,11,0,33,0,0,
11,0,8,0,0,0,6,19,0,16,8,4,0,27,0,6,27,0,0,0,3,
12,0,22,0,0,0,14,68,0,42,0,3,27,0,0,12,37,0,0,0,0,
13,20,13,42,11,0,0,0,0,0,0,25,0,0,0,0,0,23,72,0,0,
14,0,7,0,0,0,13,24,0,7,12,3,6,12,0,0,9,0,0,0,4,
15,0,2,0,0,0,0,35,0,40,4,11,27,37,0,9,0,0,0,0,0,
16,94,1,68,11,0,0,0,0,0,0,0,0,0,23,0,0,0,21,0,0,
17,18,6,30,27,0,0,0,1,0,0,33,0,0,72,0,0,21,0,0,0,
18,0,0,0,0,0,0,0,0,0,0,0,0,0,0,0,0,0,0,0,0,
19,0,0,0,0,0,31,0,0,0,8,0,3,0,0,4,0,0,0,0,0,
0,0,0,0,0,4,0,3,8,20,3,1,12,0,6,25,0,0,0,0,12,
1,0,0,0,0,4,22,0,0,0,0,0,0,11,0,0,0,24,0,24,2,
2,0,0,0,0,9,0,26,20,1,30,20,19,0,2,2,5,0,2,0,5,
3,0,0,0,0,0,0,0,1,0,0,0,0,0,0,0,0,0,0,0,0,
4,4,4,9,0,0,0,9,10,5,17,16,31,0,5,3,4,0,3,0,15,
5,0,22,0,0,0,0,0,0,0,0,0,0,0,0,0,0,22,0,6,0,
6,3,0,26,0,9,0,0,29,3,36,23,28,0,3,4,15,0,10,0,1,
7,8,0,20,1,10,0,29,0,9,39,40,26,0,6,3,3,0,2,0,11,
8,20,0,1,0,5,0,3,9,0,5,5,7,0,26,19,1,0,4,0,2,
9,3,0,30,0,17,0,36,39,5,0,17,20,0,30,10,10,0,5,0,1,
10,1,0,20,0,16,0,23,40,5,17,0,24,0,6,13,11,0,4,0,0,
11,12,0,19,0,31,0,28,26,7,20,24,0,0,12,4,5,0,11,0,10,
12,0,11,0,0,0,0,0,0,0,0,0,0,0,0,0,0,2,0,9,0,
13,6,0,2,0,5,0,3,6,26,30,6,12,0,0,9,0,0,1,0,3,
14,25,0,2,0,3,0,4,3,19,10,13,4,0,9,0,9,0,5,0,0,
15,0,0,5,0,4,0,15,3,1,10,11,5,0,0,9,0,0,84,0,3,
16,0,24,0,0,0,22,0,0,0,0,0,0,2,0,0,0,0,0,37,0,
17,0,0,2,0,3,0,10,2,4,5,4,11,0,1,5,84,0,0,0,1,
18,0,24,0,0,0,6,0,0,0,0,0,0,9,0,0,0,37,0,0,0,
19,12,2,5,0,15,0,1,11,2,1,0,10,0,3,0,3,0,1,0,0,
0,0,0,6,22,0,0,8,3,0,0,15,1,4,10,5,0,0,2,1,0,
1,0,0,0,0,2,0,0,4,7,0,0,2,0,0,6,23,10,1,1,4,
2,6,0,0,1,0,0,4,0,0,0,65,1,137,2,6,0,0,81,0,0,
3,22,0,1,0,0,0,1,1,0,1,5,1,0,2,0,0,1,3,1,0,
4,0,2,0,0,0,28,0,0,0,0,0,0,0,0,0,1,1,0,2,0,
5,0,0,0,0,28,0,0,0,0,0,0,0,0,0,0,1,0,0,0,0,
6,8,0,4,1,0,0,0,39,0,15,9,19,5,51,2,0,0,13,47,0,
7,3,4,0,1,0,0,39,0,11,28,0,18,4,74,6,24,6,0,68,12,
8,0,7,0,0,0,0,0,11,0,16,1,8,0,1,3,9,20,0,10,55,
9,0,0,0,1,0,0,15,28,16,0,0,11,1,16,2,9,17,0,28,28,
10,15,0,65,5,0,0,9,0,1,0,0,4,49,27,18,0,0,66,1,0,
11,1,2,1,1,0,0,19,18,8,11,4,0,1,47,22,0,6,7,36,3,
12,4,0,137,0,0,0,5,4,0,1,49,1,0,4,3,0,0,82,1,0,
13,10,0,2,2,0,0,51,74,1,16,27,47,4,0,18,2,2,2,73,1,
14,5,6,6,0,0,0,2,6,3,2,18,22,3,18,0,8,5,7,6,3,
15,0,23,0,0,1,1,0,24,9,9,0,0,0,2,8,0,4,0,5,24,
16,0,10,0,1,1,0,0,6,20,17,0,6,0,2,5,4,0,0,18,21,
17,2,1,81,3,0,0,13,0,0,0,66,7,82,2,7,0,0,0,0,0,
18,1,1,0,1,2,0,47,68,10,28,1,36,1,73,6,5,18,0,0,21,
19,0,4,0,0,0,0,0,12,55,28,0,3,0,1,3,24,21,0,21,0,
0,0,27,6,27,2,0,2,0,3,1,0,3,4,1,2,2,0,0,0,5,
1,27,0,0,38,0,0,10,0,1,0,0,0,0,0,0,2,0,0,0,0,
2,6,0,0,2,38,3,1,0,17,25,15,20,24,13,20,4,0,29,0,4,
3,27,38,2,0,4,0,2,0,34,13,0,37,32,0,39,23,0,1,0,19,
4,2,0,38,4,0,1,2,0,12,29,3,12,13,12,26,38,0,25,0,25,
5,0,0,3,0,1,0,0,81,0,3,14,0,0,4,0,0,0,0,81,0,
6,2,10,1,2,2,0,0,0,1,3,0,0,0,0,1,13,0,1,0,6,
7,0,0,0,0,0,81,0,0,0,1,7,0,0,1,0,0,0,0,104,0,
8,3,1,17,34,12,0,1,0,0,44,9,64,57,28,33,35,0,42,0,37,
9,1,0,25,13,29,3,3,1,44,0,10,34,23,15,22,13,0,22,3,25,
10,0,0,15,0,3,14,0,7,9,10,0,12,7,10,5,0,0,13,10,1,
11,3,0,20,37,12,0,0,0,64,34,12,0,63,14,51,48,1,21,0,45,
12,4,0,24,32,13,0,0,0,57,23,7,63,0,34,77,33,0,38,0,36,
13,1,0,13,0,12,4,0,1,28,15,10,14,34,0,24,2,0,31,0,1,
14,2,0,20,39,26,0,1,0,33,22,5,51,77,24,0,30,0,29,0,34,
15,2,2,4,23,38,0,13,0,35,13,0,48,33,2,30,0,3,5,0,55,
16,0,0,0,0,0,0,0,0,0,0,0,1,0,0,0,3,0,0,0,1,
17,0,0,29,1,25,0,1,0,42,22,13,21,38,31,29,5,0,0,0,2,
18,0,0,0,0,0,81,0,104,0,3,10,0,0,0,0,0,0,0,0,0,
19,5,0,4,19,25,0,6,0,37,25,1,45,36,1,34,55,1,2,0,0,
0,0,6,0,0,0,0,0,0,7,7,0,0,21,2,8,0,0,0,16,10,
1,6,0,0,0,0,0,0,0,2,1,0,0,2,3,23,0,0,0,35,10,
2,0,0,0,37,0,7,1,0,0,0,0,14,0,0,0,7,0,43,0,0,
3,0,0,37,0,0,26,6,0,0,0,0,38,0,0,0,28,0,48,0,0,
4,0,0,0,0,0,0,0,0,0,0,22,0,0,0,0,0,274,0,0,0,
5,0,0,7,26,0,0,25,0,0,0,0,104,0,0,0,131,0,54,0,0,
6,0,0,1,6,0,25,0,0,0,0,0,64,0,0,0,39,0,5,0,0,
7,0,0,0,0,0,0,0,0,34,0,12,0,0,68,0,0,0,0,0,0,
8,7,2,0,0,0,0,0,34,0,24,5,0,21,21,0,0,0,0,0,0,
9,7,1,0,0,0,0,0,0,24,0,0,0,46,16,1,0,0,0,0,0,
10,0,0,0,0,22,0,0,12,5,0,0,0,0,5,0,0,11,0,0,0,
11,0,0,14,38,0,104,64,0,0,0,0,0,0,0,0,75,0,62,0,0,
12,21,2,0,0,0,0,0,0,21,46,0,0,0,14,1,0,0,0,1,1,
13,2,3,0,0,0,0,0,68,21,16,5,0,14,0,1,0,0,0,0,0,
14,8,23,0,0,0,0,0,0,0,1,0,0,1,1,0,0,0,0,12,21,
15,0,0,7,28,0,131,39,0,0,0,0,75,0,0,0,0,0,45,0,0,
16,0,0,0,0,274,0,0,0,0,0,11,0,0,0,0,0,0,0,0,0,
17,0,0,43,48,0,54,5,0,0,0,0,62,0,0,0,45,0,0,0,0,
18,16,35,0,0,0,0,0,0,0,0,0,0,1,0,12,0,0,0,0,48,
19,10,10,0,0,0,0,0,0,0,0,0,0,1,0,21,0,0,0,48,0,
0,0,84,80,91,72,20,0,0,82,0,0,71,91,6,1,0,0,72,0,0,
1,84,0,99,106,85,11,0,0,114,0,0,92,85,8,0,0,0,89,0,0,
2,80,99,0,104,92,12,0,1,134,0,0,101,107,2,0,0,0,114,0,0,
3,91,106,104,0,94,22,0,0,117,0,0,122,117,5,0,0,0,109,0,0,
4,72,85,92,94,0,1,0,0,89,0,0,93,103,1,0,0,0,68,0,0,
5,20,11,12,22,1,0,0,0,21,0,0,15,9,116,0,0,0,20,0,0,
6,0,0,0,0,0,0,0,0,0,61,43,0,0,0,0,94,0,0,2,0,
7,0,0,1,0,0,0,0,0,0,1,0,0,2,0,31,0,127,2,5,10,
8,82,114,134,117,89,21,0,0,0,0,0,110,105,7,0,0,0,100,0,0,
9,0,0,0,0,0,0,61,1,0,0,25,0,0,0,0,69,0,0,2,0,
10,0,0,0,0,0,0,43,0,0,25,0,0,0,0,0,55,0,0,5,0,
11,71,92,101,122,93,15,0,0,110,0,0,0,105,6,0,0,0,106,0,0,
12,91,85,107,117,103,9,0,2,105,0,0,105,0,5,0,0,0,96,0,0,
13,6,8,2,5,1,116,0,0,7,0,0,6,5,0,0,0,0,6,0,0,
14,1,0,0,0,0,0,0,31,0,0,0,0,0,0,0,0,2,0,6,0,
15,0,0,0,0,0,0,94,0,0,69,55,0,0,0,0,0,0,0,1,0,
16,0,0,0,0,0,0,0,127,0,0,0,0,0,0,2,0,0,0,5,12,
17,72,89,114,109,68,20,0,2,100,0,0,106,96,6,0,0,0,0,0,0,
18,0,0,0,0,0,0,2,5,0,2,5,0,0,0,6,1,5,0,0,124,
19,0,0,0,0,0,0,0,10,0,0,0,0,0,0,0,0,12,0,124,0,
0,0,0,0,0,0,1,0,0,0,0,0,2,33,138,0,0,2,0,0,85,
1,0,0,0,74,8,0,0,82,84,0,0,0,0,0,35,0,0,0,0,0,
2,0,0,0,1,3,1,4,0,0,0,147,0,0,0,2,2,0,127,148,0,
3,0,74,1,0,11,0,0,84,81,0,5,0,0,0,40,0,0,0,1,0,
4,0,8,3,11,0,0,46,11,15,0,3,0,0,0,17,21,0,25,1,0,
5,1,0,1,0,0,0,0,0,0,0,0,0,0,3,0,0,0,0,0,0,
6,0,0,4,0,46,0,0,0,0,0,0,0,0,0,1,38,0,11,7,0,
7,0,82,0,84,11,0,0,0,69,0,0,0,0,0,41,0,0,0,0,0,
8,0,84,0,81,15,0,0,69,0,0,0,0,0,0,31,0,1,0,0,0,
9,0,0,0,0,0,0,0,0,0,0,0,16,0,0,0,0,7,0,0,0,
10,0,0,147,5,3,0,0,0,0,0,0,0,0,0,12,2,0,122,132,0,
11,2,0,0,0,0,0,0,0,0,16,0,0,11,5,0,0,23,0,0,10,
12,33,0,0,0,0,0,0,0,0,0,0,11,0,30,0,0,9,0,0,25,
13,138,0,0,0,0,3,0,0,0,0,0,5,30,0,0,0,1,0,0,127,
14,0,35,2,40,17,0,1,41,31,0,12,0,0,0,0,0,1,3,4,0,
15,0,0,2,0,21,0,38,0,0,0,2,0,0,0,0,0,0,11,2,0,
16,2,0,0,0,0,0,0,0,1,7,0,23,9,1,1,0,0,0,0,2,
17,0,0,127,0,25,0,11,0,0,0,122,0,0,0,3,11,0,0,106,0,
18,0,0,148,1,1,0,7,0,0,0,132,0,0,0,4,2,0,106,0,0,
19,85,0,0,0,0,0,0,0,0,0,0,10,25,127,0,0,2,0,0,0,
0,0,0,0,16,0,21,0,0,10,1,0,0,0,16,3,11,0,0,25,0,
1,0,0,4,0,0,0,0,0,0,0,0,0,70,0,0,0,3,1,0,91,
2,0,4,0,0,0,0,0,0,5,0,0,34,20,0,0,0,43,58,0,3,
3,16,0,0,0,0,2,0,1,46,5,0,0,0,26,19,52,0,0,11,0,
4,0,0,0,0,0,0,6,0,0,0,0,0,0,0,0,0,0,0,0,0,
5,21,0,0,2,0,0,6,0,3,0,0,1,0,15,0,8,0,0,0,0,
6,0,0,0,0,6,6,0,0,0,0,0,0,0,0,0,0,0,0,0,0,
7,0,0,0,1,0,0,0,0,0,14,8,0,0,0,16,0,0,0,0,0,
8,10,0,5,46,0,3,0,0,0,2,0,35,0,36,12,39,0,0,1,0,
9,1,0,0,5,0,0,0,14,2,0,16,0,0,7,36,5,0,0,7,0,
10,0,0,0,0,0,0,0,8,0,16,0,0,0,0,8,0,0,0,1,0,
11,0,0,34,0,0,1,0,0,35,0,0,0,10,5,0,1,23,47,0,0,
12,0,70,20,0,0,0,0,0,0,0,0,10,0,0,0,0,9,8,0,81,
13,16,0,0,26,0,15,0,0,36,7,0,5,0,0,26,37,1,0,2,0,
14,3,0,0,19,0,0,0,16,12,36,8,0,0,26,0,16,0,0,7,0,
15,11,0,0,52,0,8,0,0,39,5,0,1,0,37,16,0,0,0,11,0,
16,0,3,43,0,0,0,0,0,0,0,0,23,9,1,0,0,0,38,0,2,
17,0,1,58,0,0,0,0,0,0,0,0,47,8,0,0,0,38,0,0,3,
18,25,0,0,11,0,0,0,0,1,7,1,0,0,2,7,11,0,0,0,0,
19,0,91,3,0,0,0,0,0,0,0,0,0,81,0,0,0,2,3,0,0,
0,0,0,1,0,0,11,0,30,0,0,0,0,0,0,26,12,0,36,11,0,
1,0,0,0,1,111,0,195,0,4,43,0,68,7,31,0,0,0,0,0,164,
2,1,0,0,0,0,5,0,0,0,0,0,0,0,0,1,3,4,0,3,0,
3,0,1,0,0,0,0,0,0,42,0,52,0,7,0,0,0,0,0,0,1,
4,0,111,0,0,0,0,155,0,0,259,0,203,6,66,0,0,0,0,0,132,
5,11,0,5,0,0,0,0,0,0,0,0,0,0,0,15,2,13,0,27,0,
6,0,195,0,0,155,0,0,0,4,88,0,15,6,65,0,0,0,0,0,196,
7,30,0,0,0,0,0,0,0,0,0,0,0,0,0,2,38,0,63,0,0,
8,0,4,0,42,0,0,4,0,0,1,57,3,10,2,0,0,0,0,1,3,
9,0,43,0,0,259,0,88,0,1,0,0,306,10,53,0,0,0,0,0,62,
10,0,0,0,52,0,0,0,0,57,0,0,0,11,0,0,0,0,0,0,0,
11,0,68,0,0,203,0,15,0,3,306,0,0,1,12,0,0,0,0,0,31,
12,0,7,0,7,6,0,6,0,10,10,11,1,0,89,0,0,0,0,0,22,
13,0,31,0,0,66,0,65,0,2,53,0,12,89,0,0,0,0,0,0,69,
14,26,0,1,0,0,15,0,2,0,0,0,0,0,0,0,0,13,1,6,0,
15,12,0,3,0,0,2,0,38,0,0,0,0,0,0,0,0,5,99,0,0,
16,0,0,4,0,0,13,0,0,0,0,0,0,0,0,13,5,0,0,4,0,
17,36,0,0,0,0,0,0,63,0,0,0,0,0,0,1,99,0,0,0,0,
18,11,0,3,0,0,27,0,0,1,0,0,0,0,0,6,0,4,0,0,0,
19,0,164,0,1,132,0,196,0,3,62,0,31,22,69,0,0,0,0,0,0,
0,0,36,23,0,96,0,67,0,0,0,2,173,1,17,17,1,43,0,2,5,
1,36,0,16,0,44,0,37,0,0,0,1,40,0,4,46,51,6,0,0,0,
2,23,16,0,0,33,0,39,0,0,0,2,30,12,25,0,0,4,0,1,31,
3,0,0,0,0,0,0,0,0,0,0,70,0,0,0,0,0,0,0,23,3,
4,96,44,33,0,0,0,71,0,0,0,0,84,4,17,1,0,27,0,0,6,
5,0,0,0,0,0,0,0,75,51,6,0,0,1,0,0,0,0,52,0,0,
6,67,37,39,0,71,0,0,0,0,0,1,80,2,27,4,0,17,0,1,11,
7,0,0,0,0,0,75,0,0,86,6,0,0,0,0,0,0,0,63,1,0,
8,0,0,0,0,0,51,0,86,0,3,0,0,0,0,0,0,0,59,0,0,
9,0,0,0,0,0,6,0,6,3,0,0,0,5,0,0,0,0,9,2,0,
10,2,1,2,70,0,0,1,0,0,0,0,2,9,2,0,0,0,0,24,9,
11,173,40,30,0,84,0,80,0,0,0,2,0,1,19,7,0,45,0,1,7,
12,1,0,12,0,4,1,2,0,0,5,9,1,0,7,0,0,1,1,7,19,
13,17,4,25,0,17,0,27,0,0,0,2,19,7,0,0,0,3,1,12,7,
14,17,46,0,0,1,0,4,0,0,0,0,7,0,0,0,17,2,0,0,0,
15,1,51,0,0,0,0,0,0,0,0,0,0,0,0,17,0,0,0,0,0,
16,43,6,4,0,27,0,17,0,0,0,0,45,1,3,2,0,0,0,1,5,
17,0,0,0,0,0,52,0,63,59,9,0,0,1,1,0,0,0,0,0,0,
18,2,0,1,23,0,0,1,1,0,2,24,1,7,12,0,0,1,0,0,6,
19,5,0,31,3,6,0,11,0,0,0,9,7,19,7,0,0,5,0,6,0,
0,0,0,0,0,6,0,0,2,37,0,0,0,98,0,0,13,101,0,1,0,
1,0,0,0,0,0,485,0,0,0,0,0,0,1,8,457,0,0,0,0,0,
2,0,0,0,16,0,0,29,0,0,1,18,0,0,1,0,0,0,8,0,0,
3,0,0,16,0,0,0,19,1,25,16,39,18,0,2,0,0,0,23,9,0,
4,6,0,0,0,0,0,0,59,1,0,0,0,12,3,0,66,2,0,1,0,
5,0,485,0,0,0,0,0,0,0,0,0,0,2,10,475,0,0,0,0,0,
6,0,0,29,19,0,0,0,0,0,139,9,155,0,1,0,0,0,142,1,0,
7,2,0,0,1,59,0,0,0,0,0,0,0,6,0,0,68,24,0,1,0,
8,37,0,0,25,1,0,0,0,0,0,21,0,22,2,0,2,19,0,7,0,
9,0,0,1,16,0,0,139,0,0,0,6,211,0,0,0,0,0,157,1,0,
10,0,0,18,39,0,0,9,0,21,6,0,9,0,0,0,0,0,12,4,0,
11,0,0,0,18,0,0,155,0,0,211,9,0,0,0,0,0,0,153,1,0,
12,98,1,0,0,12,2,0,6,22,0,0,0,0,16,1,7,90,0,3,0,
13,0,8,1,2,3,10,1,0,2,0,0,0,16,0,7,5,3,2,91,0,
14,0,457,0,0,0,475,0,0,0,0,0,0,1,7,0,0,0,0,0,0,
15,13,0,0,0,66,0,0,68,2,0,0,0,7,5,0,0,11,0,1,0,
16,101,0,0,0,2,0,0,24,19,0,0,0,90,3,0,11,0,0,0,0,
17,0,0,8,23,0,0,142,0,0,157,12,153,0,2,0,0,0,0,3,0,
18,1,0,0,9,1,0,1,1,7,1,4,1,3,91,0,1,0,3,0,0,
19,0,0,0,0,0,0,0,0,0,0,0,0,0,0,0,0,0,0,0,0,
0,0,0,0,24,0,23,2,0,1,25,13,1,0,11,0,0,0,21,0,65,
1,0,0,0,0,0,0,0,0,0,0,0,0,0,0,0,0,100,0,105,0,
2,0,0,0,0,81,0,0,0,0,0,0,0,0,0,0,0,0,0,0,0,
3,24,0,0,0,0,28,0,0,0,2,2,0,0,0,0,0,0,7,0,27,
4,0,0,81,0,0,0,0,0,0,0,0,0,0,0,0,0,0,0,0,0,
5,23,0,0,28,0,0,3,1,1,15,21,0,0,10,0,0,0,15,0,34,
6,2,0,0,0,0,3,0,95,63,2,1,60,0,56,8,0,0,1,0,1,
7,0,0,0,0,0,1,95,0,62,0,0,86,0,68,12,0,0,2,0,2,
8,1,0,0,0,0,1,63,62,0,3,1,59,9,42,13,0,0,3,0,0,
9,25,0,0,2,0,15,2,0,3,0,23,0,0,7,0,0,0,25,0,31,
10,13,0,0,2,0,21,1,0,1,23,0,0,0,2,0,0,0,43,0,33,
11,1,0,0,0,0,0,60,86,59,0,0,0,3,59,13,0,0,3,0,0,
12,0,0,0,0,0,0,0,0,9,0,0,3,0,0,36,2,0,0,0,0,
13,11,0,0,0,0,10,56,68,42,7,2,59,0,0,4,0,0,7,0,8,
14,0,0,0,0,0,0,8,12,13,0,0,13,36,4,0,2,0,2,0,0,
15,0,0,0,0,0,0,0,0,0,0,0,0,2,0,2,0,0,0,0,0,
16,0,100,0,0,0,0,0,0,0,0,0,0,0,0,0,0,0,0,101,0,
17,21,0,0,7,0,15,1,2,3,25,43,3,0,7,2,0,0,0,0,26,
18,0,105,0,0,0,0,0,0,0,0,0,0,0,0,0,0,101,0,0,0,
19,65,0,0,27,0,34,1,2,0,31,33,0,0,8,0,0,0,26,0,0,
0,0,0,0,4,13,0,0,0,13,39,0,8,0,1,1,0,0,7,0,0,
1,0,0,32,5,0,6,17,7,0,0,0,0,27,1,0,0,0,0,32,29,
2,0,32,0,0,0,0,0,0,0,0,0,0,60,0,0,0,0,0,0,0,
3,4,5,0,0,1,45,17,24,0,1,11,4,0,27,0,9,13,3,13,21,
4,13,0,0,1,0,0,0,0,38,54,0,0,0,0,0,0,0,22,0,0,
5,0,6,0,45,0,0,13,24,0,0,30,7,0,24,0,14,7,2,15,20,
6,0,17,0,17,0,13,0,56,0,0,0,0,1,2,0,44,0,0,185,177,
7,0,7,0,24,0,24,56,0,1,0,7,4,0,8,0,18,2,2,37,61,
8,13,0,0,0,38,0,0,1,0,42,0,3,0,1,0,0,0,23,0,0,
9,39,0,0,1,54,0,0,0,42,0,0,0,0,0,2,0,0,18,0,0,
10,0,0,0,11,0,30,0,7,0,0,0,29,0,50,0,15,7,1,1,1,
11,8,0,0,4,0,7,0,4,3,0,29,0,0,26,0,11,0,12,0,2,
12,0,27,60,0,0,0,1,0,0,0,0,0,0,0,0,0,1,0,0,0,
13,1,1,0,27,0,24,2,8,1,0,50,26,0,0,0,9,7,12,1,3,
14,1,0,0,0,0,0,0,0,0,2,0,0,0,0,0,0,0,0,0,0,
15,0,0,0,9,0,14,44,18,0,0,15,11,0,9,0,0,4,3,25,36,
16,0,0,0,13,0,7,0,2,0,0,7,0,1,7,0,4,0,0,4,8,
17,7,0,0,3,22,2,0,2,23,18,1,12,0,12,0,3,0,0,0,1,
18,0,32,0,13,0,15,185,37,0,0,1,0,0,1,0,25,4,0,0,151,
19,0,29,0,21,0,20,177,61,0,0,1,2,0,3,0,36,8,1,151,0,
0,0,1,0,0,0,1,0,0,2,0,0,2,1,0,2,0,0,1,1,1,
1,1,0,0,0,0,111,0,119,2,0,0,2,7,0,0,0,0,36,24,0,
2,0,0,0,5,0,0,0,0,0,196,5,2,0,1,0,0,0,1,0,0,
3,0,0,5,0,0,0,0,0,0,2,357,0,0,0,0,0,0,0,0,0,
4,0,0,0,0,0,0,0,0,0,0,0,0,0,2,0,74,0,0,0,11,
5,1,111,0,0,0,0,0,116,3,0,0,3,10,0,0,0,0,26,40,0,
6,0,0,0,0,0,0,0,0,3,0,0,0,5,0,0,0,0,0,3,0,
7,0,119,0,0,0,116,0,0,4,0,0,3,6,0,0,0,0,35,14,3,
8,2,2,0,0,0,3,3,4,0,0,0,2,78,0,0,0,0,0,70,0,
9,0,0,196,2,0,0,0,0,0,0,3,1,0,8,0,0,0,0,0,8,
10,0,0,5,357,0,0,0,0,0,3,0,0,0,0,0,0,0,0,0,0,
11,2,2,2,0,0,3,0,3,2,1,0,0,0,0,0,0,0,94,0,0,
12,1,7,0,0,0,10,5,6,78,0,0,0,0,0,0,0,0,0,66,0,
13,0,0,1,0,2,0,0,0,0,8,0,0,0,0,0,0,0,0,0,141,
14,2,0,0,0,0,0,0,0,0,0,0,0,0,0,0,0,0,0,0,0,
15,0,0,0,0,74,0,0,0,0,0,0,0,0,0,0,0,1,0,0,6,
16,0,0,0,0,0,0,0,0,0,0,0,0,0,0,0,1,0,0,0,0,
17,1,36,1,0,0,26,0,35,0,0,0,94,0,0,0,0,0,0,0,0,
18,1,24,0,0,0,40,3,14,70,0,0,0,66,0,0,0,0,0,0,0,
19,1,0,0,0,11,0,0,3,0,8,0,0,0,141,0,6,0,0,0,0,
0,0,1,0,0,0,0,1,0,0,5,0,0,0,0,2,0,0,0,0,0,
1,1,0,0,0,0,0,0,1,0,1,0,0,0,0,167,0,0,0,0,0,
2,0,0,0,0,0,0,0,0,0,0,0,0,0,0,0,0,0,0,0,0,
3,0,0,0,0,0,26,0,0,32,0,46,47,52,24,0,0,29,35,0,47,
4,0,0,0,0,0,0,0,0,0,0,0,3,1,1,0,0,1,0,15,1,
5,0,0,0,26,0,0,0,2,19,0,22,29,43,26,0,0,21,8,0,25,
6,1,0,0,0,0,0,0,4,6,0,0,0,1,0,0,15,0,0,0,0,
7,0,1,0,0,0,2,4,0,0,0,0,0,0,0,0,37,0,0,0,0,
8,0,0,0,32,0,19,6,0,0,0,19,29,33,37,0,0,28,25,3,31,
9,5,1,0,0,0,0,0,0,0,0,0,0,0,0,35,0,0,0,0,0,
