Node/Edge,1000,7191
Step/Entity,1600,20
meet_step
0,0,17,0,0,42,29,21,16,29,49,27,38,0,37,0,0,0,29,8,1,
1,17,0,0,0,42,34,21,33,30,13,25,44,0,25,0,0,0,23,11,35,
2,0,0,0,13,0,0,0,0,0,0,0,0,37,0,29,46,53,0,12,2,
3,0,0,13,0,1,0,2,1,0,1,0,4,8,0,43,12,21,0,29,5,
4,42,42,0,1,0,35,21,27,41,43,31,38,0,45,0,0,0,26,5,1,
5,29,34,0,0,35,0,19,21,44,15,25,43,0,25,0,0,0,23,11,10,
6,21,21,0,2,21,19,0,24,17,31,30,14,0,18,2,0,0,21,4,4,
7,16,33,0,1,27,21,24,0,19,18,34,21,1,24,0,0,0,27,3,3,
8,29,30,0,0,41,44,17,19,0,42,28,37,0,53,0,0,0,44,5,2,
9,49,13,0,1,43,15,31,18,42,0,26,21,0,35,0,0,0,39,14,0,
10,27,25,0,0,31,25,30,34,28,26,0,28,0,32,0,0,0,24,8,1,
11,38,44,0,4,38,43,14,21,37,21,28,0,0,33,1,1,3,22,0,19,
12,0,0,37,8,0,0,0,1,0,0,0,0,0,0,12,20,27,0,3,0,
13,37,25,0,0,45,25,18,24,53,35,32,33,0,0,0,0,0,53,13,2,
14,0,0,29,43,0,0,2,0,0,0,0,1,12,0,0,25,27,0,25,6,
15,0,0,46,12,0,0,0,0,0,0,0,1,20,0,25,0,36,0,7,3,
16,0,0,53,21,0,0,0,0,0,0,0,3,27,0,27,36,0,0,3,6,
17,29,23,0,0,26,23,21,27,44,39,24,22,0,53,0,0,0,0,17,5,
18,8,11,12,29,5,11,4,3,5,14,8,0,3,13,25,7,3,17,0,13,
19,1,35,2,5,1,10,4,3,2,0,1,19,0,2,6,3,6,5,13,0,
0,0,28,3,13,0,0,0,3,0,0,28,0,0,29,0,0,23,0,0,0,
1,28,0,1,17,0,0,0,0,0,0,74,0,0,55,0,0,10,0,0,0,
2,3,1,0,13,2,0,3,23,8,8,5,0,3,4,1,0,9,0,1,3,
3,13,17,13,0,1,5,3,6,3,8,15,0,0,18,3,6,21,0,0,0,
4,0,0,2,1,0,34,8,5,6,13,0,1,11,0,8,9,0,2,0,22,
5,0,0,0,5,34,0,19,3,8,5,0,4,13,0,8,16,0,9,5,19,
6,0,0,3,3,8,19,0,3,2,4,0,8,9,0,2,17,0,4,2,9,
7,3,0,23,6,5,3,3,0,10,8,0,0,2,2,1,2,9,0,0,3,
8,0,0,8,3,6,8,2,10,0,10,0,4,4,0,7,4,0,7,1,4,
9,0,0,8,8,13,5,4,8,10,0,0,0,10,0,5,29,3,1,0,23,
10,28,74,5,15,0,0,0,0,0,0,0,0,0,45,0,0,8,0,0,0,
11,0,0,0,0,1,4,8,0,4,0,0,0,10,0,43,2,0,64,73,0,
12,0,0,3,0,11,13,9,2,4,10,0,10,0,0,1,6,0,16,15,14,
13,29,55,4,18,0,0,0,2,0,0,45,0,0,0,0,0,20,0,0,0,
14,0,0,1,3,8,8,2,1,7,5,0,43,1,0,0,7,0,5,9,11,
15,0,0,0,6,9,16,17,2,4,29,0,2,6,0,7,0,0,5,4,39,
16,23,10,9,21,0,0,0,9,0,3,8,0,0,20,0,0,0,0,0,0,
17,0,0,0,0,2,9,4,0,7,1,0,64,16,0,5,5,0,0,64,6,
18,0,0,1,0,0,5,2,0,1,0,0,73,15,0,9,4,0,64,0,6,
19,0,0,3,0,22,19,9,3,4,23,0,0,14,0,11,39,0,6,6,0,
0,0,8,0,12,0,29,16,11,10,24,12,2,15,8,1,7,3,12,0,29,
1,8,0,0,0,0,2,0,4,3,8,1,20,7,20,5,16,17,7,0,10,
2,0,0,0,0,50,0,8,0,0,0,0,0,0,0,0,0,0,1,41,0,
3,12,0,0,0,1,16,25,1,4,3,1,0,2,0,3,0,8,4,2,2,
4,0,0,50,1,0,1,2,0,0,0,0,0,0,0,0,0,0,0,36,0,
5,29,2,0,16,1,0,15,15,12,21,10,4,12,2,3,7,2,6,0,18,
6,16,0,8,25,2,15,0,1,3,2,5,1,2,0,2,0,1,3,10,5,
7,11,4,0,1,0,15,1,0,10,14,5,9,5,3,11,4,10,4,0,20,
8,10,3,0,4,0,12,3,10,0,15,13,0,21,1,12,0,9,15,0,17,
9,24,8,0,3,0,21,2,14,15,0,13,9,24,3,5,6,8,29,0,20,
10,12,1,0,1,0,10,5,5,13,13,0,11,18,6,2,11,5,14,0,23,
11,2,20,0,0,0,4,1,9,0,9,11,0,4,24,24,14,20,8,0,8,
12,15,7,0,2,0,12,2,5,21,24,18,4,0,6,5,2,4,18,0,25,
13,8,20,0,0,0,2,0,3,1,3,6,24,6,0,29,11,18,5,0,3,
14,1,5,0,3,0,3,2,11,12,5,2,24,5,29,0,4,24,13,0,2,
15,7,16,0,0,0,7,0,4,0,6,11,14,2,11,4,0,4,12,0,7,
16,3,17,0,8,0,2,1,10,9,8,5,20,4,18,24,4,0,10,0,3,
17,12,7,1,4,0,6,3,4,15,29,14,8,18,5,13,12,10,0,0,14,
18,0,0,41,2,36,0,10,0,0,0,0,0,0,0,0,0,0,0,0,0,
19,29,10,0,2,0,18,5,20,17,20,23,8,25,3,2,7,3,14,0,0,
0,0,0,4,11,3,0,2,0,0,2,0,2,2,0,71,3,0,27,6,30,
1,0,0,18,0,22,11,17,49,11,28,26,20,38,19,1,21,19,2,44,1,
2,4,18,0,1,12,14,11,17,10,17,14,2,19,9,2,10,13,18,23,2,
3,11,0,1,0,0,0,0,0,0,0,0,1,1,0,23,0,0,12,0,7,
4,3,22,12,0,0,20,15,35,39,34,24,15,22,23,0,16,17,11,30,0,
5,0,11,14,0,20,0,11,7,25,10,12,7,3,9,0,15,8,10,21,0,
6,2,17,11,0,15,11,0,16,13,19,15,11,20,12,0,15,12,8,15,0,
7,0,49,17,0,35,7,16,0,20,42,35,18,45,39,0,15,27,2,49,1,
8,0,11,10,0,39,25,13,20,0,38,12,12,13,18,0,19,10,1,28,0,
9,2,28,17,0,34,10,19,42,38,0,28,18,29,26,0,17,17,14,41,0,
10,0,26,14,0,24,12,15,35,12,28,0,11,37,30,1,18,10,4,31,0,
11,2,20,2,1,15,7,11,18,12,18,11,0,13,25,2,13,14,3,6,5,
12,2,38,19,1,22,3,20,45,13,29,37,13,0,19,0,10,20,0,28,0,
13,0,19,9,0,23,9,12,39,18,26,30,25,19,0,0,14,12,2,12,0,
14,71,1,2,23,0,0,0,0,0,0,1,2,0,0,0,0,0,34,4,50,
15,3,21,10,0,16,15,15,15,19,17,18,13,10,14,0,0,11,5,17,0,
16,0,19,13,0,17,8,12,27,10,17,10,14,20,12,0,11,0,2,14,0,
17,27,2,18,12,11,10,8,2,1,14,4,3,0,2,34,5,2,0,13,20,
18,6,44,23,0,30,21,15,49,28,41,31,6,28,12,4,17,14,13,0,1,
19,30,1,2,7,0,0,0,1,0,0,0,5,0,0,50,0,0,20,1,0,
0,0,5,3,6,20,0,23,22,0,12,0,17,4,9,19,0,25,17,4,0,
1,5,0,7,14,5,0,10,3,11,5,10,10,27,20,3,0,17,8,17,9,
2,3,7,0,3,17,0,15,17,13,12,2,17,10,1,10,0,13,12,11,19,
3,6,14,3,0,14,6,14,6,8,5,7,15,12,14,7,0,7,7,9,8,
4,20,5,17,14,0,0,26,13,1,12,10,16,2,16,8,0,13,11,0,4,
5,0,0,0,6,0,0,0,0,11,0,2,0,1,1,0,5,0,0,0,1,
6,23,10,15,14,26,0,0,40,0,27,3,40,2,11,23,0,19,35,3,7,
7,22,3,17,6,13,0,40,0,2,31,1,36,12,8,43,0,25,11,4,9,
8,0,11,13,8,1,11,0,2,0,3,10,3,16,29,0,3,11,1,20,15,
9,12,5,12,5,12,0,27,31,3,0,2,32,5,16,17,0,25,27,2,6,
10,0,10,2,7,10,2,3,1,10,2,0,6,13,12,1,0,10,1,21,13,
11,17,10,17,15,16,0,40,36,3,32,6,0,13,19,20,0,37,27,2,13,
12,4,27,10,12,2,1,2,12,16,5,13,13,0,8,7,0,26,11,19,29,
13,9,20,1,14,16,1,11,8,29,16,12,19,8,0,5,0,14,7,4,10,
14,19,3,10,7,8,0,23,43,0,17,1,20,7,5,0,0,21,22,2,6,
15,0,0,0,0,0,5,0,0,3,0,0,0,0,0,0,0,0,0,0,0,
16,25,17,13,7,13,0,19,25,11,25,10,37,26,14,21,0,0,25,9,21,
17,17,8,12,7,11,0,35,11,1,27,1,27,11,7,22,0,25,0,0,10,
18,4,17,11,9,0,0,3,4,20,2,21,2,19,4,2,0,9,0,0,34,
19,0,9,19,8,4,1,7,9,15,6,13,13,29,10,6,0,21,10,34,0,
0,0,1,26,3,0,0,2,13,0,36,20,1,0,14,39,0,0,27,0,0,
1,1,0,9,15,26,16,7,3,2,5,5,24,24,2,2,31,1,1,0,9,
2,26,9,0,0,0,0,0,31,0,24,36,0,0,18,22,0,0,19,0,0,
3,3,15,0,0,29,29,23,3,2,2,0,50,22,0,0,38,0,12,0,27,
4,0,26,0,29,0,50,41,0,5,0,0,50,29,0,0,55,4,4,0,25,
5,0,16,0,29,50,0,27,0,1,0,0,40,20,0,0,53,9,1,20,17,
6,2,7,0,23,41,27,0,3,1,3,1,27,11,0,0,33,0,6,3,22,
7,13,3,31,3,0,0,3,0,0,12,23,1,0,25,36,0,0,15,0,0,
8,0,2,0,2,5,1,1,0,0,0,0,1,4,0,0,4,35,0,69,0,
9,36,5,24,2,0,0,3,12,0,0,19,1,0,11,34,1,0,31,0,0,
10,20,5,36,0,0,0,1,23,0,19,0,0,0,28,30,0,0,33,0,0,
11,1,24,0,50,50,40,27,1,1,1,0,0,33,3,1,49,2,4,0,22,
12,0,24,0,22,29,20,11,0,4,0,0,33,0,0,0,25,4,1,2,15,
13,14,2,18,0,0,0,0,25,0,11,28,3,0,0,34,0,0,16,0,0,
14,39,2,22,0,0,0,0,36,0,34,30,1,0,34,0,0,0,27,0,0,
15,0,31,0,38,55,53,33,0,4,1,0,49,25,0,0,0,1,3,2,15,
16,0,1,0,0,4,9,0,0,35,0,0,2,4,0,0,1,0,0,49,0,
17,27,1,19,12,4,1,6,15,0,31,33,4,1,16,27,3,0,0,0,0,
18,0,0,0,0,0,20,3,0,69,0,0,0,2,0,0,2,49,0,0,1,
19,0,9,0,27,25,17,22,0,0,0,0,22,15,0,0,15,0,0,1,0,
0,0,0,0,0,1,0,0,1,1,0,6,14,8,2,2,23,2,6,2,2,
1,0,0,1,34,5,22,45,1,3,18,0,0,0,11,1,0,1,0,0,1,
2,0,1,0,2,42,0,7,32,1,0,13,5,2,32,19,0,6,11,3,41,
3,0,34,2,0,2,34,11,3,6,31,2,0,4,17,2,0,12,4,1,1,
4,1,5,42,2,0,1,1,38,2,0,6,10,4,17,6,1,7,7,6,24,
5,0,22,0,34,1,0,3,0,3,55,0,2,1,2,2,0,1,2,0,0,
6,0,45,7,11,1,3,0,4,7,3,0,1,0,8,4,0,29,1,3,1,
7,1,1,32,3,38,0,4,0,4,0,22,28,7,15,11,0,3,8,7,52,
8,1,3,1,6,2,3,7,4,0,1,7,4,8,4,21,1,41,13,19,4,
9,0,18,0,31,0,55,3,0,1,0,0,0,0,0,0,0,0,0,0,0,
10,6,0,13,2,6,0,0,22,7,0,0,35,5,9,15,11,15,11,12,20,
11,14,0,5,0,10,2,1,28,4,0,35,0,5,5,7,8,4,15,7,24,
12,8,0,2,4,4,1,0,7,8,0,5,5,0,2,4,6,5,13,8,8,
13,2,11,32,17,17,2,8,15,4,0,9,5,2,0,21,0,1,6,7,14,
14,2,1,19,2,6,2,4,11,21,0,15,7,4,21,0,2,20,13,13,14,
15,23,0,0,0,1,0,0,0,1,0,11,8,6,0,2,0,0,4,13,0,
16,2,1,6,12,7,1,29,3,41,0,15,4,5,1,20,0,0,11,35,6,
17,6,0,11,4,7,2,1,8,13,0,11,15,13,6,13,4,11,0,15,8,
18,2,0,3,1,6,0,3,7,19,0,12,7,8,7,13,13,35,15,0,3,
19,2,1,41,1,24,0,1,52,4,0,20,24,8,14,14,0,6,8,3,0,
0,0,31,19,31,19,39,27,0,15,12,32,0,0,17,39,30,13,29,20,8,
1,31,0,8,24,30,39,21,1,5,10,26,0,0,29,35,46,12,40,33,8,
2,19,8,0,6,7,20,10,0,3,1,26,0,0,15,22,9,19,10,9,0,
3,31,24,6,0,19,19,16,0,10,16,27,0,0,22,23,24,5,27,33,11,
4,19,30,7,19,0,23,13,0,7,11,25,0,0,18,23,30,12,43,27,4,
5,39,39,20,19,23,0,21,0,14,18,34,0,0,22,36,44,13,41,28,6,
6,27,21,10,16,13,21,0,0,9,8,15,0,0,25,25,29,8,25,14,4,
7,0,1,0,0,0,0,0,0,2,0,0,46,45,0,0,0,0,0,2,0,
8,15,5,3,10,7,14,9,2,0,11,14,1,0,10,11,1,5,6,2,5,
9,12,10,1,16,11,18,8,0,11,0,16,0,0,11,21,19,3,15,20,4,
10,32,26,26,27,25,34,15,0,14,16,0,0,0,26,36,34,33,28,36,10,
11,0,0,0,0,0,0,0,46,1,0,0,0,62,0,0,0,0,0,0,0,
12,0,0,0,0,0,0,0,45,0,0,0,62,0,1,0,0,0,0,1,1,
13,17,29,15,22,18,22,25,0,10,11,26,0,1,0,21,34,21,30,30,5,
14,39,35,22,23,23,36,25,0,11,21,36,0,0,21,0,44,29,31,36,4,
15,30,46,9,24,30,44,29,0,1,19,34,0,0,34,44,0,16,53,39,7,
16,13,12,19,5,12,13,8,0,5,3,33,0,0,21,29,16,0,19,16,1,
17,29,40,10,27,43,41,25,0,6,15,28,0,0,30,31,53,19,0,32,9,
18,20,33,9,33,27,28,14,2,2,20,36,0,1,30,36,39,16,32,0,7,
19,8,8,0,11,4,6,4,0,5,4,10,0,1,5,4,7,1,9,7,0,
0,0,0,12,36,0,0,0,2,35,0,0,40,34,0,31,45,0,0,5,33,
1,0,0,2,0,5,12,9,12,0,10,9,0,1,10,0,0,5,25,7,0,
2,12,2,0,36,0,3,0,0,32,1,0,31,42,0,42,39,0,0,1,34,
3,36,0,36,0,0,0,0,0,42,0,0,44,45,0,53,46,0,0,0,34,
4,0,5,0,0,0,11,11,6,0,7,36,0,0,6,0,0,40,29,42,0,
5,0,12,3,0,11,0,6,11,0,10,20,0,0,16,0,0,11,13,4,0,
6,0,9,0,0,11,6,0,6,0,2,9,0,0,4,0,0,13,9,7,0,
7,2,12,0,0,6,11,6,0,0,34,7,0,7,39,0,0,3,5,28,0,
8,35,0,32,42,0,0,0,0,0,0,0,42,32,0,45,39,0,0,3,43,
9,0,10,1,0,7,10,2,34,0,0,4,0,0,29,0,0,7,4,13,0,
10,0,9,0,0,36,20,9,7,0,4,0,0,0,6,0,0,32,28,25,0,
11,40,0,31,44,0,0,0,0,42,0,0,0,51,0,52,63,0,0,3,45,
12,34,1,42,45,0,0,0,7,32,0,0,51,0,1,68,59,0,0,7,50,
13,0,10,0,0,6,16,4,39,0,29,6,0,1,0,0,0,4,6,15,0,
14,31,0,42,53,0,0,0,0,45,0,0,52,68,0,0,42,0,0,1,49,
15,45,0,39,46,0,0,0,0,39,0,0,63,59,0,42,0,0,0,1,32,
16,0,5,0,0,40,11,13,3,0,7,32,0,0,4,0,0,0,39,26,0,
17,0,25,0,0,29,13,9,5,0,4,28,0,0,6,0,0,39,0,21,0,
18,5,7,1,0,42,4,7,28,3,13,25,3,7,15,1,1,26,21,0,4,
19,33,0,34,34,0,0,0,0,43,0,0,45,50,0,49,32,0,0,4,0,
0,0,0,3,14,3,0,0,2,2,0,1,0,1,36,0,24,0,15,0,0,
1,0,0,16,0,9,13,6,5,18,32,10,12,8,0,19,0,8,2,11,18,
2,3,16,0,0,13,18,24,24,47,49,7,3,10,0,13,0,11,11,15,15,
3,14,0,0,0,2,0,0,0,0,0,0,2,1,44,0,9,0,21,1,1,
4,3,9,13,2,0,31,12,26,24,5,24,33,4,1,38,1,9,3,40,7,
5,0,13,18,0,31,0,24,32,29,8,17,27,24,0,31,0,9,2,41,14,
6,0,6,24,0,12,24,0,28,35,19,12,20,21,0,33,0,2,9,13,12,
7,2,5,24,0,26,32,28,0,30,9,25,31,14,0,42,0,29,17,20,9,
8,2,18,47,0,24,29,35,30,0,42,20,17,31,0,40,0,7,3,25,16,
9,0,32,49,0,5,8,19,9,42,0,7,4,8,0,15,0,5,5,11,11,
10,1,10,7,0,24,17,12,25,20,7,0,40,11,0,26,0,19,15,21,7,
11,0,12,3,2,33,27,20,31,17,4,40,0,12,0,39,0,13,21,30,12,
12,1,8,10,1,4,24,21,14,31,8,11,12,0,0,21,0,24,10,8,21,
13,36,0,0,44,1,0,0,0,0,0,0,0,0,0,0,59,0,0,0,0,
14,0,19,13,0,38,31,33,42,40,15,26,39,21,0,0,0,8,12,48,22,
15,24,0,0,9,1,0,0,0,0,0,0,0,0,59,0,0,0,2,0,0,
16,0,8,11,0,9,9,2,29,7,5,19,13,24,0,8,0,0,18,7,11,
17,15,2,11,21,3,2,9,17,3,5,15,21,10,0,12,2,18,0,8,7,
18,0,11,15,1,40,41,13,20,25,11,21,30,8,0,48,0,7,8,0,13,
19,0,18,15,1,7,14,12,9,16,11,7,12,21,0,22,0,11,7,13,0,
0,0,21,21,0,5,11,4,0,8,7,15,10,10,16,11,3,8,9,1,5,
1,21,0,10,0,25,15,14,0,17,9,11,15,27,46,22,13,27,10,0,28,
2,21,10,0,0,25,6,37,0,4,23,23,23,5,5,3,13,11,32,0,2,
3,0,0,0,0,0,0,0,51,0,1,1,0,3,0,0,0,0,0,64,0,
4,5,25,25,0,0,12,23,0,4,16,27,9,22,23,18,10,19,21,0,16,
5,11,15,6,0,12,0,4,4,2,13,14,3,11,15,4,3,6,14,0,6,
6,4,14,37,0,23,4,0,0,0,12,28,14,0,4,2,2,3,25,0,2,
7,0,0,0,51,0,4,0,0,0,4,1,0,5,0,0,0,0,1,29,0,
8,8,17,4,0,4,2,0,0,0,3,4,3,10,22,27,16,6,2,0,10,
9,7,9,23,1,16,13,12,4,3,0,15,8,15,1,0,2,0,6,4,1,
10,15,11,23,1,27,14,28,1,4,15,0,4,12,6,4,3,5,19,0,5,
11,10,15,23,0,9,3,14,0,3,8,4,0,1,13,4,17,15,13,0,11,
12,10,27,5,3,22,11,0,5,10,15,12,1,0,34,19,11,21,8,5,26,
13,16,46,5,0,23,15,4,0,22,1,6,13,34,0,30,30,35,9,0,31,
14,11,22,3,0,18,4,2,0,27,0,4,4,19,30,0,23,20,3,0,9,
15,3,13,13,0,10,3,2,0,16,2,3,17,11,30,23,0,25,4,0,11,
16,8,27,11,0,19,6,3,0,6,0,5,15,21,35,20,25,0,3,0,13,
17,9,10,32,0,21,14,25,1,2,6,19,13,8,9,3,4,3,0,0,5,
18,1,0,0,64,0,0,0,29,0,4,0,0,5,0,0,0,0,0,0,0,
19,5,28,2,0,16,6,2,0,10,1,5,11,26,31,9,11,13,5,0,0,
0,0,3,0,26,20,14,5,0,7,3,38,0,6,3,17,0,28,3,2,14,
1,3,0,21,0,3,0,4,11,3,8,0,3,3,0,2,15,0,14,2,6,
2,0,21,0,0,0,0,1,18,0,9,0,5,0,1,0,40,0,3,0,0,
3,26,0,0,0,9,8,4,0,8,2,19,0,1,8,4,0,36,1,15,12,
4,20,3,0,9,0,18,42,0,41,3,40,0,28,19,42,0,12,14,41,48,
5,14,0,0,8,18,0,29,0,27,4,11,0,20,21,18,0,6,9,17,31,
6,5,4,1,4,42,29,0,0,31,4,15,0,27,19,30,0,7,15,31,59,
7,0,11,18,0,0,0,0,0,0,1,0,42,0,0,1,22,0,1,0,0,
8,7,3,0,8,41,27,31,0,0,16,12,0,29,15,43,0,6,14,32,44,
9,3,8,9,2,3,4,4,1,16,0,1,0,9,2,11,4,3,45,10,11,
10,38,0,0,19,40,11,15,0,12,1,0,0,6,7,10,0,22,1,5,10,
11,0,3,5,0,0,0,0,42,0,0,0,0,0,0,0,35,0,0,0,0,
12,6,3,0,1,28,20,27,0,29,9,6,0,0,30,11,0,6,11,27,30,
13,3,0,1,8,19,21,19,0,15,2,7,0,30,0,17,3,10,6,18,26,
14,17,2,0,4,42,18,30,1,43,11,10,0,11,17,0,1,8,23,47,38,
15,0,15,40,0,0,0,0,22,0,4,0,35,0,3,1,0,0,1,0,0,
16,28,0,0,36,12,6,7,0,6,3,22,0,6,10,8,0,0,4,13,7,
17,3,14,3,1,14,9,15,1,14,45,1,0,11,6,23,1,4,0,8,21,
18,2,2,0,15,41,17,31,0,32,10,5,0,27,18,47,0,13,8,0,41,
19,14,6,0,12,48,31,59,0,44,11,10,0,30,26,38,0,7,21,41,0,
0,0,8,0,1,11,7,33,0,53,1,37,19,4,20,20,20,0,9,52,0,
1,8,0,15,10,0,11,10,7,3,13,9,2,25,20,38,20,14,23,8,59,
2,0,15,0,8,1,29,8,19,0,14,1,7,20,32,15,25,19,35,0,45,
3,1,10,8,0,0,11,1,17,1,20,0,2,10,3,3,8,9,3,1,14,
4,11,0,1,0,0,6,28,0,18,1,24,10,4,9,0,10,0,12,16,0,
5,7,11,29,11,6,0,20,17,18,13,28,24,19,10,7,44,17,44,31,25,
6,33,10,8,1,28,20,0,1,40,8,50,38,3,13,24,22,1,20,41,6,
7,0,7,19,17,0,17,1,0,0,7,2,6,6,4,12,6,9,10,3,9,
8,53,3,0,1,18,18,40,0,0,1,59,42,2,29,13,26,1,22,71,1,
9,1,13,14,20,1,13,8,7,1,0,0,3,11,1,9,3,11,15,0,13,
10,37,9,1,0,24,28,50,2,59,0,0,42,3,15,7,28,2,23,65,1,
11,19,2,7,2,10,24,38,6,42,3,42,0,11,9,5,42,9,32,75,7,
12,4,25,20,10,4,19,3,6,2,11,3,11,0,16,19,28,14,46,2,36,
13,20,20,32,3,9,10,13,4,29,1,15,9,16,0,29,20,15,29,28,36,
14,20,38,15,3,0,7,24,12,13,9,7,5,19,29,0,24,22,17,15,31,
15,20,20,25,8,10,44,22,6,26,3,28,42,28,20,24,0,14,53,35,21,
16,0,14,19,9,0,17,1,9,1,11,2,9,14,15,22,14,0,10,2,24,
17,9,23,35,3,12,44,20,10,22,15,23,32,46,29,17,53,10,0,24,38,
18,52,8,0,1,16,31,41,3,71,0,65,75,2,28,15,35,2,24,0,0,
19,0,59,45,14,0,25,6,9,1,13,1,7,36,36,31,21,24,38,0,0,
0,0,8,0,0,4,6,19,20,32,18,8,11,11,25,1,12,7,26,7,1,
1,8,0,4,5,17,13,22,5,1,5,10,4,17,2,2,6,10,4,21,9,
2,0,4,0,12,6,2,4,3,0,16,15,3,14,2,19,1,7,0,6,10,
3,0,5,12,0,7,10,2,1,0,7,2,3,6,0,10,1,8,0,2,11,
4,4,17,6,7,0,16,9,5,0,34,28,6,22,2,7,7,13,4,8,16,
5,6,13,2,10,16,0,14,11,6,20,20,4,21,2,6,6,14,1,11,5,
6,19,22,4,2,9,14,0,3,2,19,13,7,16,5,4,25,19,5,7,3,
7,20,5,3,1,5,11,3,0,1,6,3,51,3,3,1,3,4,1,9,3,
8,32,1,0,0,0,6,2,1,0,9,3,3,1,36,0,14,1,34,5,0,
9,18,5,16,7,34,20,19,6,9,0,33,6,20,16,7,5,10,23,14,18,
10,8,10,15,2,28,20,13,3,3,33,0,9,10,6,14,8,21,11,19,10,
11,11,4,3,3,6,4,7,51,3,6,9,0,11,2,3,2,2,6,11,5,
12,11,17,14,6,22,21,16,3,1,20,10,11,0,6,5,6,16,3,14,7,
13,25,2,2,0,2,2,5,3,36,16,6,2,6,0,0,15,5,43,8,0,
14,1,2,19,10,7,6,4,1,0,7,14,3,5,0,0,0,4,2,3,18,
15,12,6,1,1,7,6,25,3,14,5,8,2,6,15,0,0,17,10,14,1,
16,7,10,7,8,13,14,19,4,1,10,21,2,16,5,4,17,0,2,7,16,
17,26,4,0,0,4,1,5,1,34,23,11,6,3,43,2,10,2,0,3,0,
18,7,21,6,2,8,11,7,9,5,14,19,11,14,8,3,14,7,3,0,8,
19,1,9,10,11,16,5,3,3,0,18,10,5,7,0,18,1,16,0,8,0,
0,0,0,21,0,4,35,0,26,18,32,2,30,29,35,5,28,6,5,13,0,
1,0,0,4,9,3,4,15,0,0,0,0,1,0,0,4,2,4,0,3,3,
2,21,4,0,1,7,27,1,3,2,0,0,15,20,20,12,34,11,2,10,2,
3,0,9,1,0,16,0,36,0,0,0,0,19,0,1,3,0,0,0,0,30,
4,4,3,7,16,0,3,14,0,0,0,0,18,6,0,3,4,5,0,4,14,
5,35,4,27,0,3,0,1,9,1,0,0,43,29,38,17,18,24,3,36,1,
6,0,15,1,36,14,1,0,0,0,0,0,7,2,0,2,0,3,0,3,22,
7,26,0,3,0,0,9,0,0,23,37,19,0,15,13,1,6,11,25,4,0,
8,18,0,2,0,0,1,0,23,0,13,13,3,0,4,3,3,1,27,5,0,
9,32,0,0,0,0,0,0,37,13,0,21,1,4,16,0,16,0,27,3,0,
10,2,0,0,0,0,0,0,19,13,21,0,1,0,6,0,3,0,26,0,0,
11,30,1,15,19,18,43,7,0,3,1,1,0,31,35,14,21,8,1,12,25,
12,29,0,20,0,6,29,2,15,0,4,0,31,0,25,13,35,25,0,15,4,
13,35,0,20,1,0,38,0,13,4,16,6,35,25,0,30,37,6,3,18,1,
14,5,4,12,3,3,17,2,1,3,0,0,14,13,30,0,11,7,0,20,4,
15,28,2,34,0,4,18,0,6,3,16,3,21,35,37,11,0,10,3,16,2,
16,6,4,11,0,5,24,3,11,1,0,0,8,25,6,7,10,0,2,25,0,
17,5,0,2,0,0,3,0,25,27,27,26,1,0,3,0,3,2,0,3,0,
18,13,3,10,0,4,36,3,4,5,3,0,12,15,18,20,16,25,3,0,2,
19,0,3,2,30,14,1,22,0,0,0,0,25,4,1,4,2,0,0,2,0,
0,0,4,53,4,3,1,39,0,10,0,0,16,1,0,2,2,10,0,3,0,
1,4,0,0,25,33,49,1,26,0,33,0,2,23,2,43,7,12,0,6,9,
2,53,0,0,1,1,1,40,1,25,0,2,22,0,0,1,0,17,0,5,0,
3,4,25,1,0,19,22,8,14,1,8,0,8,16,0,14,5,14,0,15,17,
4,3,33,1,19,0,34,4,10,1,16,0,1,29,1,19,5,1,0,7,22,
5,1,49,1,22,34,0,2,41,2,33,0,3,28,3,41,12,2,0,3,15,
6,39,1,40,8,4,2,0,1,11,2,2,28,2,0,1,0,22,0,7,0,
7,0,26,1,14,10,41,1,0,1,28,0,5,12,1,18,1,2,0,5,14,
8,10,0,25,1,1,2,11,1,0,0,15,9,0,0,0,0,17,16,1,0,
9,0,33,0,8,16,33,2,28,0,0,0,5,25,1,42,3,2,0,1,11,
10,0,0,2,0,0,0,2,0,15,0,0,1,0,0,0,0,1,82,0,0,
11,16,2,22,8,1,3,28,5,9,5,1,0,1,1,4,0,19,0,11,2,
12,1,23,0,16,29,28,2,12,0,25,0,1,0,12,17,13,0,0,1,16,
13,0,2,0,0,1,3,0,1,0,1,0,1,12,0,0,13,0,0,0,6,
14,2,43,1,14,19,41,1,18,0,42,0,4,17,0,0,0,5,0,2,19,
15,2,7,0,5,5,12,0,1,0,3,0,0,13,13,0,0,1,0,4,39,
16,10,12,17,14,1,2,22,2,17,2,1,19,0,0,5,1,0,2,2,0,
17,0,0,0,0,0,0,0,0,16,0,82,0,0,0,0,0,2,0,0,0,
18,3,6,5,15,7,3,7,5,1,1,0,11,1,0,2,4,2,0,0,0,
19,0,9,0,17,22,15,0,14,0,11,0,2,16,6,19,39,0,0,0,0,
0,0,6,3,29,11,7,30,24,6,26,33,19,1,6,5,5,0,1,24,7,
1,6,0,27,22,2,41,2,20,36,17,1,5,42,31,16,27,10,2,16,1,
2,3,27,0,32,6,46,5,39,38,21,6,7,45,40,9,37,3,0,15,2,
3,29,22,32,0,7,21,19,25,31,15,19,6,16,21,17,21,14,9,13,3,
4,11,2,6,7,0,6,4,7,2,8,19,15,5,8,0,1,4,1,3,7,
5,7,41,46,21,6,0,6,26,49,43,10,18,35,29,9,32,27,2,31,1,
6,30,2,5,19,4,6,0,22,10,28,19,37,2,5,0,7,7,0,13,10,
7,24,20,39,25,7,26,22,0,26,28,9,45,30,37,10,30,21,1,27,2,
8,6,36,38,31,2,49,10,26,0,27,8,15,59,39,11,53,12,2,23,0,
9,26,17,21,15,8,43,28,28,27,0,18,32,15,25,3,15,16,0,53,6,
10,33,1,6,19,19,10,19,9,8,18,0,18,11,5,1,2,2,0,19,5,
11,19,5,7,6,15,18,37,45,15,32,18,0,19,12,1,11,7,1,29,13,
12,1,42,45,16,5,35,2,30,59,15,11,19,0,42,9,40,18,2,19,1,
13,6,31,40,21,8,29,5,37,39,25,5,12,42,0,14,32,14,5,15,0,
14,5,16,9,17,0,9,0,10,11,3,1,1,9,14,0,12,19,25,3,0,
15,5,27,37,21,1,32,7,30,53,15,2,11,40,32,12,0,3,5,8,0,
16,0,10,3,14,4,27,7,21,12,16,2,7,18,14,19,3,0,33,8,0,
17,1,2,0,9,1,2,0,1,2,0,0,1,2,5,25,5,33,0,0,0,
18,24,16,15,13,3,31,13,27,23,53,19,29,19,15,3,8,8,0,0,8,
19,7,1,2,3,7,1,10,2,0,6,5,13,1,0,0,0,0,0,8,0,
0,0,0,0,50,71,91,34,61,35,0,0,3,0,0,94,39,77,62,0,0,
1,0,0,7,0,0,1,1,0,0,19,10,7,12,6,0,0,1,0,7,8,
2,0,7,0,0,0,0,0,0,0,23,16,24,7,11,0,0,0,1,4,10,
3,50,0,0,0,32,57,22,48,17,0,0,0,0,0,42,25,41,29,0,0,
4,71,0,0,32,0,82,16,49,24,0,0,3,0,0,54,31,52,42,0,0,
5,91,1,0,57,82,0,27,50,20,2,0,0,0,0,76,27,48,57,0,0,
6,34,1,0,22,16,27,0,24,22,0,0,0,0,0,19,17,29,10,0,0,
7,61,0,0,48,49,50,24,0,10,0,2,0,1,0,47,17,32,34,0,0,
8,35,0,0,17,24,20,22,10,0,0,0,0,0,0,16,55,20,31,0,0,
9,0,19,23,0,0,2,0,0,0,0,17,14,14,13,0,0,0,2,13,17,
10,0,10,16,0,0,0,0,2,0,17,0,17,19,11,0,0,1,0,11,5,
11,3,7,24,0,3,0,0,0,0,14,17,0,9,5,4,4,1,0,7,5,
12,0,12,7,0,0,0,0,1,0,14,19,9,0,23,0,0,0,0,36,26,
13,0,6,11,0,0,0,0,0,0,13,11,5,23,0,0,0,0,0,17,22,
14,94,0,0,42,54,76,19,47,16,0,0,4,0,0,0,40,72,59,0,0,
15,39,0,0,25,31,27,17,17,55,0,0,4,0,0,40,0,31,25,0,0,
16,77,1,0,41,52,48,29,32,20,0,1,1,0,0,72,31,0,42,0,0,
17,62,0,1,29,42,57,10,34,31,2,0,0,0,0,59,25,42,0,0,0,
18,0,7,4,0,0,0,0,0,0,13,11,7,36,17,0,0,0,0,0,22,
19,0,8,10,0,0,0,0,0,0,17,5,5,26,22,0,0,0,0,22,0,
0,0,1,0,5,0,0,0,0,0,0,63,0,25,0,0,0,0,0,0,0,
1,1,0,23,0,8,14,23,17,10,15,0,9,0,15,17,7,15,7,17,14,
2,0,23,0,0,19,33,35,40,14,16,0,19,0,38,39,40,21,26,54,14,
3,5,0,0,0,3,1,0,0,0,1,5,1,28,0,0,0,0,0,0,0,
4,0,8,19,3,0,32,33,11,12,37,0,19,2,6,11,42,13,10,19,10,
5,0,14,33,1,32,0,35,4,8,20,0,35,0,28,37,24,15,16,44,6,
6,0,23,35,0,33,35,0,11,5,19,0,19,0,31,37,33,28,5,30,11,
7,0,17,40,0,11,4,11,0,17,11,0,3,0,12,13,12,9,3,9,6,
8,0,10,14,0,12,8,5,17,0,7,0,5,0,15,16,13,9,12,3,14,
9,0,15,16,1,37,20,19,11,7,0,0,29,0,11,13,26,17,9,15,13,
10,63,0,0,5,0,0,0,0,0,0,0,0,7,0,0,0,0,0,0,0,
11,0,9,19,1,19,35,19,3,5,29,0,0,0,26,20,20,13,8,23,21,
12,25,0,0,28,2,0,0,0,0,0,7,0,0,0,0,2,0,0,0,0,
13,0,15,38,0,6,28,31,12,15,11,0,26,0,0,22,23,16,18,23,18,
14,0,17,39,0,11,37,37,13,16,13,0,20,0,22,0,22,16,26,37,8,
15,0,7,40,0,42,24,33,12,13,26,0,20,2,23,22,0,21,11,19,13,
16,0,15,21,0,13,15,28,9,9,17,0,13,0,16,16,21,0,3,24,12,
17,0,7,26,0,10,16,5,3,12,9,0,8,0,18,26,11,3,0,12,5,
18,0,17,54,0,19,44,30,9,3,15,0,23,0,23,37,19,24,12,0,9,
19,0,14,14,0,10,6,11,6,14,13,0,21,0,18,8,13,12,5,9,0,
0,0,18,10,0,31,0,17,10,1,14,3,3,27,18,5,5,5,77,27,2,
1,18,0,5,9,29,0,9,5,0,18,9,11,16,10,1,5,2,30,40,0,
2,10,5,0,1,8,28,12,12,7,0,10,4,7,3,19,0,1,9,3,16,
3,0,9,1,0,2,0,1,1,0,40,49,43,0,2,0,56,0,0,0,0,
4,31,29,8,2,0,1,9,12,5,5,8,7,23,13,14,3,1,65,34,4,
5,0,0,28,0,1,0,0,0,5,0,0,0,0,1,12,0,2,0,0,6,
6,17,9,12,1,9,0,0,29,4,3,15,13,21,17,6,0,12,26,20,6,
7,10,5,12,1,12,0,29,0,7,2,3,10,15,33,8,0,13,26,17,6,
8,1,0,7,0,5,5,4,7,0,2,0,0,1,7,7,0,13,5,0,13,
9,14,18,0,40,5,0,3,2,2,0,58,9,10,5,0,29,2,17,8,0,
10,3,9,10,49,8,0,15,3,0,58,0,43,7,3,2,25,0,12,12,1,
11,3,11,4,43,7,0,13,10,0,9,43,0,19,5,2,21,2,18,14,5,
12,27,16,7,0,23,0,21,15,1,10,7,19,0,23,3,3,2,39,32,3,
13,18,10,3,2,13,1,17,33,7,5,3,5,23,0,17,4,5,29,8,9,
14,5,1,19,0,14,12,6,8,7,0,2,2,3,17,0,0,11,4,3,19,
15,5,5,0,56,3,0,0,0,0,29,25,21,3,4,0,0,0,4,3,0,
16,5,2,1,0,1,2,12,13,13,2,0,2,2,5,11,0,0,4,6,12,
17,77,30,9,0,65,0,26,26,5,17,12,18,39,29,4,4,4,0,40,0,
18,27,40,3,0,34,0,20,17,0,8,12,14,32,8,3,3,6,40,0,3,
19,2,0,16,0,4,6,6,6,13,0,1,5,3,9,19,0,12,0,3,0,
0,0,1,4,1,0,13,0,5,50,14,56,15,1,2,49,22,3,0,2,0,
1,1,0,22,1,2,1,34,21,32,2,2,18,0,30,0,5,31,0,41,1,
2,4,22,0,2,1,0,18,18,10,4,3,27,0,7,2,4,24,0,37,0,
3,1,1,2,0,0,33,0,0,2,10,2,4,45,0,1,0,1,51,0,0,
4,0,2,1,0,0,0,0,2,2,0,0,4,0,3,0,0,0,0,3,44,
5,13,1,0,33,0,0,0,0,15,19,14,1,16,0,4,2,2,26,0,0,
6,0,34,18,0,0,0,0,19,26,4,2,31,0,28,2,8,36,0,23,8,
7,5,21,18,0,2,0,19,0,13,0,5,28,3,12,0,8,21,0,28,1,
8,50,32,10,2,2,15,26,13,0,11,34,25,3,22,13,5,35,0,27,4,
9,14,2,4,10,0,19,4,0,11,0,15,9,8,0,9,7,5,16,2,0,
10,56,2,3,2,0,14,2,5,34,15,0,4,3,0,41,23,1,0,1,0,
11,15,18,27,4,4,1,31,28,25,9,4,0,0,6,3,7,23,0,51,0,
12,1,0,0,45,0,16,0,3,3,8,3,0,0,1,2,0,1,58,1,1,
13,2,30,7,0,3,0,28,12,22,0,0,6,1,0,1,8,20,0,34,4,
14,49,0,2,1,0,4,2,0,13,9,41,3,2,1,0,13,0,0,1,1,
15,22,5,4,0,0,2,8,8,5,7,23,7,0,8,13,0,7,0,7,0,
16,3,31,24,1,0,2,36,21,35,5,1,23,1,20,0,7,0,0,41,7,
17,0,0,0,51,0,26,0,0,0,16,0,0,58,0,0,0,0,0,0,0,
18,2,41,37,0,3,0,23,28,27,2,1,51,1,34,1,7,41,0,0,3,
19,0,1,0,0,44,0,8,1,4,0,0,0,1,4,1,0,7,0,3,0,
0,0,0,12,0,5,0,2,18,5,0,15,12,12,4,3,2,5,13,0,9,
1,0,0,0,18,0,23,9,0,0,3,0,0,0,0,0,0,0,0,41,0,
2,12,0,0,0,14,0,0,8,30,0,33,8,7,12,13,12,9,24,0,39,
3,0,18,0,0,4,21,28,0,0,34,0,0,2,0,0,0,0,0,10,1,
4,5,0,14,4,0,0,0,7,11,0,13,11,6,9,6,4,12,8,1,14,
5,0,23,0,21,0,0,24,0,0,14,0,0,0,0,0,0,0,0,51,0,
6,2,9,0,28,0,24,0,5,1,15,0,0,4,0,0,4,6,0,2,0,
7,18,0,8,0,7,0,5,0,15,0,33,15,11,7,21,13,19,20,0,1,
8,5,0,30,0,11,0,1,15,0,0,42,44,4,18,16,15,11,35,0,9,
9,0,3,0,34,0,14,15,0,0,0,0,0,4,0,0,2,0,0,5,0,
10,15,0,33,0,13,0,0,33,42,0,0,66,3,23,23,18,19,66,0,13,
11,12,0,8,0,11,0,0,15,44,0,66,0,2,20,12,4,12,43,0,6,
12,12,0,7,2,6,0,4,11,4,4,3,2,0,0,1,5,8,7,1,17,
13,4,0,12,0,9,0,0,7,18,0,23,20,0,0,10,6,7,18,0,14,
14,3,0,13,0,6,0,0,21,16,0,23,12,1,10,0,13,13,29,0,2,
15,2,0,12,0,4,0,4,13,15,2,18,4,5,6,13,0,2,14,1,17,
16,5,0,9,0,12,0,6,19,11,0,19,12,8,7,13,2,0,29,0,8,
17,13,0,24,0,8,0,0,20,35,0,66,43,7,18,29,14,29,0,0,12,
18,0,41,0,10,1,51,2,0,0,5,0,0,1,0,0,1,0,0,0,0,
19,9,0,39,1,14,0,0,1,9,0,13,6,17,14,2,17,8,12,0,0,
0,0,12,1,18,12,22,10,0,1,1,28,15,11,2,9,21,18,36,1,9,
1,12,0,29,9,30,31,34,0,3,0,21,8,3,16,6,4,8,29,5,24,
2,1,29,0,31,29,10,45,3,36,2,26,28,23,14,26,12,28,43,2,38,
3,18,9,31,0,5,26,8,2,40,4,5,58,38,21,38,44,55,2,8,19,
4,12,30,29,5,0,20,34,0,0,1,38,7,4,9,2,6,1,43,0,24,
5,22,31,10,26,20,0,28,0,5,0,9,40,14,5,36,37,26,3,6,21,
6,10,34,45,8,34,28,0,0,5,0,21,18,2,5,6,11,0,36,0,45,
7,0,0,3,2,0,0,0,0,11,13,0,2,11,7,1,4,6,0,21,0,
8,1,3,36,40,0,5,5,11,0,29,0,34,21,45,20,21,21,0,16,7,
9,1,0,2,4,1,0,0,13,29,0,0,6,10,29,2,1,7,0,16,1,
10,28,21,26,5,38,9,21,0,0,0,0,3,2,4,0,2,0,55,0,13,
11,15,8,28,58,7,40,18,2,34,6,3,0,30,14,50,47,49,2,5,28,
12,11,3,23,38,4,14,2,11,21,10,2,30,0,14,24,28,42,2,10,14,
13,2,16,14,21,9,5,5,7,45,29,4,14,14,0,16,25,19,1,27,22,
14,9,6,26,38,2,36,6,1,20,2,0,50,24,16,0,39,42,0,9,18,
15,21,4,12,44,6,37,11,4,21,1,2,47,28,25,39,0,47,3,7,27,
16,18,8,28,55,1,26,0,6,21,7,0,49,42,19,42,47,0,1,7,23,
17,36,29,43,2,43,3,36,0,0,0,55,2,2,1,0,3,1,0,0,22,
18,1,5,2,8,0,6,0,21,16,16,0,5,10,27,9,7,7,0,0,5,
19,9,24,38,19,24,21,45,0,7,1,13,28,14,22,18,27,23,22,5,0,
0,0,9,0,0,0,2,61,0,18,47,2,8,0,0,0,0,0,0,45,1,
1,9,0,1,41,0,48,3,8,52,7,14,26,0,0,0,0,0,0,2,39,
2,0,1,0,5,2,2,0,12,1,0,4,4,4,13,7,5,0,6,0,3,
3,0,41,5,0,9,24,3,1,28,0,7,19,1,3,1,1,1,0,2,11,
4,0,0,2,9,0,0,0,5,0,0,2,0,8,3,14,14,7,4,2,0,
5,2,48,2,24,0,0,1,9,36,1,8,32,2,0,0,0,0,0,2,31,
6,61,3,0,3,0,1,0,0,19,64,2,3,0,0,0,0,0,0,64,0,
7,0,8,12,1,5,9,0,0,1,3,6,7,3,1,19,22,5,10,0,4,
8,18,52,1,28,0,36,19,1,0,8,10,26,0,0,0,0,0,0,30,23,
9,47,7,0,0,0,1,64,3,8,0,1,13,0,0,0,0,0,0,52,3,
10,2,14,4,7,2,8,2,6,10,1,0,3,19,4,11,10,6,15,3,14,
11,8,26,4,19,0,32,3,7,26,13,3,0,2,2,0,0,0,0,6,30,
12,0,0,4,1,8,2,0,3,0,0,19,2,0,10,8,12,7,15,0,1,
13,0,0,13,3,3,0,0,1,0,0,4,2,10,0,14,14,10,10,0,0,
14,0,0,7,1,14,0,0,19,0,0,11,0,8,14,0,44,48,64,0,0,
15,0,0,5,1,14,0,0,22,0,0,10,0,12,14,44,0,14,25,0,0,
16,0,0,0,1,7,0,0,5,0,0,6,0,7,10,48,14,0,30,0,0,
17,0,0,6,0,4,0,0,10,0,0,15,0,15,10,64,25,30,0,0,0,
18,45,2,0,2,2,2,64,0,30,52,3,6,0,0,0,0,0,0,0,9,
19,1,39,3,11,0,31,0,4,23,3,14,30,1,0,0,0,0,0,9,0,
0,0,8,20,31,8,36,4,13,15,6,6,11,37,0,8,21,0,11,0,9,
1,8,0,29,40,20,3,0,0,22,0,3,18,6,0,8,5,0,1,0,15,
2,20,29,0,51,39,28,4,2,32,1,1,5,13,0,15,2,0,2,0,2,
3,31,40,51,0,39,27,0,0,32,1,2,8,27,0,19,12,0,0,0,2,
4,8,20,39,39,0,18,4,1,34,1,2,7,8,0,12,1,0,0,0,1,
5,36,3,28,27,18,0,25,44,33,22,26,9,54,0,15,68,0,34,0,36,
6,4,0,4,0,4,25,0,40,1,20,28,13,16,4,1,16,1,35,1,15,
7,13,0,2,0,1,44,40,0,7,41,45,12,28,0,2,35,1,54,0,26,
8,15,22,32,32,34,33,1,7,0,5,3,15,15,0,9,7,0,3,0,13,
9,6,0,1,1,1,22,20,41,5,0,34,13,27,1,5,39,0,33,1,28,
10,6,3,1,2,2,26,28,45,3,34,0,12,15,0,4,34,3,56,0,28,
11,11,18,5,8,7,9,13,12,15,13,12,0,7,0,10,10,0,10,0,23,
12,37,6,13,27,8,54,16,28,15,27,15,7,0,1,11,46,0,30,0,29,
13,0,0,0,0,0,0,4,0,0,1,0,0,1,0,0,4,60,0,72,0,
14,8,8,15,19,12,15,1,2,9,5,4,10,11,0,0,9,0,4,0,4,
15,21,5,2,12,1,68,16,35,7,39,34,10,46,4,9,0,1,42,0,53,
16,0,0,0,0,0,0,1,1,0,0,3,0,0,60,0,1,0,3,63,3,
17,11,1,2,0,0,34,35,54,3,33,56,10,30,0,4,42,3,0,0,39,
18,0,0,0,0,0,0,1,0,0,1,0,0,0,72,0,0,63,0,0,0,
19,9,15,2,2,1,36,15,26,13,28,28,23,29,0,4,53,3,39,0,0,
0,0,0,0,15,49,1,5,28,9,13,22,25,0,0,0,11,13,21,12,0,
1,0,0,0,2,3,19,1,1,5,1,1,4,1,18,0,4,8,1,3,0,
2,0,0,0,0,0,1,0,0,0,0,0,0,35,0,36,0,0,0,0,41,
3,15,2,0,0,31,0,3,9,3,16,17,16,0,0,0,15,8,9,7,0,
4,49,3,0,31,0,0,10,35,8,11,42,36,0,2,0,22,26,31,28,0,
5,1,19,1,0,0,0,0,0,7,2,1,2,0,18,0,1,4,4,3,0,
6,5,1,0,3,10,0,0,12,2,4,5,8,0,1,0,5,13,11,10,0,
7,28,1,0,9,35,0,12,0,3,10,23,21,0,0,0,21,25,20,12,0,
8,9,5,0,3,8,7,2,3,0,5,7,12,1,7,0,3,4,21,9,1,
9,13,1,0,16,11,2,4,10,5,0,10,12,0,1,0,3,5,15,4,0,
10,22,1,0,17,42,1,5,23,7,10,0,22,0,0,0,15,13,21,20,0,
11,25,4,0,16,36,2,8,21,12,12,22,0,0,4,0,15,24,30,23,0,
12,0,1,35,0,0,0,0,0,1,0,0,0,0,1,36,0,3,0,0,39,
13,0,18,0,0,2,18,1,0,7,1,0,4,1,0,0,12,0,4,5,1,
14,0,0,36,0,0,0,0,0,0,0,0,0,36,0,0,0,0,0,0,38,
15,11,4,0,15,22,1,5,21,3,3,15,15,0,12,0,0,15,7,15,0,
16,13,8,0,8,26,4,13,25,4,5,13,24,3,0,0,15,0,28,13,0,
17,21,1,0,9,31,4,11,20,21,15,21,30,0,4,0,7,28,0,27,0,
18,12,3,0,7,28,3,10,12,9,4,20,23,0,5,0,15,13,27,0,0,
19,0,0,41,0,0,0,0,0,1,0,0,0,39,1,38,0,0,0,0,0,
0,0,0,27,3,36,2,3,4,24,1,31,7,6,61,1,28,0,3,2,1,
1,0,0,0,12,1,40,49,32,0,21,2,0,26,0,26,0,14,20,12,17,
2,27,0,0,2,49,2,0,0,32,0,27,13,2,60,0,35,1,3,0,3,
3,3,12,2,0,0,23,33,29,0,19,6,0,48,0,23,0,9,25,13,25,
4,36,1,49,0,0,0,0,0,42,0,25,13,0,72,0,32,0,1,0,0,
5,2,40,2,23,0,0,52,47,0,26,1,0,45,0,39,0,28,42,22,20,
6,3,49,0,33,0,52,0,39,0,21,5,0,47,0,34,0,24,25,34,41,
7,4,32,0,29,0,47,39,0,0,24,2,0,33,0,30,0,29,23,25,17,
8,24,0,32,0,42,0,0,0,0,0,21,0,0,45,1,28,0,3,0,1,
9,1,21,0,19,0,26,21,24,0,0,5,0,16,0,28,0,16,8,10,19,
10,31,2,27,6,25,1,5,2,21,5,0,9,1,38,2,16,1,3,4,0,
11,7,0,13,0,13,0,0,0,0,0,9,0,0,19,0,13,0,0,0,0,
12,6,26,2,48,0,45,47,33,0,16,1,0,0,0,34,0,20,24,17,32,
13,61,0,60,0,72,0,0,0,45,0,38,19,0,0,1,34,0,1,0,0,
14,1,26,0,23,0,39,34,30,1,28,2,0,34,1,0,1,19,23,14,22,
15,28,0,35,0,32,0,0,0,28,0,16,13,0,34,1,0,0,2,0,0,
16,0,14,1,9,0,28,24,29,0,16,1,0,20,0,19,0,0,13,15,7,
17,3,20,3,25,1,42,25,23,3,8,3,0,24,1,23,2,13,0,13,23,
18,2,12,0,13,0,22,34,25,0,10,4,0,17,0,14,0,15,13,0,19,
19,1,17,3,25,0,20,41,17,1,19,0,0,32,0,22,0,7,23,19,0,
0,0,5,9,0,0,13,12,0,22,1,1,1,2,13,0,12,0,9,0,5,
1,5,0,9,0,3,18,10,0,8,0,17,2,0,16,0,30,0,8,0,6,
2,9,9,0,0,0,0,0,0,4,0,0,0,0,0,0,18,0,7,0,112,
3,0,0,0,0,0,0,2,68,0,11,1,16,20,2,48,1,41,1,37,0,
4,0,3,0,0,0,4,40,4,15,20,31,1,6,11,4,4,2,21,4,0,
5,13,18,0,0,4,0,17,0,7,0,16,0,3,21,1,31,0,13,0,2,
6,12,10,0,2,40,17,0,2,9,0,14,2,1,21,1,15,0,13,2,0,
7,0,0,0,68,4,0,2,0,1,19,3,14,24,0,35,1,43,2,52,0,
8,22,8,4,0,15,7,9,1,0,16,7,0,6,15,0,15,0,40,1,10,
9,1,0,0,11,20,0,0,19,16,0,17,5,30,2,9,0,14,15,16,0,
10,1,17,0,1,31,16,14,3,7,17,0,1,10,10,0,20,0,18,2,0,
11,1,2,0,16,1,0,2,14,0,5,1,0,8,0,29,0,12,0,15,0,
12,2,0,0,20,6,3,1,24,6,30,10,8,0,1,16,1,12,11,21,0,
13,13,16,0,2,11,21,21,0,15,2,10,0,1,0,0,14,1,17,3,1,
14,0,0,0,48,4,1,1,35,0,9,0,29,16,0,0,0,28,1,32,0,
15,12,30,18,1,4,31,15,1,15,0,20,0,1,14,0,0,3,15,2,12,
16,0,0,0,41,2,0,0,43,0,14,0,12,12,1,28,3,0,0,36,0,
17,9,8,7,1,21,13,13,2,40,15,18,0,11,17,1,15,0,0,0,2,
18,0,0,0,37,4,0,2,52,1,16,2,15,21,3,32,2,36,0,0,0,
19,5,6,112,0,0,2,0,0,10,0,0,0,0,1,0,12,0,2,0,0,
0,0,0,0,11,4,2,0,8,0,12,1,0,13,10,6,7,0,0,13,0,
1,0,0,15,5,9,5,20,13,18,0,16,8,1,0,1,3,11,22,0,31,
2,0,15,0,4,0,1,16,5,16,0,8,13,0,0,0,0,9,38,0,48,
3,11,5,4,0,17,19,3,19,4,3,3,0,1,1,2,9,11,3,1,1,
4,4,9,0,17,0,11,3,7,9,18,1,0,9,10,4,10,21,2,1,0,
5,2,5,1,19,11,0,1,11,7,11,1,0,4,0,8,15,8,2,0,2,
6,0,20,16,3,3,1,0,4,19,0,15,10,0,0,0,0,9,21,0,24,
7,8,13,5,19,7,11,4,0,1,3,27,4,0,2,0,6,9,25,0,28,
8,0,18,16,4,9,7,19,1,0,2,9,4,0,0,2,4,12,12,0,26,
9,12,0,0,3,18,11,0,3,2,0,0,0,8,12,6,13,2,0,2,0,
10,1,16,8,3,1,1,15,27,9,0,0,5,0,0,0,3,4,29,0,28,
11,0,8,13,0,0,0,10,4,4,0,5,0,0,0,0,1,3,12,0,7,
12,13,1,0,1,9,4,0,0,0,8,0,0,0,12,55,15,0,0,16,0,
13,10,0,0,1,10,0,0,2,0,12,0,0,12,0,3,15,0,0,30,0,
14,6,1,0,2,4,8,0,0,2,6,0,0,55,3,0,12,0,0,32,0,
15,7,3,0,9,10,15,0,6,4,13,3,1,15,15,12,0,0,1,0,0,
16,0,11,9,11,21,8,9,9,12,2,4,3,0,0,0,0,0,6,0,11,
17,0,22,38,3,2,2,21,25,12,0,29,12,0,0,0,1,6,0,0,62,
18,13,0,0,1,1,0,0,0,0,2,0,0,16,30,32,0,0,0,0,0,
19,0,31,48,1,0,2,24,28,26,0,28,7,0,0,0,0,11,62,0,0,
0,0,55,0,0,13,18,38,3,45,2,2,20,12,0,1,0,0,35,1,1,
1,55,0,0,1,2,12,24,3,33,1,1,14,14,0,0,0,2,26,0,1,
2,0,0,0,0,0,0,0,0,0,5,2,0,0,0,2,0,0,0,2,0,
3,0,1,0,0,3,0,0,0,1,4,12,1,2,0,18,0,0,0,15,0,
4,13,2,0,3,0,6,18,1,15,13,20,1,10,2,13,1,2,14,11,0,
5,18,12,0,0,6,0,21,0,11,1,4,17,16,0,0,0,1,13,2,1,
6,38,24,0,0,18,21,0,4,27,14,7,12,8,0,4,0,7,38,10,4,
7,3,3,0,0,1,0,4,0,4,0,0,6,1,19,0,13,34,16,0,36,
8,45,33,0,1,15,11,27,4,0,3,6,18,14,1,5,0,2,32,4,1,
9,2,1,5,4,13,1,14,0,3,0,38,1,4,0,21,0,0,0,15,0,
10,2,1,2,12,20,4,7,0,6,38,0,5,7,0,35,0,0,1,31,0,
11,20,14,0,1,1,17,12,6,18,1,5,0,10,8,6,7,10,4,4,6,
12,12,14,0,2,10,16,8,1,14,4,7,10,0,0,6,0,0,16,5,1,
13,0,0,0,0,2,0,0,19,1,0,0,8,0,0,0,41,52,0,0,18,
14,1,0,2,18,13,0,4,0,5,21,35,6,6,0,0,0,0,0,14,0,
15,0,0,0,0,1,0,0,13,0,0,0,7,0,41,0,0,28,1,0,17,
16,0,2,0,0,2,1,7,34,2,0,0,10,0,52,0,28,0,15,0,50,
17,35,26,0,0,14,13,38,16,32,0,1,4,16,0,0,1,15,0,0,8,
18,1,0,2,15,11,2,10,0,4,15,31,4,5,0,14,0,0,0,0,0,
19,1,1,0,0,0,1,4,36,1,0,0,6,1,18,0,17,50,8,0,0,
0,0,9,11,29,23,0,13,25,32,15,0,17,2,0,28,0,5,0,25,11,
1,9,0,4,13,17,0,6,9,11,2,1,4,2,1,5,2,8,0,4,1,
2,11,4,0,6,5,7,6,22,9,1,0,7,4,6,12,6,11,1,9,5,
3,29,13,6,0,8,0,8,25,38,13,0,8,1,0,24,0,10,0,11,3,
4,23,17,5,8,0,2,7,7,8,38,0,11,4,3,32,4,8,0,46,15,
5,0,0,7,0,2,0,22,1,3,8,0,1,47,54,4,45,1,0,1,23,
6,13,6,6,8,7,22,0,20,6,15,1,10,4,8,6,15,5,0,7,0,
7,25,9,22,25,7,1,20,0,38,5,0,16,1,0,11,0,6,0,5,0,
8,32,11,9,38,8,3,6,38,0,15,0,9,0,0,24,1,9,0,13,3,
9,15,2,1,13,38,8,15,5,15,0,2,6,1,7,19,14,5,12,33,5,
10,0,1,0,0,0,0,1,0,0,2,0,0,0,1,0,3,0,76,0,0,
11,17,4,7,8,11,1,10,16,9,6,0,0,4,0,14,0,5,0,18,10,
12,2,2,4,1,4,47,4,1,0,1,0,4,0,49,0,52,3,0,8,32,
13,0,1,6,0,3,54,8,0,0,7,1,0,49,0,0,59,0,2,2,44,
14,28,5,12,24,32,4,6,11,24,19,0,14,0,0,0,2,9,0,18,9,
15,0,2,6,0,4,45,15,0,1,14,3,0,52,59,2,0,1,0,0,34,
16,5,8,11,10,8,1,5,6,9,5,0,5,3,0,9,1,0,0,14,1,
17,0,0,1,0,0,0,0,0,0,12,76,0,0,2,0,0,0,0,0,0,
18,25,4,9,11,46,1,7,5,13,33,0,18,8,2,18,0,14,0,0,11,
19,11,1,5,3,15,23,0,0,3,5,0,10,32,44,9,34,1,0,11,0,
0,0,0,25,0,24,17,29,0,5,26,10,5,22,4,28,24,25,37,0,36,
1,0,0,0,59,0,0,0,63,13,0,0,0,0,0,0,0,0,0,67,0,
2,25,0,0,0,33,8,23,0,19,12,24,6,22,13,37,16,27,17,0,27,
3,0,59,0,0,0,0,0,35,13,0,0,0,0,0,0,0,0,0,25,0,
4,24,0,33,0,0,7,27,0,10,13,22,30,24,17,21,10,15,20,0,20,
5,17,0,8,0,7,0,12,0,4,10,2,5,15,8,28,15,31,20,0,42,
6,29,0,23,0,27,12,0,0,7,30,16,8,37,1,25,17,33,33,0,26,
7,0,63,0,35,0,0,0,0,19,0,0,0,0,0,0,0,0,0,80,0,
8,5,13,19,13,10,4,7,19,0,8,9,11,5,6,5,2,2,7,11,13,
9,26,0,12,0,13,10,30,0,8,0,3,11,29,7,25,13,19,43,0,38,
10,10,0,24,0,22,2,16,0,9,3,0,15,16,12,10,17,6,7,0,8,
11,5,0,6,0,30,5,8,0,11,11,15,0,13,10,9,15,7,8,0,14,
12,22,0,22,0,24,15,37,0,5,29,16,13,0,8,34,8,27,36,0,43,
13,4,0,13,0,17,8,1,0,6,7,12,10,8,0,12,12,8,19,0,18,
14,28,0,37,0,21,28,25,0,5,25,10,9,34,12,0,33,33,31,0,44,
15,24,0,16,0,10,15,17,0,2,13,17,15,8,12,33,0,31,24,0,23,
16,25,0,27,0,15,31,33,0,2,19,6,7,27,8,33,31,0,28,0,40,
17,37,0,17,0,20,20,33,0,7,43,7,8,36,19,31,24,28,0,0,48,
18,0,67,0,25,0,0,0,80,11,0,0,0,0,0,0,0,0,0,0,0,
19,36,0,27,0,20,42,26,0,13,38,8,14,43,18,44,23,40,48,0,0,
0,0,38,45,0,0,0,16,15,1,57,66,70,4,15,31,17,69,2,9,1,
1,38,0,24,0,0,1,2,14,0,30,48,37,16,7,31,21,40,4,3,0,
2,45,24,0,0,1,2,12,4,0,32,35,32,10,16,26,16,34,4,12,2,
3,0,0,0,0,30,7,0,11,12,0,0,0,0,0,0,0,0,6,0,3,
4,0,0,1,30,0,11,0,8,15,0,0,0,0,0,0,0,1,2,1,5,
5,0,1,2,7,11,0,0,12,15,2,1,1,6,19,0,0,1,37,14,10,
6,16,2,12,0,0,0,0,0,0,17,17,23,3,12,5,19,16,0,0,0,
7,15,14,4,11,8,12,0,0,6,12,12,22,2,6,4,3,9,21,8,4,
8,1,0,0,12,15,15,0,6,0,0,1,0,0,3,0,0,0,10,9,16,
9,57,30,32,0,0,2,17,12,0,0,77,57,13,8,19,18,65,2,1,5,
10,66,48,35,0,0,1,17,12,1,77,0,79,11,19,37,19,63,4,9,2,
11,70,37,32,0,0,1,23,22,0,57,79,0,20,21,27,22,67,4,6,0,
12,4,16,10,0,0,6,3,2,0,13,11,20,0,15,9,7,8,5,7,3,
13,15,7,16,0,0,19,12,6,3,8,19,21,15,0,10,6,8,14,4,6,
14,31,31,26,0,0,0,5,4,0,19,37,27,9,10,0,20,26,0,3,3,
15,17,21,16,0,0,0,19,3,0,18,19,22,7,6,20,0,29,2,3,1,
16,69,40,34,0,1,1,16,9,0,65,63,67,8,8,26,29,0,1,2,0,
17,2,4,4,6,2,37,0,21,10,2,4,4,5,14,0,2,1,0,20,10,
18,9,3,12,0,1,14,0,8,9,1,9,6,7,4,3,3,2,20,0,9,
19,1,0,2,3,5,10,0,4,16,5,2,0,3,6,3,1,0,10,9,0,
0,0,5,0,18,0,81,0,0,0,9,0,0,4,60,0,0,15,83,2,1,
1,5,0,0,2,0,2,0,0,0,0,0,0,0,24,0,0,134,8,0,0,
2,0,0,0,2,49,0,52,48,31,0,15,39,3,0,27,24,0,0,0,31,
3,18,2,2,0,1,28,2,2,0,7,0,1,14,10,2,1,6,26,35,1,
4,0,0,49,1,0,0,33,39,5,0,14,31,2,0,16,12,0,0,2,26,
5,81,2,0,28,0,0,0,0,0,10,0,0,5,43,0,0,17,74,0,0,
6,0,0,52,2,33,0,0,46,31,0,39,60,7,0,25,46,0,0,3,49,
7,0,0,48,2,39,0,46,0,33,0,34,39,0,0,18,10,0,0,1,41,
8,0,0,31,0,5,0,31,33,0,0,20,25,1,0,12,8,0,0,1,17,
9,9,0,0,7,0,10,0,0,0,0,0,0,32,1,0,4,0,7,4,2,
10,0,0,15,0,14,0,39,34,20,0,0,31,4,0,12,17,0,0,0,30,
11,0,0,39,1,31,0,60,39,25,0,31,0,2,0,27,31,0,0,0,25,
12,4,0,3,14,2,5,7,0,1,32,4,2,0,8,2,7,0,1,20,4,
13,60,24,0,10,0,43,0,0,0,1,0,0,8,0,0,0,27,51,1,0,
14,0,0,27,2,16,0,25,18,12,0,12,27,2,0,0,12,0,0,2,16,
15,0,0,24,1,12,0,46,10,8,4,17,31,7,0,12,0,0,0,23,13,
16,15,134,0,6,0,17,0,0,0,0,0,0,0,27,0,0,0,11,0,0,
17,83,8,0,26,0,74,0,0,0,7,0,0,1,51,0,0,11,0,0,0,
18,2,0,0,35,2,0,3,1,1,4,0,0,20,1,2,23,0,0,0,0,
19,1,0,31,1,26,0,49,41,17,2,30,25,4,0,16,13,0,0,0,0,
0,0,3,0,0,0,52,0,0,0,0,0,23,0,0,0,0,0,0,0,2,
1,3,0,1,8,10,6,5,4,14,3,37,5,24,10,20,11,16,13,7,21,
2,0,1,0,24,11,0,19,2,11,3,18,5,24,1,22,34,8,18,0,29,
3,0,8,24,0,9,0,25,6,9,10,32,3,29,9,11,17,12,38,11,19,
4,0,10,11,9,0,0,4,8,2,3,17,13,15,4,12,12,15,5,6,16,
5,52,6,0,0,0,0,0,0,0,0,5,2,0,2,0,0,0,0,0,1,
6,0,5,19,25,4,0,0,6,6,16,14,3,23,20,9,8,20,25,4,9,
7,0,4,2,6,8,0,6,0,1,14,0,3,2,11,3,1,2,3,20,4,
8,0,14,11,9,2,0,6,1,0,1,17,7,20,2,12,14,12,14,5,19,
9,0,3,3,10,3,0,16,14,1,0,2,0,11,33,3,2,8,4,14,1,
10,0,37,18,32,17,5,14,0,17,2,0,3,46,12,18,22,30,29,6,30,
11,23,5,5,3,13,2,3,3,7,0,3,0,7,3,13,8,5,0,2,14,
12,0,24,24,29,15,0,23,2,20,11,46,7,0,5,20,34,15,16,6,12,
13,0,10,1,9,4,2,20,11,2,33,12,3,5,0,12,2,20,11,5,6,
14,0,20,22,11,12,0,9,3,12,3,18,13,20,12,0,30,20,6,2,20,
15,0,11,34,17,12,0,8,1,14,2,22,8,34,2,30,0,16,8,3,19,
16,0,16,8,12,15,0,20,2,12,8,30,5,15,20,20,16,0,21,7,33,
17,0,13,18,38,5,0,25,3,14,4,29,0,16,11,6,8,21,0,3,18,
18,0,7,0,11,6,0,4,20,5,14,6,2,6,5,2,3,7,3,0,4,
19,2,21,29,19,16,1,9,4,19,1,30,14,12,6,20,19,33,18,4,0,
0,0,56,20,47,48,35,24,6,43,15,22,0,4,0,16,3,32,16,28,50,
1,56,0,21,36,50,45,38,11,17,30,20,1,2,0,14,5,27,7,27,37,
2,20,21,0,14,15,15,9,1,11,2,10,0,16,6,9,21,26,4,12,25,
3,47,36,14,0,43,39,37,10,29,19,25,1,1,0,13,7,50,16,26,39,
4,48,50,15,43,0,38,37,7,18,26,27,1,0,0,4,5,31,13,31,39,
5,35,45,15,39,38,0,24,5,16,29,27,4,0,0,5,5,20,9,21,24,
6,24,38,9,37,37,24,0,12,4,18,18,1,1,0,3,1,21,3,20,27,
7,6,11,1,10,7,5,12,0,14,22,5,30,0,0,24,0,6,46,9,10,
8,43,17,11,29,18,16,4,14,0,6,9,6,0,0,12,8,17,7,7,20,
9,15,30,2,19,26,29,18,22,6,0,18,15,1,0,13,0,10,16,6,14,
10,22,20,10,25,27,27,18,5,9,18,0,0,2,0,9,0,11,5,6,21,
11,0,1,0,1,1,4,1,30,6,15,0,0,0,0,17,0,0,45,4,2,
12,4,2,16,1,0,0,1,0,0,1,2,0,0,24,2,49,2,0,0,2,
13,0,0,6,0,0,0,0,0,0,0,0,0,24,0,0,39,0,0,0,0,
14,16,14,9,13,4,5,3,24,12,13,9,17,2,0,0,0,21,23,13,9,
15,3,5,21,7,5,5,1,0,8,0,0,0,49,39,0,0,7,4,2,3,
16,32,27,26,50,31,20,21,6,17,10,11,0,2,0,21,7,0,10,15,32,
17,16,7,4,16,13,9,3,46,7,16,5,45,0,0,23,4,10,0,10,5,
18,28,27,12,26,31,21,20,9,7,6,6,4,0,0,13,2,15,10,0,19,
19,50,37,25,39,39,24,27,10,20,14,21,2,2,0,9,3,32,5,19,0,
0,0,0,10,24,26,1,2,10,0,0,8,0,18,21,18,1,6,32,1,51,
1,0,0,10,0,0,22,11,0,8,16,3,11,1,0,1,34,7,0,6,0,
2,10,10,0,3,37,5,2,13,1,0,21,0,43,39,18,0,8,5,2,5,
3,24,0,3,0,1,0,0,5,0,0,0,0,2,1,7,0,2,105,0,62,
4,26,0,37,1,0,6,3,21,0,0,21,0,42,46,28,0,5,7,0,3,
5,1,22,5,0,6,0,1,2,7,7,7,4,11,4,0,8,12,0,9,0,
6,2,11,2,0,3,1,0,2,23,18,0,60,4,4,0,19,5,1,25,0,
7,10,0,13,5,21,2,2,0,0,0,14,0,10,22,11,0,5,7,0,2,
8,0,8,1,0,0,7,23,0,0,7,0,18,0,0,0,26,5,0,14,0,
9,0,16,0,0,0,7,18,0,7,0,0,24,0,0,0,28,8,0,16,0,
10,8,3,21,0,21,7,0,14,0,0,0,2,19,17,7,0,6,0,2,2,
11,0,11,0,0,0,4,60,0,18,24,2,0,0,0,0,26,9,0,19,0,
12,18,1,43,2,42,11,4,10,0,0,19,0,0,65,26,0,13,1,0,0,
13,21,0,39,1,46,4,4,22,0,0,17,0,65,0,27,2,11,0,0,4,
14,18,1,18,7,28,0,0,11,0,0,7,0,26,27,0,3,26,19,0,10,
15,1,34,0,0,0,8,19,0,26,28,0,26,0,2,3,0,3,0,18,0,
16,6,7,8,2,5,12,5,5,5,8,6,9,13,11,26,3,0,0,13,3,
17,32,0,5,105,7,0,1,7,0,0,0,0,1,0,19,0,0,0,0,71,
18,1,6,2,0,0,9,25,0,14,16,2,19,0,0,0,18,13,0,0,0,
19,51,0,5,62,3,0,0,2,0,0,2,0,0,4,10,0,3,71,0,0,
0,0,24,12,1,11,0,3,1,4,1,21,0,1,24,9,9,17,10,0,12,
1,24,0,0,3,37,4,0,17,0,20,60,0,3,2,8,28,1,5,3,2,
2,12,0,0,0,0,0,3,0,15,0,0,0,0,17,13,0,12,10,0,21,
3,1,3,0,0,10,82,0,54,0,43,0,4,73,0,4,3,0,0,77,0,
4,11,37,0,10,0,8,0,8,1,8,43,0,11,2,9,25,0,3,14,0,
5,0,4,0,82,8,0,0,50,0,51,7,4,77,0,10,0,0,0,62,0,
6,3,0,3,0,0,0,0,0,10,0,0,0,0,22,4,0,25,14,0,23,
7,1,17,0,54,8,50,0,0,0,60,16,2,58,0,1,5,0,0,61,3,
8,4,0,15,0,1,0,10,0,0,0,2,0,0,21,4,2,11,16,0,14,
9,1,20,0,43,8,51,0,60,0,0,11,1,42,0,4,14,1,1,43,0,
10,21,60,0,0,43,7,0,16,2,11,0,0,3,1,11,29,2,3,7,1,
11,0,0,0,4,0,4,0,2,0,1,0,0,4,0,34,2,0,0,6,0,
12,1,3,0,73,11,77,0,58,0,42,3,4,0,0,7,2,2,0,61,0,
13,24,2,17,0,2,0,22,0,21,0,1,0,0,0,5,1,47,20,0,31,
14,9,8,13,4,9,10,4,1,4,4,11,34,7,5,0,4,7,2,6,4,
15,9,28,0,3,25,0,0,5,2,14,29,2,2,1,4,0,4,0,3,1,
16,17,1,12,0,0,0,25,0,11,1,2,0,2,47,7,4,0,22,1,34,
17,10,5,10,0,3,0,14,0,16,1,3,0,0,20,2,0,22,0,0,29,
18,0,3,0,77,14,62,0,61,0,43,7,6,61,0,6,3,1,0,0,0,
19,12,2,21,0,0,0,23,3,14,0,1,0,0,31,4,1,34,29,0,0,
0,0,6,0,2,0,31,0,17,12,6,0,6,3,34,0,36,0,2,7,0,
1,6,0,1,6,2,14,5,0,0,1,5,16,14,4,12,21,6,27,7,0,
2,0,1,0,20,29,0,36,0,0,7,38,4,13,0,19,2,6,0,0,47,
3,2,6,20,0,29,3,25,1,0,6,24,15,30,3,27,12,23,3,1,2,
4,0,2,29,29,0,1,8,0,0,1,26,4,11,0,22,6,23,1,0,27,
5,31,14,0,3,1,0,5,18,13,2,0,10,1,19,0,14,1,10,8,0,
6,0,5,36,25,8,5,0,3,0,16,28,9,14,2,38,9,10,9,1,15,
7,17,0,0,1,0,18,3,0,7,3,0,0,2,11,0,7,0,3,20,0,
8,12,0,0,0,0,13,0,7,0,0,0,0,0,14,0,7,0,0,10,0,
9,6,1,7,6,1,2,16,3,0,0,12,2,4,3,6,4,4,10,2,37,
10,0,5,38,24,26,0,28,0,0,12,0,11,14,0,37,3,14,7,0,14,
11,6,16,4,15,4,10,9,0,0,2,11,0,20,1,11,10,8,24,7,4,
12,3,14,13,30,11,1,14,2,0,4,14,20,0,1,15,3,33,16,0,1,
13,34,4,0,3,0,19,2,11,14,3,0,1,1,0,0,10,0,4,13,0,
14,0,12,19,27,22,0,38,0,0,6,37,11,15,0,0,2,23,6,2,10,
15,36,21,2,12,6,14,9,7,7,4,3,10,3,10,2,0,4,11,11,2,
16,0,6,6,23,23,1,10,0,0,4,14,8,33,0,23,4,0,24,0,7,
17,2,27,0,3,1,10,9,3,0,10,7,24,16,4,6,11,24,0,2,2,
18,7,7,0,1,0,8,1,20,10,2,0,7,0,13,2,11,0,2,0,0,
19,0,0,47,2,27,0,15,0,0,37,14,4,1,0,10,2,7,2,0,0,
0,0,0,8,29,41,32,0,10,14,18,0,13,3,44,0,14,13,9,20,0,
