Node/Edge,1000,14321
Step/Entity,1600,20
meet_step
0,0,51,30,28,32,39,34,47,40,37,4,5,39,26,15,55,48,44,19,24,
1,51,0,29,29,24,37,31,40,38,27,2,4,34,63,19,48,53,40,34,43,
2,30,29,0,26,16,16,23,28,30,27,18,12,29,25,16,27,25,31,18,34,
3,28,29,26,0,15,30,26,56,47,20,0,6,28,34,16,29,32,42,36,21,
4,32,24,16,15,0,32,32,50,24,26,3,1,23,31,17,47,47,40,27,29,
5,39,37,16,30,32,0,29,55,34,11,3,5,21,29,17,31,47,33,28,20,
6,34,31,23,26,32,29,0,39,29,19,5,4,31,32,10,34,36,35,21,38,
7,47,40,28,56,50,55,39,0,47,28,6,0,28,50,19,40,58,58,33,17,
8,40,38,30,47,24,34,29,47,0,41,3,9,47,24,16,38,42,56,29,40,
9,37,27,27,20,26,11,19,28,41,0,3,2,30,34,10,28,24,18,11,23,
10,4,2,18,0,3,3,5,6,3,3,0,53,14,2,9,5,5,5,6,9,
11,5,4,12,6,1,5,4,0,9,2,53,0,18,2,19,2,3,4,8,8,
12,39,34,29,28,23,21,31,28,47,30,14,18,0,34,29,43,44,34,17,33,
13,26,63,25,34,31,29,32,50,24,34,2,2,34,0,16,40,55,41,38,38,
14,15,19,16,16,17,17,10,19,16,10,9,19,29,16,0,25,18,16,17,16,
15,55,48,27,29,47,31,34,40,38,28,5,2,43,40,25,0,58,53,29,43,
16,48,53,25,32,47,47,36,58,42,24,5,3,44,55,18,58,0,56,48,32,
17,44,40,31,42,40,33,35,58,56,18,5,4,34,41,16,53,56,0,26,32,
18,19,34,18,36,27,28,21,33,29,11,6,8,17,38,17,29,48,26,0,24,
19,24,43,34,21,29,20,38,17,40,23,9,8,33,38,16,43,32,32,24,0,
0,0,19,15,20,3,1,0,24,0,9,5,6,2,1,2,17,0,20,6,39,
1,19,0,36,18,5,1,0,42,0,6,17,2,3,0,2,11,0,16,7,16,
2,15,36,0,19,6,5,4,22,0,8,16,5,3,0,1,1,0,26,13,14,
3,20,18,19,0,16,4,1,17,0,16,11,13,2,1,0,4,2,32,18,20,
4,3,5,6,16,0,27,47,6,24,34,0,28,37,23,24,20,36,5,2,11,
5,1,1,5,4,27,0,29,1,25,14,2,7,41,13,24,18,15,1,8,0,
6,0,0,4,1,47,29,0,2,42,24,14,13,30,26,35,27,42,2,12,1,
7,24,42,22,17,6,1,2,0,0,2,13,5,11,0,0,3,1,21,11,12,
8,0,0,0,0,24,25,42,0,0,12,9,17,29,21,46,29,21,0,15,0,
9,9,6,8,16,34,14,24,2,12,0,6,23,8,20,16,6,14,7,5,14,
10,5,17,16,11,0,2,14,13,9,6,0,2,25,6,24,24,12,13,26,9,
11,6,2,5,13,28,7,13,5,17,23,2,0,10,11,11,2,15,13,1,7,
12,2,3,3,2,37,41,30,11,29,8,25,10,0,18,27,49,33,8,25,2,
13,1,0,0,1,23,13,26,0,21,20,6,11,18,0,40,12,17,2,10,2,
14,2,2,1,0,24,24,35,0,46,16,24,11,27,40,0,50,41,2,28,1,
15,17,11,1,4,20,18,27,3,29,6,24,2,49,12,50,0,37,5,26,14,
16,0,0,0,2,36,15,42,1,21,14,12,15,33,17,41,37,0,0,17,0,
17,20,16,26,32,5,1,2,21,0,7,13,13,8,2,2,5,0,0,8,26,
18,6,7,13,18,2,8,12,11,15,5,26,1,25,10,28,26,17,8,0,2,
19,39,16,14,20,11,0,1,12,0,14,9,7,2,2,1,14,0,26,2,0,
0,0,0,0,2,3,37,30,2,27,31,1,1,1,21,23,6,0,27,4,29,
1,0,0,31,13,29,3,0,21,1,2,19,22,26,3,2,27,8,27,42,3,
2,0,31,0,28,33,0,2,28,0,0,41,26,28,1,0,28,9,14,52,2,
3,2,13,28,0,32,2,1,28,1,3,53,34,16,1,1,28,11,7,30,6,
4,3,29,33,32,0,1,1,18,0,0,33,26,19,6,0,46,2,10,44,3,
5,37,3,0,2,1,0,33,1,29,34,0,2,1,26,33,3,1,17,3,28,
6,30,0,2,1,1,33,0,1,26,31,3,0,1,13,31,5,0,7,1,9,
7,2,21,28,28,18,1,1,0,0,0,47,20,23,3,0,21,9,11,22,2,
8,27,1,0,1,0,29,26,0,0,37,0,3,1,9,30,0,1,5,2,15,
9,31,2,0,3,0,34,31,0,37,0,0,1,0,27,20,2,2,5,5,15,
10,1,19,41,53,33,0,3,47,0,0,0,38,24,4,1,29,10,13,26,0,
11,1,22,26,34,26,2,0,20,3,1,38,0,15,4,0,13,32,3,21,1,
12,1,26,28,16,19,1,1,23,1,0,24,15,0,3,0,28,11,36,44,2,
13,21,3,1,1,6,26,13,3,9,27,4,4,3,0,17,9,0,9,7,34,
14,23,2,0,1,0,33,31,0,30,20,1,0,0,17,0,5,1,7,1,20,
15,6,27,28,28,46,3,5,21,0,2,29,13,28,9,5,0,2,16,43,2,
16,0,8,9,11,2,1,0,9,1,2,10,32,11,0,1,2,0,7,4,4,
17,27,27,14,7,10,17,7,11,5,5,13,3,36,9,7,16,7,0,35,27,
18,4,42,52,30,44,3,1,22,2,5,26,21,44,7,1,43,4,35,0,2,
19,29,3,2,6,3,28,9,2,15,15,0,1,2,34,20,2,4,27,2,0,
0,0,0,48,51,0,0,34,46,40,37,47,46,1,0,41,1,0,3,35,29,
1,0,0,1,2,54,34,1,12,10,0,0,1,50,41,0,47,46,36,0,20,
2,48,1,0,38,5,1,39,35,41,35,52,64,1,1,29,3,0,1,36,20,
3,51,2,38,0,3,0,35,47,22,48,31,61,1,4,43,3,4,4,37,32,
4,0,54,5,3,0,63,0,16,6,5,3,1,61,82,1,76,68,43,2,15,
5,0,34,1,0,63,0,1,14,8,1,0,0,60,75,0,62,62,51,0,15,
6,34,1,39,35,0,1,0,38,28,24,31,35,0,0,29,2,3,3,41,24,
7,46,12,35,47,16,14,38,0,39,44,23,36,9,18,57,13,12,4,52,42,
8,40,10,41,22,6,8,28,39,0,17,26,37,10,6,22,8,9,9,26,29,
9,37,0,35,48,5,1,24,44,17,0,33,42,0,1,31,1,2,0,44,36,
10,47,0,52,31,3,0,31,23,26,33,0,46,0,1,44,0,1,1,26,21,
11,46,1,64,61,1,0,35,36,37,42,46,0,0,2,46,2,1,3,29,21,
12,1,50,1,1,61,60,0,9,10,0,0,0,0,54,2,72,48,43,0,9,
13,0,41,1,4,82,75,0,18,6,1,1,2,54,0,4,65,55,44,2,22,
14,41,0,29,43,1,0,29,57,22,31,44,46,2,4,0,1,2,3,31,32,
15,1,47,3,3,76,62,2,13,8,1,0,2,72,65,1,0,69,59,2,14,
16,0,46,0,4,68,62,3,12,9,2,1,1,48,55,2,69,0,44,0,15,
17,3,36,1,4,43,51,3,4,9,0,1,3,43,44,3,59,44,0,1,10,
18,35,0,36,37,2,0,41,52,26,44,26,29,0,2,31,2,0,1,0,45,
19,29,20,20,32,15,15,24,42,29,36,21,21,9,22,32,14,15,10,45,0,
0,0,23,12,7,51,18,33,13,11,44,11,13,11,9,9,8,12,19,6,24,
1,23,0,47,31,8,4,30,46,0,55,1,1,11,1,0,3,1,38,0,29,
2,12,47,0,66,0,3,0,62,0,37,4,1,0,0,0,0,0,92,0,20,
3,7,31,66,0,5,6,14,67,1,18,7,1,0,0,0,1,2,95,0,22,
4,51,8,0,5,0,38,58,6,15,29,32,7,12,10,5,5,23,2,13,19,
5,18,4,3,6,38,0,35,4,6,14,17,15,5,6,6,5,7,4,8,10,
6,33,30,0,14,58,35,0,8,3,38,7,1,5,7,0,5,0,7,5,2,
7,13,46,62,67,6,4,8,0,1,41,1,0,3,2,0,4,0,72,0,30,
8,11,0,0,1,15,6,3,1,0,1,52,29,65,28,34,42,69,0,54,30,
9,44,55,37,18,29,14,38,41,1,0,5,1,2,6,0,2,2,41,1,27,
10,11,1,4,7,32,17,7,1,52,5,0,23,50,27,45,35,49,1,46,28,
11,13,1,1,1,7,15,1,0,29,1,23,0,34,27,21,24,46,1,35,15,
12,11,11,0,0,12,5,5,3,65,2,50,34,0,51,56,34,88,1,58,31,
13,9,1,0,0,10,6,7,2,28,6,27,27,51,0,24,26,45,0,32,13,
14,9,0,0,0,5,6,0,0,34,0,45,21,56,24,0,15,44,0,34,10,
15,8,3,0,1,5,5,5,4,42,2,35,24,34,26,15,0,40,1,38,9,
16,12,1,0,2,23,7,0,0,69,2,49,46,88,45,44,40,0,0,72,32,
17,19,38,92,95,2,4,7,72,0,41,1,1,1,0,0,1,0,0,0,31,
18,6,0,0,0,13,8,5,0,54,1,46,35,58,32,34,38,72,0,0,14,
19,24,29,20,22,19,10,2,30,30,27,28,15,31,13,10,9,32,31,14,0,
0,0,16,15,21,25,18,2,5,13,38,17,14,23,15,17,8,23,21,1,19,
1,16,0,26,22,18,13,0,13,19,26,4,10,16,20,9,1,20,12,0,23,
2,15,26,0,15,10,10,0,5,11,15,9,11,13,14,12,1,19,18,2,9,
3,21,22,15,0,23,27,1,14,10,46,21,21,20,25,8,4,35,17,5,33,
4,25,18,10,23,0,32,21,32,25,20,2,50,9,27,10,37,32,14,30,27,
5,18,13,10,27,32,0,8,10,17,30,12,27,22,32,13,10,31,15,11,15,
6,2,0,0,1,21,8,0,21,31,4,35,30,4,2,22,83,3,2,49,2,
7,5,13,5,14,32,10,21,0,12,14,0,16,9,16,11,21,18,9,12,14,
8,13,19,11,10,25,17,31,12,0,22,13,18,18,18,33,32,12,15,21,15,
9,38,26,15,46,20,30,4,14,22,0,31,16,25,32,24,0,25,23,6,17,
10,17,4,9,21,2,12,35,0,13,31,0,10,25,14,26,54,11,9,30,11,
11,14,10,11,21,50,27,30,16,18,16,10,0,6,7,9,21,26,12,18,17,
12,23,16,13,20,9,22,4,9,18,25,25,6,0,14,19,7,13,11,4,15,
13,15,20,14,25,27,32,2,16,18,32,14,7,14,0,21,3,27,9,4,25,
14,17,9,12,8,10,13,22,11,33,24,26,9,19,21,0,34,16,15,12,4,
15,8,1,1,4,37,10,83,21,32,0,54,21,7,3,34,0,7,5,74,1,
16,23,20,19,35,32,31,3,18,12,25,11,26,13,27,16,7,0,14,3,29,
17,21,12,18,17,14,15,2,9,15,23,9,12,11,9,15,5,14,0,4,12,
18,1,0,2,5,30,11,49,12,21,6,30,18,4,4,12,74,3,4,0,0,
19,19,23,9,33,27,15,2,14,15,17,11,17,15,25,4,1,29,12,0,0,
0,0,4,0,2,21,8,14,0,3,0,2,10,0,23,0,17,14,8,1,1,
1,4,0,1,27,16,7,19,2,23,0,3,20,0,14,0,13,22,9,1,6,
2,0,1,0,10,1,10,2,47,22,32,36,0,17,2,26,0,2,0,31,24,
3,2,27,10,0,7,36,20,9,29,5,21,7,0,8,10,8,12,4,16,9,
4,21,16,1,7,0,3,20,0,12,1,3,13,0,29,0,35,13,15,1,1,
5,8,7,10,36,3,0,5,17,15,9,15,9,0,9,9,2,0,1,17,22,
6,14,19,2,20,20,5,0,4,14,5,6,9,0,18,4,12,7,15,7,16,
7,0,2,47,9,0,17,4,0,9,14,25,2,27,3,26,0,1,0,49,8,
8,3,23,22,29,12,15,14,9,0,3,24,12,1,16,8,16,21,9,10,2,
9,0,0,32,5,1,9,5,14,3,0,19,0,37,0,8,2,3,0,13,19,
10,2,3,36,21,3,15,6,25,24,19,0,7,1,6,15,13,8,1,12,13,
11,10,20,0,7,13,9,9,2,12,0,7,0,0,17,1,16,23,21,1,12,
12,0,0,17,0,0,0,0,27,1,37,1,0,0,0,14,0,0,0,14,4,
13,23,14,2,8,29,9,18,3,16,0,6,17,0,0,3,41,30,20,7,6,
14,0,0,26,10,0,9,4,26,8,8,15,1,14,3,0,0,1,0,15,3,
15,17,13,0,8,35,2,12,0,16,2,13,16,0,41,0,0,19,10,3,2,
16,14,22,2,12,13,0,7,1,21,3,8,23,0,30,1,19,0,20,4,10,
17,8,9,0,4,15,1,15,0,9,0,1,21,0,20,0,10,20,0,0,10,
18,1,1,31,16,1,17,7,49,10,13,12,1,14,7,15,3,4,0,0,9,
19,1,6,24,9,1,22,16,8,2,19,13,12,4,6,3,2,10,10,9,0,
0,0,11,0,0,2,15,9,17,20,14,20,9,7,9,10,2,15,1,8,16,
1,11,0,3,12,5,9,37,4,12,24,11,15,3,0,2,4,2,4,22,3,
2,0,3,0,41,61,21,10,0,1,4,7,6,19,0,3,42,0,63,25,0,
3,0,12,41,0,62,4,13,1,1,2,3,23,1,0,0,67,0,56,50,1,
4,2,5,61,62,0,1,4,0,1,1,4,21,22,0,0,98,0,95,51,0,
5,15,9,21,4,1,0,10,8,30,10,23,16,12,4,6,4,7,0,4,2,
6,9,37,10,13,4,10,0,2,8,18,24,19,4,2,3,4,2,3,23,1,
7,17,4,0,1,0,8,2,0,4,9,11,10,37,51,44,0,39,0,0,63,
8,20,12,1,1,1,30,8,4,0,21,31,3,5,4,1,0,8,2,1,3,
9,14,24,4,2,1,10,18,9,21,0,13,15,7,4,14,1,6,0,16,4,
10,20,11,7,3,4,23,24,11,31,13,0,12,9,3,2,0,9,0,3,3,
11,9,15,6,23,21,16,19,10,3,15,12,0,2,1,2,24,2,23,45,2,
12,7,3,19,1,22,12,4,37,5,7,9,2,0,36,25,27,41,25,6,32,
13,9,0,0,0,0,4,2,51,4,4,3,1,36,0,66,0,48,0,1,58,
14,10,2,3,0,0,6,3,44,1,14,2,2,25,66,0,0,57,0,0,63,
15,2,4,42,67,98,4,4,0,0,1,0,24,27,0,0,0,0,90,59,0,
16,15,2,0,0,0,7,2,39,8,6,9,2,41,48,57,0,0,0,0,44,
17,1,4,63,56,95,0,3,0,2,0,0,23,25,0,0,90,0,0,54,0,
18,8,22,25,50,51,4,23,0,1,16,3,45,6,1,0,59,0,54,0,0,
19,16,3,0,1,0,2,1,63,3,4,3,2,32,58,63,0,44,0,0,0,
0,0,9,0,5,4,0,2,25,0,2,2,8,0,0,2,3,17,3,6,2,
1,9,0,18,22,27,13,37,39,19,29,34,21,38,29,25,22,16,27,18,26,
2,0,18,0,13,22,25,51,5,31,26,33,13,30,23,42,38,5,24,26,30,
3,5,22,13,0,22,28,27,17,19,28,15,24,21,27,30,29,11,23,22,31,
4,4,27,22,22,0,25,14,16,17,17,38,15,24,24,29,19,9,19,21,24,
5,0,13,25,28,25,0,36,3,62,63,24,9,53,77,39,49,5,49,59,53,
6,2,37,51,27,14,36,0,10,50,42,39,19,62,63,49,32,4,50,47,45,
7,25,39,5,17,16,3,10,0,5,7,14,24,11,8,16,12,31,10,10,7,
8,0,19,31,19,17,62,50,5,0,59,28,16,75,68,60,53,2,60,85,48,
9,2,29,26,28,17,63,42,7,59,0,26,7,72,70,60,57,5,82,83,76,
10,2,34,33,15,38,24,39,14,28,26,0,20,55,41,34,25,6,42,23,41,
11,8,21,13,24,15,9,19,24,16,7,20,0,13,12,14,25,11,20,8,10,
12,0,38,30,21,24,53,62,11,75,72,55,13,0,90,63,61,8,77,64,77,
13,0,29,23,27,24,77,63,8,68,70,41,12,90,0,57,43,6,76,73,71,
14,2,25,42,30,29,39,49,16,60,60,34,14,63,57,0,63,8,61,58,67,
15,3,22,38,29,19,49,32,12,53,57,25,25,61,43,63,0,12,55,67,54,
16,17,16,5,11,9,5,4,31,2,5,6,11,8,6,8,12,0,7,5,1,
17,3,27,24,23,19,49,50,10,60,82,42,20,77,76,61,55,7,0,59,52,
18,6,18,26,22,21,59,47,10,85,83,23,8,64,73,58,67,5,59,0,81,
19,2,26,30,31,24,53,45,7,48,76,41,10,77,71,67,54,1,52,81,0,
0,0,14,28,6,28,44,9,15,26,1,38,37,13,29,20,54,25,54,18,20,
1,14,0,23,0,24,23,3,33,55,0,28,15,10,31,21,18,22,33,7,11,
2,28,23,0,3,28,26,12,16,48,0,49,27,17,32,24,28,24,53,17,23,
3,6,0,3,0,4,1,40,1,0,90,3,2,2,6,1,2,1,5,40,5,
4,28,24,28,4,0,32,5,20,18,0,40,9,12,35,20,30,19,30,13,28,
5,44,23,26,1,32,0,16,13,35,1,48,33,14,29,31,52,31,66,23,32,
6,9,3,12,40,5,16,0,6,2,49,14,11,5,0,17,8,6,24,36,5,
7,15,33,16,1,20,13,6,0,26,4,23,14,4,25,17,20,24,25,6,10,
8,26,55,48,0,18,35,2,26,0,0,38,29,11,25,19,41,37,57,7,24,
9,1,0,0,90,0,1,49,4,0,0,1,0,0,3,2,2,0,2,46,0,
10,38,28,49,3,40,48,14,23,38,1,0,28,18,28,33,49,33,76,23,37,
11,37,15,27,2,9,33,11,14,29,0,28,0,13,13,19,31,21,44,14,21,
12,13,10,17,2,12,14,5,4,11,0,18,13,0,7,8,33,14,16,9,14,
13,29,31,32,6,35,29,0,25,25,3,28,13,7,0,17,26,18,35,4,31,
14,20,21,24,1,20,31,17,17,19,2,33,19,8,17,0,40,18,37,18,24,
15,54,18,28,2,30,52,8,20,41,2,49,31,33,26,40,0,28,59,17,29,
16,25,22,24,1,19,31,6,24,37,0,33,21,14,18,18,28,0,43,9,16,
17,54,33,53,5,30,66,24,25,57,2,76,44,16,35,37,59,43,0,36,51,
18,18,7,17,40,13,23,36,6,7,46,23,14,9,4,18,17,9,36,0,3,
19,20,11,23,5,28,32,5,10,24,0,37,21,14,31,24,29,16,51,3,0,
0,0,24,27,28,17,11,16,4,24,3,22,3,13,28,15,15,25,26,4,7,
1,24,0,9,9,13,9,36,14,8,11,5,13,24,10,20,3,57,44,4,11,
2,27,9,0,16,14,25,9,15,29,15,19,10,15,27,17,20,3,5,22,17,
3,28,9,16,0,20,4,33,4,45,3,12,5,9,53,5,15,28,15,6,2,
4,17,13,14,20,0,3,3,0,41,5,21,0,3,29,10,30,4,15,17,1,
5,11,9,25,4,3,0,14,7,13,9,19,7,20,5,10,22,12,12,26,10,
6,16,36,9,33,3,14,0,10,9,5,1,6,22,17,12,1,35,29,6,7,
7,4,14,15,4,0,7,10,0,1,65,0,55,14,0,50,0,11,5,0,56,
8,24,8,29,45,41,13,9,1,0,3,22,3,3,47,7,31,12,13,33,1,
9,3,11,15,3,5,9,5,65,3,0,1,55,13,0,74,3,3,10,1,58,
10,22,5,19,12,21,19,1,0,22,1,0,0,7,13,3,19,3,10,33,0,
11,3,13,10,5,0,7,6,55,3,55,0,0,9,2,50,0,4,9,0,54,
12,13,24,15,9,3,20,22,14,3,13,7,9,0,10,14,5,19,27,13,7,
13,28,10,27,53,29,5,17,0,47,0,13,2,10,0,5,19,15,8,13,3,
14,15,20,17,5,10,10,12,50,7,74,3,50,14,5,0,1,16,10,2,52,
15,15,3,20,15,30,22,1,0,31,3,19,0,5,19,1,0,0,7,47,0,
16,25,57,3,28,4,12,35,11,12,3,3,4,19,15,16,0,0,44,7,16,
17,26,44,5,15,15,12,29,5,13,10,10,9,27,8,10,7,44,0,9,6,
18,4,4,22,6,17,26,6,0,33,1,33,0,13,13,2,47,7,9,0,0,
19,7,11,17,2,1,10,7,56,1,58,0,54,7,3,52,0,16,6,0,0,
0,0,11,25,0,6,4,0,24,11,5,41,19,17,6,0,36,27,0,55,26,
1,11,0,4,9,36,31,8,7,20,28,12,4,5,34,12,3,5,6,5,7,
2,25,4,0,0,3,7,1,16,20,11,36,25,15,8,3,28,32,1,35,21,
3,0,9,0,0,6,2,49,0,0,4,1,0,11,2,28,0,0,71,0,0,
4,6,36,3,6,0,24,18,23,37,25,5,4,15,29,38,11,8,7,5,6,
5,4,31,7,2,24,0,4,29,22,28,9,9,5,21,15,4,10,2,5,10,
6,0,8,1,49,18,4,0,1,0,4,2,1,15,13,45,0,0,35,3,1,
7,24,7,16,0,23,29,1,0,28,11,25,26,18,5,5,20,41,2,31,15,
8,11,20,20,0,37,22,0,28,0,22,27,25,8,26,4,8,29,3,14,21,
9,5,28,11,4,25,28,4,11,22,0,7,11,3,20,10,12,3,6,7,9,
10,41,12,36,1,5,9,2,25,27,7,0,26,13,17,2,28,25,0,51,26,
11,19,4,25,0,4,9,1,26,25,11,26,0,25,11,1,22,26,1,47,25,
12,17,5,15,11,15,5,15,18,8,3,13,25,0,8,20,18,19,4,38,18,
13,6,34,8,2,29,21,13,5,26,20,17,11,8,0,18,9,5,3,18,21,
14,0,12,3,28,38,15,45,5,4,10,2,1,20,18,0,0,2,27,1,4,
15,36,3,28,0,11,4,0,20,8,12,28,22,18,9,0,0,26,0,56,21,
16,27,5,32,0,8,10,0,41,29,3,25,26,19,5,2,26,0,0,56,26,
17,0,6,1,71,7,2,35,2,3,6,0,1,4,3,27,0,0,0,0,0,
18,55,5,35,0,5,5,3,31,14,7,51,47,38,18,1,56,56,0,0,44,
19,26,7,21,0,6,10,1,15,21,9,26,25,18,21,4,21,26,0,44,0,
0,0,23,4,2,4,3,8,9,1,1,9,6,4,3,41,61,0,11,44,14,
1,23,0,14,12,18,9,21,16,7,11,22,7,16,15,39,34,7,25,10,26,
2,4,14,0,55,56,67,57,31,60,69,59,56,69,61,5,1,60,11,1,28,
3,2,12,55,0,45,34,35,29,43,48,52,41,49,38,2,4,42,6,4,22,
4,4,18,56,45,0,48,43,42,40,56,50,27,35,45,6,11,33,10,4,19,
5,3,9,67,34,48,0,40,48,45,65,67,40,59,46,11,5,37,4,4,29,
6,8,21,57,35,43,40,0,35,31,51,54,43,38,41,13,14,40,14,4,33,
7,9,16,31,29,42,48,35,0,35,38,35,23,35,42,8,12,25,11,5,28,
8,1,7,60,43,40,45,31,35,0,62,62,41,61,52,8,3,41,7,0,20,
9,1,11,69,48,56,65,51,38,62,0,76,52,75,66,9,2,70,6,1,24,
10,9,22,59,52,50,67,54,35,62,76,0,51,52,54,7,8,59,13,0,37,
11,6,7,56,41,27,40,43,23,41,52,51,0,55,46,17,4,47,5,5,27,
12,4,16,69,49,35,59,38,35,61,75,52,55,0,48,5,4,52,8,2,25,
13,3,15,61,38,45,46,41,42,52,66,54,46,48,0,6,4,32,7,2,20,
14,41,39,5,2,6,11,13,8,8,9,7,17,5,6,0,60,3,15,31,17,
15,61,34,1,4,11,5,14,12,3,2,8,4,4,4,60,0,1,20,51,14,
16,0,7,60,42,33,37,40,25,41,70,59,47,52,32,3,1,0,8,4,29,
17,11,25,11,6,10,4,14,11,7,6,13,5,8,7,15,20,8,0,19,15,
18,44,10,1,4,4,4,4,5,0,1,0,5,2,2,31,51,4,19,0,8,
19,14,26,28,22,19,29,33,28,20,24,37,27,25,20,17,14,29,15,8,0,
0,0,29,60,4,37,1,28,11,4,39,50,37,8,40,0,1,42,10,48,40,
1,29,0,26,4,18,8,3,25,16,17,18,31,17,21,6,3,19,12,24,20,
2,60,26,0,2,24,0,34,12,6,40,57,28,2,41,0,0,24,14,28,18,
3,4,4,2,0,7,40,0,20,33,8,4,6,44,6,35,17,1,27,7,3,
4,37,18,24,7,0,6,12,22,6,13,32,40,6,28,2,1,11,8,42,22,
5,1,8,0,40,6,0,1,12,17,4,1,6,24,0,32,22,5,17,7,1,
6,28,3,34,0,12,1,0,45,0,14,52,10,1,26,0,0,20,3,19,10,
7,11,25,12,20,22,12,45,0,38,4,29,25,31,9,34,15,9,34,25,11,
8,4,16,6,33,6,17,0,38,0,6,0,5,34,6,42,28,2,35,1,0,
9,39,17,40,8,13,4,14,4,6,0,24,20,10,39,5,4,19,2,22,16,
10,50,18,57,4,32,1,52,29,0,24,0,38,4,56,1,0,32,2,35,31,
11,37,31,28,6,40,6,10,25,5,20,38,0,10,33,4,3,25,7,52,30,
12,8,17,2,44,6,24,1,31,34,10,4,10,0,5,20,19,5,32,10,7,
13,40,21,41,6,28,0,26,9,6,39,56,33,5,0,5,5,35,1,31,29,
14,0,6,0,35,2,32,0,34,42,5,1,4,20,5,0,26,6,25,3,0,
15,1,3,0,17,1,22,0,15,28,4,0,3,19,5,26,0,1,13,1,1,
16,42,19,24,1,11,5,20,9,2,19,32,25,5,35,6,1,0,3,32,25,
17,10,12,14,27,8,17,3,34,35,2,2,7,32,1,25,13,3,0,11,3,
18,48,24,28,7,42,7,19,25,1,22,35,52,10,31,3,1,32,11,0,35,
19,40,20,18,3,22,1,10,11,0,16,31,30,7,29,0,1,25,3,35,0,
0,0,2,9,17,16,20,18,16,8,40,26,17,37,2,8,31,11,13,10,36,
1,2,0,0,2,2,0,2,0,19,4,3,7,2,51,14,15,20,0,27,0,
2,9,0,0,3,10,3,6,11,1,6,4,4,12,0,3,3,0,17,0,15,
3,17,2,3,0,19,44,15,20,15,34,39,18,16,5,11,12,32,14,12,10,
4,16,2,10,19,0,19,10,37,10,23,15,14,15,3,7,13,12,12,5,9,
5,20,0,3,44,19,0,26,30,17,38,57,15,26,5,15,19,38,15,26,3,
6,18,2,6,15,10,26,0,18,4,29,26,16,25,4,6,21,18,10,6,9,
7,16,0,11,20,37,30,18,0,7,25,18,40,25,2,5,20,26,16,10,14,
8,8,19,1,15,10,17,4,7,0,17,14,19,6,33,41,26,16,2,39,6,
9,40,4,6,34,23,38,29,25,17,0,22,16,47,1,13,22,17,19,13,14,
10,26,3,4,39,15,57,26,18,14,22,0,17,20,13,23,27,25,7,29,9,
11,17,7,4,18,14,15,16,40,19,16,17,0,13,8,7,28,15,6,9,13,
12,37,2,12,16,15,26,25,25,6,47,20,13,0,1,14,21,14,18,10,14,
13,2,51,0,5,3,5,4,2,33,1,13,8,1,0,39,19,28,1,32,0,
14,8,14,3,11,7,15,6,5,41,13,23,7,14,39,0,24,18,10,40,15,
15,31,15,3,12,13,19,21,20,26,22,27,28,21,19,24,0,12,3,27,15,
16,11,20,0,32,12,38,18,26,16,17,25,15,14,28,18,12,0,12,12,1,
17,13,0,17,14,12,15,10,16,2,19,7,6,18,1,10,3,12,0,2,20,
18,10,27,0,12,5,26,6,10,39,13,29,9,10,32,40,27,12,2,0,2,
19,36,0,15,10,9,3,9,14,6,14,9,13,14,0,15,15,1,20,2,0,
0,0,15,3,4,14,11,29,6,17,8,15,6,7,24,13,7,44,4,8,19,
1,15,0,30,40,7,10,13,17,34,34,3,0,0,29,8,18,7,9,0,14,
2,3,30,0,75,0,2,2,23,9,11,1,0,0,5,0,21,0,48,0,1,
3,4,40,75,0,0,9,6,11,4,32,3,0,0,7,2,14,1,46,0,9,
4,14,7,0,0,0,12,33,22,12,28,2,22,15,14,35,4,32,7,13,14,
5,11,10,2,9,12,0,15,2,2,14,19,18,20,11,22,4,18,3,17,20,
6,29,13,2,6,33,15,0,4,4,24,21,6,14,16,24,13,49,1,10,10,
7,6,17,23,11,22,2,4,0,44,22,3,1,1,29,14,57,3,4,0,17,
8,17,34,9,4,12,2,4,44,0,9,2,0,0,60,3,54,10,3,0,24,
9,8,34,11,32,28,14,24,22,9,0,3,3,1,20,30,19,18,2,1,12,
10,15,3,1,3,2,19,21,3,2,3,0,49,41,8,19,17,21,0,34,9,
11,6,0,0,0,22,18,6,1,0,3,49,0,70,6,18,8,6,6,53,2,
12,7,0,0,0,15,20,14,1,0,1,41,70,0,6,7,11,6,8,42,4,
13,24,29,5,7,14,11,16,29,60,20,8,6,6,0,5,29,15,9,0,38,
14,13,8,0,2,35,22,24,14,3,30,19,18,7,5,0,7,16,4,14,15,
15,7,18,21,14,4,4,13,57,54,19,17,8,11,29,7,0,1,3,4,12,
16,44,7,0,1,32,18,49,3,10,18,21,6,6,15,16,1,0,3,1,25,
17,4,9,48,46,7,3,1,4,3,2,0,6,8,9,4,3,3,0,3,5,
18,8,0,0,0,13,17,10,0,0,1,34,53,42,0,14,4,1,3,0,0,
19,19,14,1,9,14,20,10,17,24,12,9,2,4,38,15,12,25,5,0,0,
0,0,58,12,52,4,57,22,1,73,4,4,4,43,1,5,0,0,0,0,0,
1,58,0,4,40,0,45,16,0,72,6,0,4,41,0,4,0,0,0,0,0,
2,12,4,0,14,1,21,26,0,14,36,0,17,25,0,13,0,0,0,0,3,
3,52,40,14,0,0,42,30,0,36,12,0,0,16,0,3,0,1,0,1,1,
4,4,0,1,0,0,0,2,63,0,1,58,27,10,75,39,76,64,75,75,62,
5,57,45,21,42,0,0,24,2,34,8,1,3,35,4,6,0,0,0,1,1,
6,22,16,26,30,2,24,0,0,12,25,0,5,24,0,3,0,2,0,0,3,
7,1,0,0,0,63,2,0,0,0,0,53,24,18,49,43,37,55,44,52,41,
8,73,72,14,36,0,34,12,0,0,3,0,1,39,1,3,1,0,0,0,0,
9,4,6,36,12,1,8,25,0,3,0,2,25,19,7,8,0,0,1,1,3,
10,4,0,0,0,58,1,0,53,0,2,0,25,11,78,46,58,46,45,55,29,
11,4,4,17,0,27,3,5,24,1,25,25,0,16,26,46,21,21,16,20,9,
12,43,41,25,16,10,35,24,18,39,19,11,16,0,10,28,9,15,8,14,10,
13,1,0,0,0,75,4,0,49,1,7,78,26,10,0,28,47,59,60,54,42,
14,5,4,13,3,39,6,3,43,3,8,46,46,28,28,0,38,17,31,31,16,
15,0,0,0,0,76,0,0,37,1,0,58,21,9,47,38,0,31,49,38,47,
16,0,0,0,1,64,0,2,55,0,0,46,21,15,59,17,31,0,62,44,29,
17,0,0,0,0,75,0,0,44,0,1,45,16,8,60,31,49,62,0,39,45,
18,0,0,0,1,75,1,0,52,0,1,55,20,14,54,31,38,44,39,0,35,
19,0,0,3,1,62,1,3,41,0,3,29,9,10,42,16,47,29,45,35,0,
0,0,0,1,30,48,34,40,5,0,0,2,1,4,2,5,1,0,10,4,2,
1,0,0,34,1,1,0,0,12,21,13,14,24,9,16,12,21,43,22,18,13,
2,1,34,0,0,1,0,0,4,6,18,6,13,6,8,18,4,31,19,13,11,
3,30,1,0,0,46,27,48,3,2,0,0,1,8,0,11,0,0,17,1,1,
4,48,1,1,46,0,19,63,0,2,0,1,0,10,0,1,0,0,18,0,0,
5,34,0,0,27,19,0,50,12,1,0,2,1,5,3,5,0,1,7,4,2,
6,40,0,0,48,63,50,0,1,0,0,1,0,9,0,0,1,0,6,1,0,
7,5,12,4,3,0,12,1,0,21,5,10,8,14,16,7,13,9,18,14,12,
8,0,21,6,2,2,1,0,21,0,10,28,5,19,21,11,13,13,6,17,20,
9,0,13,18,0,0,0,0,5,10,0,6,14,3,10,4,12,23,9,4,11,
10,2,14,6,0,1,2,1,10,28,6,0,17,17,28,9,7,2,7,20,17,
11,1,24,13,1,0,1,0,8,5,14,17,0,2,8,6,19,26,17,6,9,
12,4,9,6,8,10,5,9,14,19,3,17,2,0,21,28,4,5,14,7,11,
13,2,16,8,0,0,3,0,16,21,10,28,8,21,0,7,11,9,4,2,15,
14,5,12,18,11,1,5,0,7,11,4,9,6,28,7,0,2,11,15,9,3,
15,1,21,4,0,0,0,1,13,13,12,7,19,4,11,2,0,33,10,7,8,
16,0,43,31,0,0,1,0,9,13,23,2,26,5,9,11,33,0,39,30,24,
17,10,22,19,17,18,7,6,18,6,9,7,17,14,4,15,10,39,0,24,5,
18,4,18,13,1,0,4,1,14,17,4,20,6,7,2,9,7,30,24,0,16,
19,2,13,11,1,0,2,0,12,20,11,17,9,11,15,3,8,24,5,16,0,
0,0,13,29,23,15,15,3,21,24,4,11,4,35,6,8,12,10,19,27,7,
1,13,0,9,11,10,8,18,16,7,20,3,23,22,28,7,11,4,1,22,13,
2,29,9,0,25,13,24,5,25,32,2,11,3,24,25,20,19,11,36,23,9,
3,23,11,25,0,28,15,10,3,6,22,12,21,11,0,1,8,2,16,21,22,
4,15,10,13,28,0,14,14,12,15,19,0,19,11,11,9,10,1,3,13,39,
5,15,8,24,15,14,0,3,12,14,5,4,2,20,11,19,14,6,9,13,29,
6,3,18,5,10,14,3,0,9,13,59,1,53,3,44,0,2,4,2,7,42,
7,21,16,25,3,12,12,9,0,21,3,7,6,35,24,6,12,8,7,22,9,
8,24,7,32,6,15,14,13,21,0,10,6,15,29,24,11,14,5,11,18,10,
9,4,20,2,22,19,5,59,3,10,0,6,71,8,45,2,2,6,1,11,47,
10,11,3,11,12,0,4,1,7,6,6,0,0,8,9,16,34,14,7,9,0,
11,4,23,3,21,19,2,53,6,15,71,0,0,4,42,2,2,1,2,3,54,
12,35,22,24,11,11,20,3,35,29,8,8,4,0,20,15,10,11,15,27,34,
13,6,28,25,0,11,11,44,24,24,45,9,42,20,0,3,16,10,6,8,12,
14,8,7,20,1,9,19,0,6,11,2,16,2,15,3,0,10,24,10,7,20,
15,12,11,19,8,10,14,2,12,14,2,34,2,10,16,10,0,7,13,21,2,
16,10,4,11,2,1,6,4,8,5,6,14,1,11,10,24,7,0,25,11,10,
17,19,1,36,16,3,9,2,7,11,1,7,2,15,6,10,13,25,0,18,3,
18,27,22,23,21,13,13,7,22,18,11,9,3,27,8,7,21,11,18,0,10,
19,7,13,9,22,39,29,42,9,10,47,0,54,34,12,20,2,10,3,10,0,
0,0,9,32,9,16,6,2,28,15,34,5,8,1,31,11,22,1,11,7,17,
1,9,0,15,34,9,19,29,9,38,8,3,18,25,23,56,21,30,2,32,7,
2,32,15,0,14,7,6,8,17,17,15,2,2,2,9,14,19,5,20,7,10,
3,9,34,14,0,1,38,47,2,20,1,0,15,33,4,43,22,31,0,46,6,
4,16,9,7,1,0,0,0,14,2,17,15,3,3,29,1,9,1,30,1,5,
5,6,19,6,38,0,0,32,0,7,4,0,18,19,1,33,7,15,0,24,7,
6,2,29,8,47,0,32,0,5,7,1,0,6,31,3,35,10,54,1,57,4,
7,28,9,17,2,14,0,5,0,9,28,29,4,3,39,3,7,4,14,2,29,
8,15,38,17,20,2,7,7,9,0,7,4,8,12,5,23,14,21,1,22,7,
9,34,8,15,1,17,4,1,28,7,0,14,6,8,33,2,14,2,18,5,22,
10,5,3,2,0,15,0,0,29,4,14,0,1,2,24,1,3,0,12,0,30,
11,8,18,2,15,3,18,6,4,8,6,1,0,12,6,18,14,12,3,19,3,
12,1,25,2,33,3,19,31,3,12,8,2,12,0,4,26,14,32,0,22,1,
13,31,23,9,4,29,1,3,39,5,33,24,6,4,0,2,18,7,8,1,19,
14,11,56,14,43,1,33,35,3,23,2,1,18,26,2,0,20,33,1,48,3,
15,22,21,19,22,9,7,10,7,14,14,3,14,14,18,20,0,11,8,10,5,
16,1,30,5,31,1,15,54,4,21,2,0,12,32,7,33,11,0,0,71,3,
17,11,2,20,0,30,0,1,14,1,18,12,3,0,8,1,8,0,0,0,7,
18,7,32,7,46,1,24,57,2,22,5,0,19,22,1,48,10,71,0,0,5,
19,17,7,10,6,5,7,4,29,7,22,30,3,1,19,3,5,3,7,5,0,
0,0,19,10,8,15,29,2,2,1,49,26,2,3,0,28,8,14,6,22,24,
1,19,0,46,23,5,23,18,20,19,30,37,15,1,12,4,21,28,2,13,5,
2,10,46,0,45,11,31,16,34,9,18,23,26,3,15,4,22,44,2,8,9,
3,8,23,45,0,1,27,33,26,20,6,11,16,1,26,3,20,26,0,6,0,
4,15,5,11,1,0,5,0,10,0,12,17,0,23,0,11,8,9,8,7,14,
5,29,23,31,27,5,0,6,23,2,17,13,8,3,0,23,20,29,0,7,14,
6,2,18,16,33,0,6,0,4,46,12,10,61,0,73,0,6,6,0,3,0,
7,2,20,34,26,10,23,4,0,7,0,4,8,3,4,8,31,25,4,21,12,
8,1,19,9,20,0,2,46,7,0,3,3,62,0,97,0,0,6,0,1,0,
9,49,30,18,6,12,17,12,0,3,0,29,8,6,3,32,22,8,2,16,28,
10,26,37,23,11,17,13,10,4,3,29,0,2,8,0,16,18,21,10,16,12,
11,2,15,26,16,0,8,61,8,62,8,2,0,1,103,1,2,6,0,6,0,
12,3,1,3,1,23,3,0,3,0,6,8,1,0,0,10,7,7,22,4,8,
13,0,12,15,26,0,0,73,4,97,3,0,103,0,0,0,1,4,0,1,0,
14,28,4,4,3,11,23,0,8,0,32,16,1,10,0,0,12,7,7,28,31,
15,8,21,22,20,8,20,6,31,0,22,18,2,7,1,12,0,17,2,16,10,
16,14,28,44,26,9,29,6,25,6,8,21,6,7,4,7,17,0,4,5,5,
17,6,2,2,0,8,0,0,4,0,2,10,0,22,0,7,2,4,0,9,1,
18,22,13,8,6,7,7,3,21,1,16,16,6,4,1,28,16,5,9,0,28,
19,24,5,9,0,14,14,0,12,0,28,12,0,8,0,31,10,5,1,28,0,
0,0,26,15,20,21,46,12,13,8,35,26,47,59,43,21,36,34,17,8,2,
1,26,0,50,10,27,35,28,5,12,25,12,15,21,31,17,17,21,58,2,0,
2,15,50,0,2,17,28,35,4,1,28,13,15,19,34,11,18,20,35,5,2,
3,20,10,2,0,8,15,5,20,11,22,6,13,17,1,17,7,6,6,12,22,
4,21,27,17,8,0,26,16,22,26,40,14,26,31,29,38,22,21,21,8,6,
5,46,35,28,15,26,0,10,28,29,58,41,25,37,42,20,24,40,32,15,6,
6,12,28,35,5,16,10,0,0,1,12,7,4,16,12,7,5,7,18,1,0,
7,13,5,4,20,22,28,0,0,41,31,23,19,22,22,31,9,13,0,40,32,
8,8,12,1,11,26,29,1,41,0,23,27,9,33,20,51,17,28,4,18,24,
9,35,25,28,22,40,58,12,31,23,0,50,48,41,35,40,48,40,27,4,12,
10,26,12,13,6,14,41,7,23,27,50,0,16,37,22,28,32,28,18,13,10,
11,47,15,15,13,26,25,4,19,9,48,16,0,29,15,16,30,22,21,7,9,
12,59,21,19,17,31,37,16,22,33,41,37,29,0,46,34,37,45,23,14,9,
13,43,31,34,1,29,42,12,22,20,35,22,15,46,0,21,25,45,30,15,7,
14,21,17,11,17,38,20,7,31,51,40,28,16,34,21,0,31,23,10,18,11,
15,36,17,18,7,22,24,5,9,17,48,32,30,37,25,31,0,27,17,4,9,
16,34,21,20,6,21,40,7,13,28,40,28,22,45,45,23,27,0,21,4,12,
17,17,58,35,6,21,32,18,0,4,27,18,21,23,30,10,17,21,0,0,1,
18,8,2,5,12,8,15,1,40,18,4,13,7,14,15,18,4,4,0,0,68,
19,2,0,2,22,6,6,0,32,24,12,10,9,9,7,11,9,12,1,68,0,
0,0,6,21,15,33,2,3,50,35,37,25,9,27,11,8,34,18,9,21,7,
1,6,0,4,7,1,2,17,11,6,4,4,18,4,0,28,5,11,20,0,1,
2,21,4,0,6,29,20,13,27,23,17,21,5,36,7,11,29,7,4,13,42,
3,15,7,6,0,1,26,16,5,10,14,8,11,12,31,23,21,13,11,14,13,
4,33,1,29,1,0,9,0,35,42,38,35,10,54,9,2,38,6,11,16,26,
5,2,2,20,26,9,0,0,19,6,1,0,1,6,53,0,9,0,1,6,4,
6,3,17,13,16,0,0,0,4,4,11,10,8,3,2,22,6,19,33,3,17,
7,50,11,27,5,35,19,4,0,25,33,31,19,55,8,9,32,11,23,26,23,
8,35,6,23,10,42,6,4,25,0,39,37,1,59,22,5,35,14,19,17,29,
9,37,4,17,14,38,1,11,33,39,0,26,3,35,12,12,33,8,17,22,30,
10,25,4,21,8,35,0,10,31,37,26,0,8,37,3,11,24,11,8,20,24,
11,9,18,5,11,10,1,8,19,1,3,8,0,5,3,16,12,5,14,4,6,
12,27,4,36,12,54,6,3,55,59,35,37,5,0,25,3,26,23,9,33,55,
13,11,0,7,31,9,53,2,8,22,12,3,3,25,0,0,31,3,3,20,5,
14,8,28,11,23,2,0,22,9,5,12,11,16,3,0,0,13,20,57,10,16,
15,34,5,29,21,38,9,6,32,35,33,24,12,26,31,13,0,11,9,15,35,
16,18,11,7,13,6,0,19,11,14,8,11,5,23,3,20,11,0,26,13,7,
17,9,20,4,11,11,1,33,23,19,17,8,14,9,3,57,9,26,0,3,14,
18,21,0,13,14,16,6,3,26,17,22,20,4,33,20,10,15,13,3,0,18,
19,7,1,42,13,26,4,17,23,29,30,24,6,55,5,16,35,7,14,18,0,
0,0,17,5,19,13,22,7,24,37,2,7,25,3,4,14,2,9,14,5,13,
1,17,0,2,1,1,0,39,30,6,6,14,0,8,7,15,38,0,29,25,0,
2,5,2,0,13,37,19,1,5,25,0,6,26,15,0,22,8,11,16,1,24,
3,19,1,13,0,27,22,0,21,37,0,5,29,0,1,4,3,53,1,9,14,
4,13,1,37,27,0,28,1,9,33,0,17,45,6,0,13,7,5,6,13,26,
5,22,0,19,22,28,0,1,15,53,0,18,30,9,1,9,9,8,19,11,21,
6,7,39,1,0,1,1,0,6,0,8,5,2,3,10,5,16,1,13,16,0,
7,24,30,5,21,9,15,6,0,22,0,11,8,8,1,30,10,16,12,10,17,
8,37,6,25,37,33,53,0,22,0,0,22,45,3,0,14,4,4,14,16,25,
9,2,6,0,0,0,0,8,0,0,0,3,0,5,37,2,5,0,2,0,0,
10,7,14,6,5,17,18,5,11,22,3,0,12,9,2,8,25,2,11,9,30,
11,25,0,26,29,45,30,2,8,45,0,12,0,3,1,8,5,6,3,9,15,
12,3,8,15,0,6,9,3,8,3,5,9,3,0,9,19,29,0,11,19,7,
13,4,7,0,1,0,1,10,1,0,37,2,1,9,0,3,7,0,8,4,0,
14,14,15,22,4,13,9,5,30,14,2,8,8,19,3,0,32,0,26,13,11,
15,2,38,8,3,7,9,16,10,4,5,25,5,29,7,32,0,0,38,19,8,
16,9,0,11,53,5,8,1,16,4,0,2,6,0,0,0,0,0,0,1,30,
17,14,29,16,1,6,19,13,12,14,2,11,3,11,8,26,38,0,0,10,8,
18,5,25,1,9,13,11,16,10,16,0,9,9,19,4,13,19,1,10,0,5,
19,13,0,24,14,26,21,0,17,25,0,30,15,7,0,11,8,30,8,5,0,
0,0,3,55,38,5,45,0,0,0,51,1,1,13,1,28,46,34,1,34,24,
1,3,0,0,0,51,6,28,28,30,1,40,42,16,66,19,0,0,55,0,22,
2,55,0,0,39,3,40,0,0,0,46,0,0,9,2,28,60,22,3,43,19,
3,38,0,39,0,4,24,0,1,0,33,3,0,9,0,18,31,31,0,26,28,
4,5,51,3,4,0,8,14,25,22,5,16,27,9,53,13,2,1,34,4,4,
5,45,6,40,24,8,0,1,1,0,58,4,2,11,6,27,56,34,3,33,12,
6,0,28,0,0,14,1,0,51,92,0,27,55,14,15,10,2,0,24,0,24,
7,0,28,0,1,25,1,51,0,51,0,35,29,6,49,4,0,1,46,0,12,
8,0,30,0,0,22,0,92,51,0,2,44,67,20,32,19,0,0,34,0,12,
9,51,1,46,33,5,58,0,0,2,0,0,1,10,0,41,56,57,0,49,19,
10,1,40,0,3,16,4,27,35,44,0,0,48,5,61,6,2,1,53,4,10,
11,1,42,0,0,27,2,55,29,67,1,48,0,14,39,15,1,0,31,1,11,
12,13,16,9,9,9,11,14,6,20,10,5,14,0,11,19,8,8,7,8,16,
13,1,66,2,0,53,6,15,49,32,0,61,39,11,0,18,0,0,106,0,12,
14,28,19,28,18,13,27,10,4,19,41,6,15,19,18,0,28,27,16,42,21,
15,46,0,60,31,2,56,2,0,0,56,2,1,8,0,28,0,39,0,44,19,
16,34,0,22,31,1,34,0,1,0,57,1,0,8,0,27,39,0,1,45,16,
17,1,55,3,0,34,3,24,46,34,0,53,31,7,106,16,0,1,0,0,10,
18,34,0,43,26,4,33,0,0,0,49,4,1,8,0,42,44,45,0,0,15,
19,24,22,19,28,4,12,24,12,12,19,10,11,16,12,21,19,16,10,15,0,
0,0,8,12,0,3,8,38,24,4,6,5,3,4,17,1,2,6,10,3,28,
1,8,0,29,29,38,24,5,11,33,24,42,25,35,8,14,33,32,5,10,2,
2,12,29,0,19,21,13,8,17,17,25,35,25,21,23,16,21,20,8,7,18,
3,0,29,19,0,33,34,2,1,31,17,32,28,31,1,5,30,13,14,12,6,
4,3,38,21,33,0,39,7,8,29,48,27,51,50,6,17,32,22,9,18,7,
5,8,24,13,34,39,0,11,21,30,18,26,37,27,3,1,23,1,2,8,15,
6,38,5,8,2,7,11,0,42,4,7,8,5,2,20,2,7,2,9,1,42,
7,24,11,17,1,8,21,42,0,5,11,4,6,6,16,0,9,3,18,5,45,
8,4,33,17,31,29,30,4,5,0,31,41,39,39,11,11,33,10,13,16,5,
9,6,24,25,17,48,18,7,11,31,0,19,39,36,6,7,41,8,8,21,6,
10,5,42,35,32,27,26,8,4,41,19,0,39,43,24,24,29,23,10,11,8,
11,3,25,25,28,51,37,5,6,39,39,39,0,49,11,18,31,12,9,18,5,
12,4,35,21,31,50,27,2,6,39,36,43,49,0,13,23,43,28,12,14,7,
13,17,8,23,1,6,3,20,16,11,6,24,11,13,0,6,9,8,13,7,20,
14,1,14,16,5,17,1,2,0,11,7,24,18,23,6,0,14,55,5,17,1,
15,2,33,21,30,32,23,7,9,33,41,29,31,43,9,14,0,22,4,14,7,
16,6,32,20,13,22,1,2,3,10,8,23,12,28,8,55,22,0,10,20,0,
17,10,5,8,14,9,2,9,18,13,8,10,9,12,13,5,4,10,0,5,12,
18,3,10,7,12,18,8,1,5,16,21,11,18,14,7,17,14,20,5,0,2,
19,28,2,18,6,7,15,42,45,5,6,8,5,7,20,1,7,0,12,2,0,
0,0,14,19,23,5,26,4,3,10,1,9,12,1,29,37,13,0,3,0,11,
1,14,0,32,10,2,6,12,24,36,20,14,21,10,4,7,23,11,13,13,6,
2,19,32,0,14,8,20,11,4,25,3,24,42,1,3,30,41,4,2,2,9,
3,23,10,14,0,2,33,4,0,8,0,12,20,0,15,34,17,0,0,1,3,
4,5,2,8,2,0,2,39,35,10,24,15,0,22,6,0,10,40,13,22,36,
5,26,6,20,33,2,0,4,1,4,1,9,23,0,21,52,16,0,0,2,0,
6,4,12,11,4,39,4,0,28,29,26,8,7,19,3,4,5,25,6,30,19,
7,3,24,4,0,35,1,28,0,41,34,4,4,29,4,2,14,37,16,32,30,
8,10,36,25,8,10,4,29,41,0,23,18,13,16,4,11,22,35,9,27,8,
9,1,20,3,0,24,1,26,34,23,0,4,1,32,1,1,7,38,21,22,16,
10,9,14,24,12,15,9,8,4,18,4,0,10,1,6,6,29,3,0,3,11,
11,12,21,42,20,0,23,7,4,13,1,10,0,0,6,28,19,2,0,0,2,
12,1,10,1,0,22,0,19,29,16,32,1,0,0,0,0,6,40,35,24,15,
13,29,4,3,15,6,21,3,4,4,1,6,6,0,0,19,4,0,1,1,13,
14,37,7,30,34,0,52,4,2,11,1,6,28,0,19,0,13,0,0,0,3,
15,13,23,41,17,10,16,5,14,22,7,29,19,6,4,13,0,13,1,4,18,
16,0,11,4,0,40,0,25,37,35,38,3,2,40,0,0,13,0,16,40,24,
17,3,13,2,0,13,0,6,16,9,21,0,0,35,1,0,1,16,0,32,7,
18,0,13,2,1,22,2,30,32,27,22,3,0,24,1,0,4,40,32,0,20,
19,11,6,9,3,36,0,19,30,8,16,11,2,15,13,3,18,24,7,20,0,
0,0,48,35,30,2,3,9,37,9,1,25,0,57,4,5,12,24,0,20,14,
1,48,0,39,23,3,6,14,37,9,1,27,0,35,1,11,11,24,1,25,17,
2,35,39,0,27,4,8,8,24,9,1,29,0,44,5,7,5,29,2,30,24,
3,30,23,27,0,4,11,3,23,16,3,10,1,34,2,1,7,29,1,15,21,
4,2,3,4,4,0,42,48,0,39,33,12,31,1,38,15,6,5,60,3,2,
5,3,6,8,11,42,0,40,4,29,8,12,16,6,18,30,8,15,39,2,12,
6,9,14,8,3,48,40,0,9,52,17,16,13,9,17,44,23,15,40,7,15,
7,37,37,24,23,0,4,9,0,7,3,16,0,30,5,6,15,21,3,23,16,
8,9,9,9,16,39,29,52,7,0,19,7,18,4,21,29,6,11,35,4,14,
9,1,1,1,3,33,8,17,3,19,0,3,75,0,83,33,14,1,62,3,1,
10,25,27,29,10,12,12,16,16,7,3,0,2,28,1,11,17,17,7,32,16,
11,0,0,0,1,31,16,13,0,18,75,2,0,0,44,36,28,3,44,0,1,
12,57,35,44,34,1,6,9,30,4,0,28,0,0,3,6,2,27,0,15,14,
13,4,1,5,2,38,18,17,5,21,83,1,44,3,0,22,7,3,59,1,0,
14,5,11,7,1,15,30,44,6,29,33,11,36,6,22,0,20,14,22,8,15,
15,12,11,5,7,6,8,23,15,6,14,17,28,2,7,20,0,11,1,11,6,
16,24,24,29,29,5,15,15,21,11,1,17,3,27,3,14,11,0,2,24,16,
17,0,1,2,1,60,39,40,3,35,62,7,44,0,59,22,1,2,0,5,0,
18,20,25,30,15,3,2,7,23,4,3,32,0,15,1,8,11,24,5,0,21,
19,14,17,24,21,2,12,15,16,14,1,16,1,14,0,15,6,16,0,21,0,
0,0,29,24,38,27,55,32,11,0,0,8,0,8,8,29,33,1,19,31,0,
1,29,0,5,0,47,58,1,13,0,0,0,0,46,2,1,49,0,36,38,0,
2,24,5,0,40,4,4,43,12,0,11,43,14,2,45,22,1,1,2,1,0,
3,38,0,40,0,1,0,26,8,11,7,10,0,3,15,23,0,10,1,0,6,
4,27,47,4,1,0,48,2,7,0,0,2,2,37,1,0,52,0,18,38,0,
5,55,58,4,0,48,0,1,5,0,1,1,1,45,1,0,76,1,48,45,0,
6,32,1,43,26,2,1,0,17,3,10,38,9,0,47,21,1,6,0,4,2,
7,11,13,12,8,7,5,17,0,53,8,11,4,1,6,7,4,12,1,9,21,
8,0,0,0,11,0,0,3,53,0,25,2,36,0,6,4,0,11,0,0,62,
9,0,0,11,7,0,1,10,8,25,0,13,21,0,16,6,0,24,1,2,23,
10,8,0,43,10,2,1,38,11,2,13,0,11,2,25,14,1,16,2,0,10,
11,0,0,14,0,2,1,9,4,36,21,11,0,0,14,5,2,15,1,0,35,
12,8,46,2,3,37,45,0,1,0,0,2,0,0,0,2,46,0,24,26,0,
13,8,2,45,15,1,1,47,6,6,16,25,14,0,0,12,1,5,0,1,7,
14,29,1,22,23,0,0,21,7,4,6,14,5,2,12,0,0,18,1,1,11,
15,33,49,1,0,52,76,1,4,0,0,1,2,46,1,0,0,0,54,51,0,
16,1,0,1,10,0,1,6,12,11,24,16,15,0,5,18,0,0,1,0,19,
17,19,36,2,1,18,48,0,1,0,1,2,1,24,0,1,54,1,0,20,0,
18,31,38,1,0,38,45,4,9,0,2,0,0,26,1,1,51,0,20,0,0,
19,0,0,0,6,0,0,2,21,62,23,10,35,0,7,11,0,19,0,0,0,
0,0,24,0,29,7,15,43,29,22,3,24,11,2,34,3,6,32,5,0,16,
1,24,0,11,35,10,45,36,10,23,10,9,37,6,6,9,7,19,9,5,16,
2,0,11,0,3,28,5,2,1,2,29,2,26,31,0,36,25,17,54,43,33,
3,29,35,3,0,9,34,47,22,33,2,23,13,5,20,4,6,10,8,5,18,
4,7,10,28,9,0,14,6,0,2,25,0,17,22,0,10,22,6,26,30,26,
5,15,45,5,34,14,0,27,10,29,4,5,24,6,4,18,4,12,16,9,27,
6,43,36,2,47,6,27,0,27,72,1,49,16,2,14,16,2,19,5,4,19,
7,29,10,1,22,0,10,27,0,35,1,52,0,0,37,1,3,22,0,1,4,
8,22,23,2,33,2,29,72,35,0,1,45,7,1,25,8,2,17,0,2,17,
9,3,10,29,2,25,4,1,1,1,0,0,21,25,0,15,21,13,32,31,18,
10,24,9,2,23,0,5,49,52,45,0,0,4,0,34,6,6,17,3,1,3,
11,11,37,26,13,17,24,16,0,7,21,4,0,26,0,10,8,14,40,25,9,
12,2,6,31,5,22,6,2,0,1,25,0,26,0,0,24,26,3,43,33,20,
13,34,6,0,20,0,4,14,37,25,0,34,0,0,0,3,0,18,0,0,0,
14,3,9,36,4,10,18,16,1,8,15,6,10,24,3,0,32,19,31,24,26,
15,6,7,25,6,22,4,2,3,2,21,6,8,26,0,32,0,6,39,46,30,
16,32,19,17,10,6,12,19,22,17,13,17,14,3,18,19,6,0,13,12,12,
17,5,9,54,8,26,16,5,0,0,32,3,40,43,0,31,39,13,0,55,34,
18,0,5,43,5,30,9,4,1,2,31,1,25,33,0,24,46,12,55,0,45,
19,16,16,33,18,26,27,19,4,17,18,3,9,20,0,26,30,12,34,45,0,
0,0,3,43,26,18,9,3,30,12,13,8,34,13,2,51,5,30,6,4,52,
1,3,0,15,18,10,11,15,1,4,13,10,7,15,17,11,11,6,5,23,8,
2,43,15,0,23,44,24,17,16,12,8,19,11,21,1,54,9,15,10,18,37,
3,26,18,23,0,10,9,35,11,12,6,9,28,17,0,48,8,50,22,27,19,
4,18,10,44,10,0,42,18,36,36,11,46,21,33,1,28,9,14,8,10,19,
5,9,11,24,9,42,0,36,39,47,5,37,20,26,4,14,13,22,5,2,10,
6,3,15,17,35,18,36,0,31,49,3,36,11,21,1,5,27,7,30,30,3,
7,30,1,16,11,36,39,31,0,76,10,35,21,23,6,25,9,3,3,7,27,
8,12,4,12,12,36,47,49,76,0,7,43,24,24,2,25,9,7,5,6,28,
9,13,13,8,6,11,5,3,10,7,0,2,10,7,15,9,1,2,1,10,13,
10,8,10,19,9,46,37,36,35,43,2,0,10,34,0,7,20,5,17,17,7,
11,34,7,11,28,21,20,11,21,24,10,10,0,6,3,41,5,23,7,4,32,
12,13,15,21,17,33,26,21,23,24,7,34,6,0,0,15,15,6,11,19,12,
13,2,17,1,0,1,4,1,6,2,15,0,3,0,0,3,0,4,0,2,2,
14,51,11,54,48,28,14,5,25,25,9,7,41,15,3,0,5,32,6,10,53,
15,5,11,9,8,9,13,27,9,9,1,20,5,15,0,5,0,7,13,40,6,
16,30,6,15,50,14,22,7,3,7,2,5,23,6,4,32,7,0,11,18,26,
17,6,5,10,22,8,5,30,3,5,1,17,7,11,0,6,13,11,0,26,2,
18,4,23,18,27,10,2,30,7,6,10,17,4,19,2,10,40,18,26,0,9,
19,52,8,37,19,19,10,3,27,28,13,7,32,12,2,53,6,26,2,9,0,
0,0,7,43,27,33,0,1,33,2,25,20,4,7,27,19,8,21,1,10,0,
1,7,0,5,9,10,32,14,9,28,3,61,41,15,7,18,29,6,39,9,43,
2,43,5,0,49,36,0,0,42,1,20,8,0,23,29,15,12,37,3,28,3,
3,27,9,49,0,27,2,0,39,6,27,18,3,21,33,14,7,15,1,28,0,
4,33,10,36,27,0,3,2,36,2,13,22,3,8,14,28,13,26,9,11,1,
5,0,32,0,2,3,0,54,2,28,5,38,47,11,3,11,18,9,27,7,52,
6,1,14,0,0,2,54,0,0,22,6,34,23,7,2,5,7,14,45,1,41,
7,33,9,42,39,36,2,0,0,2,19,10,1,28,30,23,4,18,0,24,2,
8,2,28,1,6,2,28,22,2,0,6,25,20,27,12,21,28,10,20,19,28,
9,25,3,20,27,13,5,6,19,6,0,2,8,11,15,3,13,25,6,17,2,
10,20,61,8,18,22,38,34,10,25,2,0,41,1,8,18,7,6,28,3,61,
11,4,41,0,3,3,47,23,1,20,8,41,0,15,2,6,18,7,31,16,40,
12,7,15,23,21,8,11,7,28,27,11,1,15,0,23,6,21,9,13,40,5,
13,27,7,29,33,14,3,2,30,12,15,8,2,23,0,11,10,15,8,19,1,
14,19,18,15,14,28,11,5,23,21,3,18,6,6,11,0,35,13,18,2,6,
15,8,29,12,7,13,18,7,4,28,13,7,18,21,10,35,0,15,31,24,10,
16,21,6,37,15,26,9,14,18,10,25,6,7,9,15,13,15,0,14,19,4,
17,1,39,3,1,9,27,45,0,20,6,28,31,13,8,18,31,14,0,11,47,
18,10,9,28,28,11,7,1,24,19,17,3,16,40,19,2,24,19,11,0,4,
19,0,43,3,0,1,52,41,2,28,2,61,40,5,1,6,10,4,47,4,0,
0,0,21,61,33,48,51,46,36,56,31,31,17,5,18,42,42,28,5,20,8,
1,21,0,36,8,24,25,26,32,17,21,63,26,20,8,18,11,17,1,24,26,
2,61,36,0,21,44,29,37,28,30,42,29,19,8,10,42,13,4,3,13,10,
3,33,8,21,0,21,25,25,21,24,5,10,4,2,9,11,23,6,20,23,1,
4,48,24,44,21,0,53,49,35,42,22,21,14,0,14,34,25,20,5,26,2,
5,51,25,29,25,53,0,41,37,51,23,29,29,2,15,27,37,19,6,15,13,
6,46,26,37,25,49,41,0,39,52,29,27,26,6,13,28,30,15,7,25,6,
7,36,32,28,21,35,37,39,0,27,24,36,19,2,3,24,14,7,2,31,18,
8,56,17,30,24,42,51,52,27,0,29,18,20,1,14,33,36,14,7,18,4,
9,31,21,42,5,22,23,29,24,29,0,28,24,8,5,30,10,5,0,14,9,
10,31,63,29,10,21,29,27,36,18,28,0,24,23,12,25,26,9,0,24,18,
11,17,26,19,4,14,29,26,19,20,24,24,0,2,3,29,11,7,0,18,7,
12,5,20,8,2,0,2,6,2,1,8,23,2,0,13,5,11,9,0,5,6,
13,18,8,10,9,14,15,13,3,14,5,12,3,13,0,4,19,22,0,12,6,
14,42,18,42,11,34,27,28,24,33,30,25,29,5,4,0,18,3,0,17,9,
15,42,11,13,23,25,37,30,14,36,10,26,11,11,19,18,0,21,5,10,8,
16,28,17,4,6,20,19,15,7,14,5,9,7,9,22,3,21,0,5,4,5,
17,5,1,3,20,5,6,7,2,7,0,0,0,0,0,0,5,5,0,41,0,
18,20,24,13,23,26,15,25,31,18,14,24,18,5,12,17,10,4,41,0,6,
19,8,26,10,1,2,13,6,18,4,9,18,7,6,6,9,8,5,0,6,0,
0,0,33,47,22,1,30,43,3,29,8,18,3,51,28,8,0,43,26,41,2,
1,33,0,35,31,0,53,40,3,16,4,26,4,43,10,9,0,40,20,35,7,
2,47,35,0,18,0,55,47,1,34,14,27,2,54,41,14,0,39,20,39,5,
3,22,31,18,0,0,54,20,4,27,8,19,12,24,18,3,0,45,21,29,3,
4,1,0,0,0,0,0,0,18,0,4,1,7,0,0,5,15,1,1,0,8,
5,30,53,55,54,0,0,57,2,39,8,20,4,58,37,7,0,46,39,48,2,
6,43,40,47,20,0,57,0,1,42,10,25,1,35,24,4,0,54,24,42,3,
7,3,3,1,4,18,2,1,0,4,5,4,36,3,3,18,30,6,7,7,13,
8,29,16,34,27,0,39,42,4,0,11,10,4,27,15,3,0,56,13,41,2,
9,8,4,14,8,4,8,10,5,11,0,18,34,11,13,20,23,13,3,6,9,
10,18,26,27,19,1,20,25,4,10,18,0,8,26,30,26,1,15,18,23,5,
11,3,4,2,12,7,4,1,36,4,34,8,0,3,6,10,35,2,11,1,20,
12,51,43,54,24,0,58,35,3,27,11,26,3,0,31,12,0,55,32,43,11,
13,28,10,41,18,0,37,24,3,15,13,30,6,31,0,8,1,36,29,27,0,
14,8,9,14,3,5,7,4,18,3,20,26,10,12,8,0,10,5,5,9,11,
15,0,0,0,0,15,0,0,30,0,23,1,35,0,1,10,0,0,5,1,31,
16,43,40,39,45,1,46,54,6,56,13,15,2,55,36,5,0,0,34,44,8,
17,26,20,20,21,1,39,24,7,13,3,18,11,32,29,5,5,34,0,28,4,
18,41,35,39,29,0,48,42,7,41,6,23,1,43,27,9,1,44,28,0,3,
19,2,7,5,3,8,2,3,13,2,9,5,20,11,0,11,31,8,4,3,0,
0,0,14,10,26,7,31,15,20,25,27,17,9,20,9,10,14,14,41,16,17,
1,14,0,16,10,35,10,10,7,24,35,16,8,44,39,35,37,42,41,20,19,
2,10,16,0,16,7,14,13,5,25,12,12,15,9,8,25,14,16,25,11,7,
3,26,10,16,0,6,26,30,15,4,24,16,20,4,3,14,2,3,8,0,7,
4,7,35,7,6,0,5,2,4,23,14,3,35,30,69,33,48,39,15,45,12,
5,31,10,14,26,5,0,14,36,14,11,3,3,6,4,4,6,5,6,9,8,
6,15,10,13,30,2,14,0,7,7,14,16,5,4,3,11,2,2,11,1,2,
7,20,7,5,15,4,36,7,0,10,4,11,4,10,6,8,7,0,8,5,13,
8,25,24,25,4,23,14,7,10,0,27,23,14,25,33,33,25,23,33,31,16,
9,27,35,12,24,14,11,14,4,27,0,20,34,26,13,7,19,9,42,18,31,
10,17,16,12,16,3,3,16,11,23,20,0,12,12,6,9,17,6,15,8,12,
11,9,8,15,20,35,3,5,4,14,34,12,0,11,41,16,25,22,15,46,18,
12,20,44,9,4,30,6,4,10,25,26,12,11,0,42,41,47,34,38,28,22,
13,9,39,8,3,69,4,3,6,33,13,6,41,42,0,46,55,42,28,55,11,
14,10,35,25,14,33,4,11,8,33,7,9,16,41,46,0,43,37,45,19,15,
15,14,37,14,2,48,6,2,7,25,19,17,25,47,55,43,0,36,31,38,13,
16,14,42,16,3,39,5,2,0,23,9,6,22,34,42,37,36,0,21,41,10,
17,41,41,25,8,15,6,11,8,33,42,15,15,38,28,45,31,21,0,37,44,
18,16,20,11,0,45,9,1,5,31,18,8,46,28,55,19,38,41,37,0,11,
19,17,19,7,7,12,8,2,13,16,31,12,18,22,11,15,13,10,44,11,0,
0,0,11,8,44,29,0,48,2,0,80,22,51,0,0,2,6,15,7,3,5,
1,11,0,47,17,29,0,32,9,2,14,17,20,12,0,4,20,37,26,21,9,
2,8,47,0,15,35,3,53,5,1,7,14,8,13,1,2,22,66,37,21,27,
3,44,17,15,0,41,2,25,0,3,41,28,31,8,2,8,6,10,10,5,5,
4,29,29,35,41,0,3,5,3,2,24,50,36,0,4,6,28,36,2,8,8,
5,0,0,3,2,3,0,0,9,19,0,1,0,6,15,15,8,1,11,10,4,
6,48,32,53,25,5,0,0,2,2,50,7,36,17,0,5,12,45,20,16,19,
7,2,9,5,0,3,9,2,0,17,1,7,1,25,8,17,27,4,4,6,20,
8,0,2,1,3,2,19,2,17,0,0,7,0,43,12,24,32,6,5,18,39,
9,80,14,7,41,24,0,50,1,0,0,29,50,2,0,3,8,8,2,1,2,
10,22,17,14,28,50,1,7,7,7,29,0,25,19,4,4,18,15,16,8,20,
11,51,20,8,31,36,0,36,1,0,50,25,0,0,0,3,5,12,1,0,1,
12,0,12,13,8,0,6,17,25,43,2,19,0,0,7,19,6,4,21,24,29,
13,0,0,1,2,4,15,0,8,12,0,4,0,7,0,7,0,0,12,2,4,
14,2,4,2,8,6,15,5,17,24,3,4,3,19,7,0,29,9,5,11,14,
15,6,20,22,6,28,8,12,27,32,8,18,5,6,0,29,0,24,3,6,18,
16,15,37,66,10,36,1,45,4,6,8,15,12,4,0,9,24,0,12,21,23,
17,7,26,37,10,2,11,20,4,5,2,16,1,21,12,5,3,12,0,21,31,
18,3,21,21,5,8,10,16,6,18,1,8,0,24,2,11,6,21,21,0,24,
19,5,9,27,5,8,4,19,20,39,2,20,1,29,4,14,18,23,31,24,0,
0,0,7,12,3,9,30,7,63,9,14,44,43,31,25,25,19,10,40,11,9,
1,7,0,55,29,43,3,50,42,29,58,13,22,18,20,38,48,32,41,54,51,
2,12,55,0,19,46,3,30,33,31,57,18,20,21,12,45,26,59,36,59,55,
3,3,29,19,0,41,2,15,8,21,17,4,11,13,5,14,37,38,10,30,11,
4,9,43,46,41,0,2,30,26,35,49,11,28,25,11,29,41,44,27,52,42,
5,30,3,3,2,2,0,5,28,5,9,45,9,41,11,16,8,11,12,2,7,
6,7,50,30,15,30,5,0,33,22,41,10,26,20,21,25,24,28,37,36,37,
7,63,42,33,8,26,28,33,0,24,41,24,39,43,49,51,35,45,58,41,41,
8,9,29,31,21,35,5,22,24,0,33,15,18,21,13,30,43,23,15,44,49,
9,14,58,57,17,49,9,41,41,33,0,18,22,32,6,56,44,51,47,74,50,
10,44,13,18,4,11,45,10,24,15,18,0,21,41,15,30,13,21,29,22,30,
11,43,22,20,11,28,9,26,39,18,22,21,0,20,31,21,30,38,36,24,22,
