Node/Edge,1000,17306
Step/Entity,1600,20
meet_step
0,0,38,38,37,16,37,28,40,24,19,52,59,43,29,9,22,45,39,25,4,
1,38,0,39,30,30,61,41,59,32,8,78,56,48,52,8,73,66,51,27,4,
2,38,39,0,36,18,42,28,57,32,15,59,49,59,70,2,55,43,45,18,4,
3,37,30,36,0,20,45,44,46,48,20,37,43,56,49,24,31,31,40,58,21,
4,16,30,18,20,0,42,6,16,14,7,29,36,13,23,25,30,29,12,22,20,
5,37,61,42,45,42,0,39,57,37,13,77,53,47,49,2,80,61,40,23,9,
6,28,41,28,44,6,39,0,51,48,29,33,38,37,47,11,31,50,39,33,16,
7,40,59,57,46,16,57,51,0,35,9,63,75,59,57,2,55,46,43,33,6,
8,24,32,32,48,14,37,48,35,0,38,28,26,37,20,24,16,27,18,45,10,
9,19,8,15,20,7,13,29,9,38,0,16,15,17,12,37,10,11,10,37,24,
10,52,78,59,37,29,77,33,63,28,16,0,65,54,61,3,60,82,48,20,6,
11,59,56,49,43,36,53,38,75,26,15,65,0,56,47,2,53,55,39,29,10,
12,43,48,59,56,13,47,37,59,37,17,54,56,0,64,11,56,44,38,31,12,
13,29,52,70,49,23,49,47,57,20,12,61,47,64,0,9,55,70,51,36,11,
14,9,8,2,24,25,2,11,2,24,37,3,2,11,9,0,6,4,3,25,30,
15,22,73,55,31,30,80,31,55,16,10,60,53,56,55,6,0,56,42,26,7,
16,45,66,43,31,29,61,50,46,27,11,82,55,44,70,4,56,0,47,31,11,
17,39,51,45,40,12,40,39,43,18,10,48,39,38,51,3,42,47,0,26,9,
18,25,27,18,58,22,23,33,33,45,37,20,29,31,36,25,26,31,26,0,24,
19,4,4,4,21,20,9,16,6,10,24,6,10,12,11,30,7,11,9,24,0,
0,0,55,1,3,3,21,36,37,49,37,52,53,46,0,0,15,46,51,18,28,
1,55,0,2,3,4,28,16,35,52,35,41,53,53,2,1,13,48,38,8,36,
2,1,2,0,25,11,0,7,0,1,0,1,0,0,8,39,7,0,0,11,1,
3,3,3,25,0,7,3,4,3,3,4,2,1,2,9,21,3,1,3,7,0,
4,3,4,11,7,0,2,6,1,0,1,2,2,3,15,5,6,0,1,32,3,
5,21,28,0,3,2,0,21,37,30,61,28,54,45,1,1,18,43,12,2,31,
6,36,16,7,4,6,21,0,17,16,16,19,9,7,9,4,10,11,20,14,20,
7,37,35,0,3,1,37,17,0,57,65,38,48,65,0,3,10,42,35,1,38,
8,49,52,1,3,0,30,16,57,0,59,50,73,63,1,1,9,65,53,3,29,
9,37,35,0,4,1,61,16,65,59,0,37,60,44,2,0,21,44,35,1,35,
10,52,41,1,2,2,28,19,38,50,37,0,54,55,3,0,11,31,58,2,19,
11,53,53,0,1,2,54,9,48,73,60,54,0,91,0,0,19,54,54,0,28,
12,46,53,0,2,3,45,7,65,63,44,55,91,0,1,0,12,61,50,0,34,
13,0,2,8,9,15,1,9,0,1,2,3,0,1,0,9,12,0,0,14,5,
14,0,1,39,21,5,1,4,3,1,0,0,0,0,9,0,2,0,0,13,0,
15,15,13,7,3,6,18,10,10,9,21,11,19,12,12,2,0,10,18,15,16,
16,46,48,0,1,0,43,11,42,65,44,31,54,61,0,0,10,0,47,6,18,
17,51,38,0,3,1,12,20,35,53,35,58,54,50,0,0,18,47,0,3,19,
18,18,8,11,7,32,2,14,1,3,1,2,0,0,14,13,15,6,3,0,2,
19,28,36,1,0,3,31,20,38,29,35,19,28,34,5,0,16,18,19,2,0,
0,0,6,32,29,34,45,43,40,28,36,27,42,19,7,31,11,23,31,41,15,
1,6,0,46,29,35,5,31,11,12,9,45,16,40,19,36,63,49,36,28,58,
2,32,46,0,39,17,28,24,11,17,21,12,31,35,9,55,63,67,32,68,57,
3,29,29,39,0,32,13,31,7,23,18,18,24,28,9,45,25,31,47,31,22,
4,34,35,17,32,0,24,56,31,33,25,56,45,7,8,13,33,14,34,13,26,
5,45,5,28,13,24,0,26,14,30,18,13,43,19,0,27,27,18,20,31,17,
6,43,31,24,31,56,26,0,30,33,23,46,24,19,19,14,26,23,42,17,20,
7,40,11,11,7,31,14,30,0,29,12,19,17,10,20,16,15,13,17,11,9,
8,28,12,17,23,33,30,33,29,0,11,22,23,9,14,12,21,18,16,15,15,
9,36,9,21,18,25,18,23,12,11,0,26,42,16,3,29,6,19,37,33,8,
10,27,45,12,18,56,13,46,19,22,26,0,30,8,11,16,28,13,20,10,15,
11,42,16,31,24,45,43,24,17,23,42,30,0,33,5,49,45,37,18,50,30,
12,19,40,35,28,7,19,19,10,9,16,8,33,0,3,43,46,37,20,42,45,
13,7,19,9,9,8,0,19,20,14,3,11,5,3,0,5,2,13,14,3,1,
14,31,36,55,45,13,27,14,16,12,29,16,49,43,5,0,58,53,31,74,47,
15,11,63,63,25,33,27,26,15,21,6,28,45,46,2,58,0,62,23,46,73,
16,23,49,67,31,14,18,23,13,18,19,13,37,37,13,53,62,0,22,53,53,
17,31,36,32,47,34,20,42,17,16,37,20,18,20,14,31,23,22,0,37,22,
18,41,28,68,31,13,31,17,11,15,33,10,50,42,3,74,46,53,37,0,39,
19,15,58,57,22,26,17,20,9,15,8,15,30,45,1,47,73,53,22,39,0,
0,0,15,10,7,15,58,20,12,73,48,23,29,16,3,20,8,39,69,4,46,
1,15,0,30,13,19,27,29,18,24,19,29,34,48,19,43,20,35,3,22,36,
2,10,30,0,19,10,7,27,36,2,3,18,5,10,14,14,33,2,5,28,5,
3,7,13,19,0,13,8,6,15,8,7,15,8,4,17,5,33,4,12,26,10,
4,15,19,10,13,0,26,26,15,23,17,20,23,30,12,31,14,21,12,5,25,
5,58,27,7,8,26,0,13,7,77,49,12,36,33,0,49,6,43,46,2,73,
6,20,29,27,6,26,13,0,36,6,10,38,28,33,28,17,26,9,1,29,12,
7,12,18,36,15,15,7,36,0,6,2,26,15,28,24,15,41,5,3,35,9,
8,73,24,2,8,23,77,6,6,0,72,11,35,19,1,38,2,33,77,3,54,
9,48,19,3,7,17,49,10,2,72,0,8,35,28,5,28,6,34,52,3,54,
10,23,29,18,15,20,12,38,26,11,8,0,24,32,18,30,24,16,13,21,11,
11,29,34,5,8,23,36,28,15,35,35,24,0,42,8,46,19,42,13,14,51,
12,16,48,10,4,30,33,33,28,19,28,32,42,0,6,54,23,30,11,16,46,
13,3,19,14,17,12,0,28,24,1,5,18,8,6,0,4,43,1,19,48,0,
14,20,43,14,5,31,49,17,15,38,28,30,46,54,4,0,13,34,16,13,64,
15,8,20,33,33,14,6,26,41,2,6,24,19,23,43,13,0,1,25,51,2,
16,39,35,2,4,21,43,9,5,33,34,16,42,30,1,34,1,0,41,2,56,
17,69,3,5,12,12,46,1,3,77,52,13,13,11,19,16,25,41,0,16,43,
18,4,22,28,26,5,2,29,35,3,3,21,14,16,48,13,51,2,16,0,1,
19,46,36,5,10,25,73,12,9,54,54,11,51,46,0,64,2,56,43,1,0,
0,0,15,4,2,5,10,5,0,8,0,1,0,4,14,1,0,16,13,9,16,
1,15,0,17,6,3,17,14,1,41,1,3,6,13,8,2,1,15,5,3,18,
2,4,17,0,14,3,7,14,1,40,7,3,6,18,4,4,1,23,13,9,28,
3,2,6,14,0,34,30,28,27,5,41,30,28,13,10,40,27,5,12,21,0,
4,5,3,3,34,0,27,31,47,4,68,60,69,17,2,79,47,11,29,31,5,
5,10,17,7,30,27,0,38,10,12,24,16,43,17,10,24,25,18,27,19,18,
6,5,14,14,28,31,38,0,31,13,28,23,43,13,3,39,32,18,20,29,11,
7,0,1,1,27,47,10,31,0,3,64,65,64,8,3,80,37,7,4,17,2,
8,8,41,40,5,4,12,13,3,0,1,0,0,28,11,0,2,13,11,5,20,
9,0,1,7,41,68,24,28,64,1,0,66,72,5,1,87,57,2,10,27,0,
10,1,3,3,30,60,16,23,65,0,66,0,81,9,4,73,48,1,5,22,1,
11,0,6,6,28,69,43,43,64,0,72,81,0,7,2,94,64,6,12,33,0,
12,4,13,18,13,17,17,13,8,28,5,9,7,0,9,4,4,24,19,15,16,
13,14,8,4,10,2,10,3,3,11,1,4,2,9,0,4,2,12,8,11,13,
14,1,2,4,40,79,24,39,80,0,87,73,94,4,4,0,88,4,8,33,2,
15,0,1,1,27,47,25,32,37,2,57,48,64,4,2,88,0,6,21,29,1,
16,16,15,23,5,11,18,18,7,13,2,1,6,24,12,4,6,0,18,11,15,
17,13,5,13,12,29,27,20,4,11,10,5,12,19,8,8,21,18,0,14,29,
18,9,3,9,21,31,19,29,17,5,27,22,33,15,11,33,29,11,14,0,8,
19,16,18,28,0,5,18,11,2,20,0,1,0,16,13,2,1,15,29,8,0,
0,0,11,14,29,7,9,5,24,13,19,11,28,28,21,17,16,21,19,16,20,
1,11,0,9,16,8,35,17,19,6,12,27,15,17,10,5,3,16,14,11,12,
2,14,9,0,47,1,16,32,53,0,49,20,6,79,59,2,27,35,12,33,45,
3,29,16,47,0,0,11,16,46,0,41,12,8,52,57,10,21,48,6,34,46,
4,7,8,1,0,0,3,20,1,55,0,7,14,0,0,17,20,0,1,0,0,
5,9,35,16,11,3,0,34,6,5,10,37,23,19,12,13,3,12,22,10,10,
6,5,17,32,16,20,34,0,13,25,20,22,19,26,8,17,1,23,9,16,24,
7,24,19,53,46,1,6,13,0,2,24,17,13,54,52,7,8,46,11,19,42,
8,13,6,0,0,55,5,25,2,0,0,7,22,0,2,32,14,0,3,0,0,
9,19,12,49,41,0,10,20,24,0,0,14,8,48,61,3,24,36,3,47,62,
10,11,27,20,12,7,37,22,17,7,14,0,16,14,7,11,0,15,24,6,12,
11,28,15,6,8,14,23,19,13,22,8,16,0,6,5,35,1,11,53,4,10,
12,28,17,79,52,0,19,26,54,0,48,14,6,0,84,2,18,49,15,49,57,
13,21,10,59,57,0,12,8,52,2,61,7,5,84,0,4,37,31,4,50,54,
14,17,5,2,10,17,13,17,7,32,3,11,35,2,4,0,7,6,41,0,4,
15,16,3,27,21,20,3,1,8,14,24,0,1,18,37,7,0,13,3,21,14,
16,21,16,35,48,0,12,23,46,0,36,15,11,49,31,6,13,0,12,41,39,
17,19,14,12,6,1,22,9,11,3,3,24,53,15,4,41,3,12,0,7,7,
18,16,11,33,34,0,10,16,19,0,47,6,4,49,50,0,21,41,7,0,42,
19,20,12,45,46,0,10,24,42,0,62,12,10,57,54,4,14,39,7,42,0,
0,0,14,1,58,54,22,6,22,11,1,2,44,3,4,0,3,35,38,41,3,
1,14,0,4,12,14,29,6,29,17,10,8,24,7,6,4,13,26,22,10,10,
2,1,4,0,4,0,11,43,3,9,41,23,7,36,41,31,29,4,6,4,33,
3,58,12,4,0,58,16,9,24,17,5,4,36,5,0,4,3,32,32,29,0,
4,54,14,0,58,0,13,6,21,19,0,1,41,3,0,2,0,35,40,44,1,
5,22,29,11,16,13,0,8,23,18,12,7,28,15,3,6,6,36,19,11,4,
6,6,6,43,9,6,8,0,6,6,40,38,1,40,45,29,29,3,2,2,31,
7,22,29,3,24,21,23,6,0,34,9,6,26,16,18,10,3,29,16,15,10,
8,11,17,9,17,19,18,6,34,0,7,7,23,9,11,8,12,12,20,19,10,
9,1,10,41,5,0,12,40,9,7,0,24,5,47,46,47,41,6,2,2,46,
10,2,8,23,4,1,7,38,6,7,24,0,4,15,21,20,19,2,3,1,23,
11,44,24,7,36,41,28,1,26,23,5,4,0,6,3,1,1,41,23,36,0,
12,3,7,36,5,3,15,40,16,9,47,15,6,0,44,37,32,17,10,9,55,
13,4,6,41,0,0,3,45,18,11,46,21,3,44,0,34,41,0,3,0,61,
14,0,4,31,4,2,6,29,10,8,47,20,1,37,34,0,25,3,1,1,28,
15,3,13,29,3,0,6,29,3,12,41,19,1,32,41,25,0,2,2,3,49,
16,35,26,4,32,35,36,3,29,12,6,2,41,17,0,3,2,0,37,35,1,
17,38,22,6,32,40,19,2,16,20,2,3,23,10,3,1,2,37,0,51,3,
18,41,10,4,29,44,11,2,15,19,2,1,36,9,0,1,3,35,51,0,0,
19,3,10,33,0,1,4,31,10,10,46,23,0,55,61,28,49,1,3,0,0,
0,0,14,12,14,40,39,30,47,39,46,37,31,20,29,31,27,7,31,44,13,
1,14,0,23,21,11,19,7,16,21,23,8,23,22,35,18,11,23,33,19,11,
2,12,23,0,13,7,22,38,21,14,12,20,11,2,72,16,16,64,21,36,63,
3,14,21,13,0,19,25,11,20,13,29,28,43,37,7,13,17,2,25,19,6,
4,40,11,7,19,0,35,12,38,23,28,26,37,19,17,23,29,7,32,36,16,
5,39,19,22,25,35,0,15,35,25,52,44,38,33,31,40,30,11,52,43,11,
6,30,7,38,11,12,15,0,25,12,30,14,19,10,22,14,22,77,23,15,57,
7,47,16,21,20,38,35,25,0,36,68,43,36,31,27,25,41,5,47,46,20,
8,39,21,14,13,23,25,12,36,0,23,32,26,21,16,24,34,14,30,33,18,
9,46,23,12,29,28,52,30,68,23,0,43,48,28,33,45,45,23,54,49,27,
10,37,8,20,28,26,44,14,43,32,43,0,23,21,35,26,48,6,37,43,9,
11,31,23,11,43,37,38,19,36,26,48,23,0,36,15,32,38,3,50,34,8,
12,20,22,2,37,19,33,10,31,21,28,21,36,0,7,20,19,6,39,20,3,
13,29,35,72,7,17,31,22,27,16,33,35,15,7,0,33,28,53,29,34,47,
14,31,18,16,13,23,40,14,25,24,45,26,32,20,33,0,29,1,30,36,7,
15,27,11,16,17,29,30,22,41,34,45,48,38,19,28,29,0,9,44,40,10,
16,7,23,64,2,7,11,77,5,14,23,6,3,6,53,1,9,0,7,4,76,
17,31,33,21,25,32,52,23,47,30,54,37,50,39,29,30,44,7,0,59,15,
18,44,19,36,19,36,43,15,46,33,49,43,34,20,34,36,40,4,59,0,22,
19,13,11,63,6,16,11,57,20,18,27,9,8,3,47,7,10,76,15,22,0,
0,0,6,18,4,22,12,22,7,21,30,14,13,2,21,15,33,23,12,18,32,
1,6,0,2,9,19,29,1,18,5,0,0,10,26,10,5,9,11,13,21,0,
2,18,2,0,2,17,1,40,13,35,43,27,8,0,9,48,5,21,6,10,44,
3,4,9,2,0,8,9,1,15,3,0,0,8,8,16,3,7,7,12,12,0,
4,22,19,17,8,0,12,11,7,17,5,6,17,18,21,16,29,25,20,23,5,
5,12,29,1,9,12,0,6,26,9,3,0,15,29,6,17,23,20,24,25,3,
6,22,1,40,1,11,6,0,9,37,53,36,5,1,6,31,13,20,2,16,51,
7,7,18,13,15,7,26,9,0,10,6,5,6,16,13,16,23,16,6,15,7,
8,21,5,35,3,17,9,37,10,0,54,52,1,4,22,10,24,6,2,21,38,
9,30,0,43,0,5,3,53,6,54,0,79,1,2,3,50,4,20,0,7,100,
10,14,0,27,0,6,0,36,5,52,79,0,0,1,2,44,6,16,1,5,69,
11,13,10,8,8,17,15,5,6,1,1,0,0,29,10,12,15,17,19,17,0,
12,2,26,0,8,18,29,1,16,4,2,1,29,0,15,6,16,21,21,20,3,
13,21,10,9,16,21,6,6,13,22,3,2,10,15,0,8,26,11,11,12,4,
14,15,5,48,3,16,17,31,16,10,50,44,12,6,8,0,20,32,11,2,58,
15,33,9,5,7,29,23,13,23,24,4,6,15,16,26,20,0,19,14,15,3,
16,23,11,21,7,25,20,20,16,6,20,16,17,21,11,32,19,0,22,16,17,
17,12,13,6,12,20,24,2,6,2,0,1,19,21,11,11,14,22,0,18,0,
18,18,21,10,12,23,25,16,15,21,7,5,17,20,12,2,15,16,18,0,4,
19,32,0,44,0,5,3,51,7,38,100,69,0,3,4,58,3,17,0,4,0,
0,0,62,13,20,15,23,30,2,27,54,13,16,26,31,35,25,49,15,14,12,
1,62,0,17,30,27,33,40,12,30,40,12,17,26,38,46,37,32,11,13,14,
2,13,17,0,1,11,45,5,24,4,6,41,21,22,13,3,18,1,26,45,2,
3,20,30,1,0,39,7,70,6,32,26,6,31,45,42,46,23,23,21,1,44,
4,15,27,11,39,0,26,52,9,17,19,5,40,40,44,31,37,15,44,4,41,
5,23,33,45,7,26,0,12,26,4,11,37,21,35,25,3,26,1,28,34,5,
6,30,40,5,70,52,12,0,7,37,34,14,34,42,56,52,42,18,24,5,51,
7,2,12,24,6,9,26,7,0,4,9,20,21,17,8,10,18,2,10,22,5,
8,27,30,4,32,17,4,37,4,0,32,5,18,18,41,70,5,30,15,0,55,
9,54,40,6,26,19,11,34,9,32,0,9,17,20,43,31,24,41,15,11,17,
10,13,12,41,6,5,37,14,20,5,9,0,21,21,17,8,26,5,26,29,5,
11,16,17,21,31,40,21,34,21,18,17,21,0,47,34,29,32,10,33,25,29,
12,26,26,22,45,40,35,42,17,18,20,21,47,0,54,36,37,6,41,22,46,
13,31,38,13,42,44,25,56,8,41,43,17,34,54,0,39,24,20,37,16,37,
14,35,46,3,46,31,3,52,10,70,31,8,29,36,39,0,26,36,6,4,58,
15,25,37,18,23,37,26,42,18,5,24,26,32,37,24,26,0,7,29,19,18,
16,49,32,1,23,15,1,18,2,30,41,5,10,6,20,36,7,0,7,1,40,
17,15,11,26,21,44,28,24,10,15,15,26,33,41,37,6,29,7,0,14,21,
18,14,13,45,1,4,34,5,22,0,11,29,25,22,16,4,19,1,14,0,0,
19,12,14,2,44,41,5,51,5,55,17,5,29,46,37,58,18,40,21,0,0,
0,0,18,9,14,5,10,30,15,9,3,21,21,37,8,1,21,2,9,20,9,
1,18,0,7,13,5,29,44,13,10,7,29,21,14,14,8,37,5,5,12,22,
2,9,7,0,19,0,6,14,19,21,2,12,15,25,9,0,9,0,10,17,3,
3,14,13,19,0,2,29,37,18,8,1,32,36,14,11,10,35,8,8,20,16,
4,5,5,0,2,0,28,13,2,9,89,5,8,0,65,89,2,87,0,7,30,
5,10,29,6,29,28,0,60,31,18,36,33,41,5,46,33,40,36,1,23,48,
6,30,44,14,37,13,60,0,35,14,10,59,61,15,20,13,41,9,7,30,43,
7,15,13,19,18,2,31,35,0,31,3,41,29,28,10,1,29,2,16,15,15,
8,9,10,21,8,9,18,14,31,0,7,10,6,17,16,7,15,16,19,8,8,
9,3,7,2,1,89,36,10,3,7,0,4,4,0,51,83,4,102,0,8,36,
10,21,29,12,32,5,33,59,41,10,4,0,51,14,12,1,59,2,24,23,27,
11,21,21,15,36,8,41,61,29,6,4,51,0,10,14,6,54,1,5,26,27,
12,37,14,25,14,0,5,15,28,17,0,14,10,0,1,0,13,0,21,23,13,
13,8,14,9,11,65,46,20,10,16,51,12,14,1,0,45,23,71,1,7,31,
14,1,8,0,10,89,33,13,1,7,83,1,6,0,45,0,4,110,0,10,37,
15,21,37,9,35,2,40,41,29,15,4,59,54,13,23,4,0,2,12,29,29,
16,2,5,0,8,87,36,9,2,16,102,2,1,0,71,110,2,0,0,7,32,
17,9,5,10,8,0,1,7,16,19,0,24,5,21,1,0,12,0,0,7,4,
18,20,12,17,20,7,23,30,15,8,8,23,26,23,7,10,29,7,7,0,12,
19,9,22,3,16,30,48,43,15,8,36,27,27,13,31,37,29,32,4,12,0,
0,0,45,46,50,52,42,31,59,37,52,59,55,53,23,28,29,45,59,37,24,
1,45,0,61,44,42,32,28,38,37,49,45,34,53,17,27,12,42,44,29,17,
2,46,61,0,59,60,50,36,60,47,65,62,44,70,39,29,19,61,71,31,24,
3,50,44,59,0,45,30,43,42,26,57,56,47,73,32,31,14,35,53,24,12,
4,52,42,60,45,0,47,44,40,32,71,62,38,68,27,27,20,43,55,45,21,
5,42,32,50,30,47,0,26,35,27,45,39,41,60,19,19,20,63,54,29,12,
6,31,28,36,43,44,26,0,25,14,46,45,39,44,24,17,13,38,46,39,21,
7,59,38,60,42,40,35,25,0,45,56,56,42,61,21,36,16,46,57,52,27,
8,37,37,47,26,32,27,14,45,0,36,50,40,47,29,23,25,49,45,27,29,
9,52,49,65,57,71,45,46,56,36,0,55,31,62,22,25,22,45,72,58,21,
10,59,45,62,56,62,39,45,56,50,55,0,45,84,26,19,29,64,78,52,45,
11,55,34,44,47,38,41,39,42,40,31,45,0,70,28,22,26,55,58,35,22,
12,53,53,70,73,68,60,44,61,47,62,84,70,0,28,34,29,60,76,51,28,
13,23,17,39,32,27,19,24,21,29,22,26,28,28,0,15,29,37,24,21,33,
14,28,27,29,31,27,19,17,36,23,25,19,22,34,15,0,7,26,27,20,8,
15,29,12,19,14,20,20,13,16,25,22,29,26,29,29,7,0,14,25,22,27,
16,45,42,61,35,43,63,38,46,49,45,64,55,60,37,26,14,0,54,46,28,
17,59,44,71,53,55,54,46,57,45,72,78,58,76,24,27,25,54,0,61,25,
18,37,29,31,24,45,29,39,52,27,58,52,35,51,21,20,22,46,61,0,24,
19,24,17,24,12,21,12,21,27,29,21,45,22,28,33,8,27,28,25,24,0,
0,0,21,17,9,20,7,27,9,18,13,42,2,13,19,25,13,20,13,21,5,
1,21,0,21,1,43,0,27,28,35,11,43,0,1,52,39,1,52,24,33,21,
2,17,21,0,11,36,11,22,14,35,17,24,4,9,33,35,7,30,24,31,9,
3,9,1,11,0,2,13,20,1,1,2,3,46,61,1,1,79,3,8,0,4,
4,20,43,36,2,0,1,19,22,29,19,44,0,0,49,46,3,28,34,39,29,
5,7,0,11,13,1,0,4,2,5,0,0,62,13,0,0,17,5,24,1,2,
6,27,27,22,20,19,4,0,27,24,32,37,9,18,25,49,19,27,9,29,20,
7,9,28,14,1,22,2,27,0,25,19,43,0,0,40,29,0,26,12,40,14,
8,18,35,35,1,29,5,24,25,0,18,33,3,2,41,36,1,30,38,29,17,
9,13,11,17,2,19,0,32,19,18,0,30,0,0,25,38,1,27,12,15,11,
10,42,43,24,3,44,0,37,43,33,30,0,0,1,61,46,2,29,40,50,23,
11,2,0,4,46,0,62,9,0,3,0,0,0,85,0,0,49,2,5,0,0,
12,13,1,9,61,0,13,18,0,2,0,1,85,0,0,1,84,1,3,0,2,
13,19,52,33,1,49,0,25,40,41,25,61,0,0,0,60,2,36,38,50,30,
14,25,39,35,1,46,0,49,29,36,38,46,0,1,60,0,3,35,27,35,19,
15,13,1,7,79,3,17,19,0,1,1,2,49,84,2,3,0,1,4,3,2,
16,20,52,30,3,28,5,27,26,30,27,29,2,1,36,35,1,0,29,34,17,
17,13,24,24,8,34,24,9,12,38,12,40,5,3,38,27,4,29,0,27,16,
18,21,33,31,0,39,1,29,40,29,15,50,0,0,50,35,3,34,27,0,19,
19,5,21,9,4,29,2,20,14,17,11,23,0,2,30,19,2,17,16,19,0,
0,0,3,20,22,2,2,39,13,3,3,0,9,1,38,5,45,0,34,3,1,
1,3,0,2,0,73,18,8,29,38,38,55,16,29,5,33,10,44,4,39,49,
2,20,2,0,3,16,33,35,16,22,4,9,27,14,25,8,25,10,39,12,23,
3,22,0,3,0,2,3,7,5,3,5,0,3,2,7,1,17,1,8,1,2,
4,2,73,16,2,0,17,13,41,54,49,93,36,37,1,50,2,61,23,62,63,
5,2,18,33,3,17,0,22,38,15,14,27,39,47,9,28,7,12,17,21,24,
6,39,8,35,7,13,22,0,14,19,13,5,24,14,51,17,41,24,57,15,18,
7,13,29,16,5,41,38,14,0,12,6,32,20,47,6,44,18,21,8,16,10,
8,3,38,22,3,54,15,19,12,0,33,52,22,17,9,18,5,48,16,33,32,
9,3,38,4,5,49,14,13,6,33,0,44,17,9,1,11,6,36,13,24,31,
10,0,55,9,0,93,27,5,32,52,44,0,35,38,1,33,5,44,11,43,41,
11,9,16,27,3,36,39,24,20,22,17,35,0,37,7,24,6,11,22,22,18,
12,1,29,14,2,37,47,14,47,17,9,38,37,0,2,32,3,24,8,18,11,
13,38,5,25,7,1,9,51,6,9,1,1,7,2,0,5,48,8,36,4,11,
14,5,33,8,1,50,28,17,44,18,11,33,24,32,5,0,26,21,11,17,21,
15,45,10,25,17,2,7,41,18,5,6,5,6,3,48,26,0,6,32,4,18,
16,0,44,10,1,61,12,24,21,48,36,44,11,24,8,21,6,0,19,40,34,
17,34,4,39,8,23,17,57,8,16,13,11,22,8,36,11,32,19,0,12,31,
18,3,39,12,1,62,21,15,16,33,24,43,22,18,4,17,4,40,12,0,38,
19,1,49,23,2,63,24,18,10,32,31,41,18,11,11,21,18,34,31,38,0,
0,0,14,1,7,0,0,0,20,0,31,12,0,15,27,6,0,1,0,48,15,
1,14,0,4,32,0,3,2,10,0,12,29,0,25,25,19,1,7,1,25,35,
2,1,4,0,1,40,44,59,2,52,3,2,42,25,13,14,45,52,46,7,3,
3,7,32,1,0,1,2,1,18,1,9,34,2,21,30,10,0,0,1,26,22,
4,0,0,40,1,0,17,47,1,64,0,0,66,21,5,2,74,37,61,1,0,
5,0,3,44,2,17,0,35,7,29,20,7,23,18,8,16,20,39,27,4,1,
6,0,2,59,1,47,35,0,0,52,1,3,45,36,11,4,48,51,56,1,2,
7,20,10,2,18,1,7,0,0,3,26,22,1,8,39,11,0,8,4,38,15,
8,0,0,52,1,64,29,52,3,0,1,0,83,19,12,0,73,58,94,1,0,
9,31,12,3,9,0,20,1,26,1,0,16,0,28,27,21,0,9,0,39,11,
10,12,29,2,34,0,7,3,22,0,16,0,1,26,40,16,0,4,2,20,43,
11,0,0,42,2,66,23,45,1,83,0,1,0,21,2,3,82,45,74,1,0,
12,15,25,25,21,21,18,36,8,19,28,26,21,0,52,10,24,33,24,18,18,
13,27,25,13,30,5,8,11,39,12,27,40,2,52,0,12,8,12,9,61,51,
14,6,19,14,10,2,16,4,11,0,21,16,3,10,12,0,0,14,1,6,16,
15,0,1,45,0,74,20,48,0,73,0,0,82,24,8,0,0,46,64,0,0,
16,1,7,52,0,37,39,51,8,58,9,4,45,33,12,14,46,0,42,0,2,
17,0,1,46,1,61,27,56,4,94,0,2,74,24,9,1,64,42,0,0,0,
18,48,25,7,26,1,4,1,38,1,39,20,1,18,61,6,0,0,0,0,26,
19,15,35,3,22,0,1,2,15,0,11,43,0,18,51,16,0,2,0,26,0,
0,0,45,28,6,15,22,30,24,30,22,10,35,17,6,16,33,3,25,1,8,
1,45,0,40,1,21,45,15,44,24,39,3,39,12,4,7,41,0,32,4,8,
2,28,40,0,5,34,44,15,65,7,14,21,25,29,11,19,37,1,34,1,13,
3,6,1,5,0,44,10,21,2,17,21,31,9,5,40,42,4,38,23,43,47,
4,15,21,34,44,0,18,18,27,28,31,41,18,13,49,48,24,4,35,28,52,
5,22,45,44,10,18,0,22,52,20,14,13,29,41,21,19,46,2,42,2,23,
6,30,15,15,21,18,22,0,18,10,17,13,18,9,27,23,10,7,12,4,20,
7,24,44,65,2,27,52,18,0,18,29,10,27,36,25,24,33,2,46,5,23,
8,30,24,7,17,28,20,10,18,0,30,30,31,9,25,38,13,3,19,8,15,
9,22,39,14,21,31,14,17,29,30,0,42,21,15,26,32,17,1,25,17,26,
10,10,3,21,31,41,13,13,10,30,42,0,13,14,49,45,9,6,29,17,38,
11,35,39,25,9,18,29,18,27,31,21,13,0,8,22,22,26,0,26,10,18,
12,17,12,29,5,13,41,9,36,9,15,14,8,0,16,29,26,1,29,2,25,
13,6,4,11,40,49,21,27,25,25,26,49,22,16,0,60,11,4,34,24,52,
14,16,7,19,42,48,19,23,24,38,32,45,22,29,60,0,21,5,35,21,53,
15,33,41,37,4,24,46,10,33,13,17,9,26,26,11,21,0,0,50,4,12,
16,3,0,1,38,4,2,7,2,3,1,6,0,1,4,5,0,0,5,33,8,
17,25,32,34,23,35,42,12,46,19,25,29,26,29,34,35,50,5,0,9,34,
18,1,4,1,43,28,2,4,5,8,17,17,10,2,24,21,4,33,9,0,27,
19,8,8,13,47,52,23,20,23,15,26,38,18,25,52,53,12,8,34,27,0,
0,0,15,32,16,51,18,26,16,22,11,11,5,11,11,27,24,13,30,19,19,
1,15,0,12,27,7,19,33,19,54,9,10,5,7,32,48,15,8,19,19,36,
2,32,12,0,9,20,13,15,6,10,9,10,18,13,4,14,9,16,22,14,6,
3,16,27,9,0,13,29,27,25,37,36,17,20,26,4,58,22,22,30,24,30,
4,51,7,20,13,0,13,26,5,8,8,8,12,13,5,11,31,13,23,17,6,
5,18,19,13,29,13,0,24,18,4,36,18,13,22,17,36,4,16,49,17,5,
6,26,33,15,27,26,24,0,11,26,18,9,11,19,32,35,3,17,39,25,34,
7,16,19,6,25,5,18,11,0,19,11,20,5,9,5,30,9,22,9,6,15,
8,22,54,10,37,8,4,26,19,0,19,11,6,4,33,27,14,9,9,9,55,
9,11,9,9,36,8,36,18,11,19,0,16,13,37,4,38,8,24,35,23,9,
10,11,10,10,17,8,18,9,20,11,16,0,13,13,0,19,6,25,8,19,3,
11,5,5,18,20,12,13,11,5,6,13,13,0,16,0,16,12,29,12,31,7,
12,11,7,13,26,13,22,19,9,4,37,13,16,0,1,33,11,21,27,29,2,
13,11,32,4,4,5,17,32,5,33,4,0,0,1,0,11,0,6,17,3,59,
14,27,48,14,58,11,36,35,30,27,38,19,16,33,11,0,18,34,48,28,22,
15,24,15,9,22,31,4,3,9,14,8,6,12,11,0,18,0,11,8,14,15,
16,13,8,16,22,13,16,17,22,9,24,25,29,21,6,34,11,0,12,31,11,
17,30,19,22,30,23,49,39,9,9,35,8,12,27,17,48,8,12,0,24,9,
18,19,19,14,24,17,17,25,6,9,23,19,31,29,3,28,14,31,24,0,12,
19,19,36,6,30,6,5,34,15,55,9,3,7,2,59,22,15,11,9,12,0,
0,0,9,41,18,2,14,0,22,0,9,23,18,42,1,0,22,12,17,9,26,
1,9,0,3,11,12,9,14,1,32,17,5,13,11,16,21,6,10,11,3,6,
2,41,3,0,16,4,34,0,19,0,9,33,17,25,1,1,13,18,24,6,22,
3,18,11,16,0,11,10,1,12,0,5,9,12,19,13,9,17,8,8,22,24,
4,2,12,4,11,0,1,44,4,8,28,4,2,2,51,41,3,2,0,37,6,
5,14,9,34,10,1,0,0,22,0,24,25,32,24,1,0,10,17,32,3,27,
6,0,14,0,1,44,0,0,4,30,7,2,1,0,38,24,1,2,0,18,0,
7,22,1,19,12,4,22,4,0,0,7,27,20,23,0,2,11,14,24,4,16,
8,0,32,0,0,8,0,30,0,0,2,0,0,0,8,26,0,0,0,2,1,
9,9,17,9,5,28,24,7,7,2,0,10,21,25,16,12,12,10,18,13,24,
10,23,5,33,9,4,25,2,27,0,10,0,14,41,7,0,14,19,28,2,22,
11,18,13,17,12,2,32,1,20,0,21,14,0,36,7,2,13,12,31,3,17,
12,42,11,25,19,2,24,0,23,0,25,41,36,0,3,0,20,12,35,12,41,
13,1,16,1,13,51,1,38,0,8,16,7,7,3,0,22,4,4,2,28,13,
14,0,21,1,9,41,0,24,2,26,12,0,2,0,22,0,1,0,0,30,3,
15,22,6,13,17,3,10,1,11,0,12,14,13,20,4,1,0,11,34,15,18,
16,12,10,18,8,2,17,2,14,0,10,19,12,12,4,0,11,0,23,3,16,
17,17,11,24,8,0,32,0,24,0,18,28,31,35,2,0,34,23,0,1,25,
18,9,3,6,22,37,3,18,4,2,13,2,3,12,28,30,15,3,1,0,11,
19,26,6,22,24,6,27,0,16,1,24,22,17,41,13,3,18,16,25,11,0,
0,0,10,31,25,29,27,21,29,10,27,18,16,10,31,27,4,16,36,8,18,
1,10,0,1,31,5,17,25,13,26,30,37,8,15,8,26,23,2,9,25,17,
2,31,1,0,0,38,27,7,14,4,3,8,6,13,4,6,11,30,17,6,12,
3,25,31,0,0,3,19,27,19,31,53,38,11,24,36,45,19,3,13,13,28,
4,29,5,38,3,0,28,17,16,6,7,6,0,11,3,4,21,46,23,7,13,
5,27,17,27,19,28,0,20,16,28,28,13,15,16,22,45,15,25,10,14,21,
6,21,25,7,27,17,20,0,12,22,20,29,13,8,28,31,10,17,22,17,22,
7,29,13,14,19,16,16,12,0,29,22,21,4,30,18,20,27,19,7,14,25,
8,10,26,4,31,6,28,22,29,0,43,37,7,37,34,40,40,12,7,20,37,
9,27,30,3,53,7,28,20,22,43,0,48,25,26,56,60,35,7,11,37,48,
10,18,37,8,38,6,13,29,21,37,48,0,9,25,36,39,18,3,3,27,35,
11,16,8,6,11,0,15,13,4,7,25,9,0,12,30,32,4,16,2,6,12,
12,10,15,13,24,11,16,8,30,37,26,25,12,0,16,24,32,17,5,14,16,
13,31,8,4,36,3,22,28,18,34,56,36,30,16,0,40,17,4,11,15,27,
14,27,26,6,45,4,45,31,20,40,60,39,32,24,40,0,26,7,13,20,30,
15,4,23,11,19,21,15,10,27,40,35,18,4,32,17,26,0,36,9,14,47,
16,16,2,30,3,46,25,17,19,12,7,3,16,17,4,7,36,0,23,3,16,
17,36,9,17,13,23,10,22,7,7,11,3,2,5,11,13,9,23,0,5,10,
18,8,25,6,13,7,14,17,14,20,37,27,6,14,15,20,14,3,5,0,17,
19,18,17,12,28,13,21,22,25,37,48,35,12,16,27,30,47,16,10,17,0,
0,0,18,9,9,7,19,8,5,18,18,17,4,23,7,6,13,14,7,28,10,
1,18,0,12,1,2,28,19,0,2,15,10,0,1,3,6,1,61,0,29,0,
2,9,12,0,19,19,17,13,17,34,30,25,26,34,25,5,31,3,15,7,23,
3,9,1,19,0,26,2,11,15,16,22,14,15,51,24,6,50,0,24,1,60,
4,7,2,19,26,0,1,6,16,15,19,1,25,38,11,9,28,4,21,3,35,
5,19,28,17,2,1,0,25,1,3,14,17,0,6,13,9,1,26,3,36,5,
6,8,19,13,11,6,25,0,16,15,16,14,9,16,10,20,16,5,16,22,7,
7,5,0,17,15,16,1,16,0,22,6,5,28,20,10,18,31,2,17,3,14,
8,18,2,34,16,15,3,15,22,0,20,7,29,29,19,17,27,4,11,4,21,
9,18,15,30,22,19,14,16,6,20,0,15,12,39,20,9,27,5,15,13,22,
10,17,10,25,14,1,17,14,5,7,15,0,2,11,20,11,10,12,7,38,6,
11,4,0,26,15,25,0,9,28,29,12,2,0,15,8,2,14,0,18,0,31,
12,23,1,34,51,38,6,16,20,29,39,11,15,0,28,23,60,2,23,1,44,
13,7,3,25,24,11,13,10,10,19,20,20,8,28,0,11,25,2,4,10,17,
14,6,6,5,6,9,9,20,18,17,9,11,2,23,11,0,22,14,6,15,3,
15,13,1,31,50,28,1,16,31,27,27,10,14,60,25,22,0,1,21,2,34,
16,14,61,3,0,4,26,5,2,4,5,12,0,2,2,14,1,0,4,25,1,
17,7,0,15,24,21,3,16,17,11,15,7,18,23,4,6,21,4,0,1,20,
18,28,29,7,1,3,36,22,3,4,13,38,0,1,10,15,2,25,1,0,1,
19,10,0,23,60,35,5,7,14,21,22,6,31,44,17,3,34,1,20,1,0,
0,0,17,24,9,15,4,1,0,1,30,0,31,11,4,28,15,22,22,26,36,
1,17,0,78,31,38,21,4,19,5,1,1,2,14,31,3,17,3,6,19,5,
2,24,78,0,34,31,17,4,12,2,6,3,5,12,25,8,24,7,19,23,7,
3,9,31,34,0,21,26,8,18,10,6,7,5,18,21,5,33,6,8,20,3,
4,15,38,31,21,0,21,4,24,3,35,1,32,4,23,29,37,29,34,50,33,
5,4,21,17,26,21,0,46,61,51,1,13,0,38,18,5,37,3,5,15,1,
6,1,4,4,8,4,46,0,32,52,0,22,1,19,7,0,17,1,1,0,1,
7,0,19,12,18,24,61,32,0,27,2,24,1,31,19,1,31,1,4,14,0,
8,1,5,2,10,3,51,52,27,0,0,20,0,23,8,0,12,0,0,0,0,
9,30,1,6,6,35,1,0,2,0,0,0,44,22,7,65,26,35,53,32,46,
10,0,1,3,7,1,13,22,24,20,0,0,0,8,9,0,8,0,0,2,0,
11,31,2,5,5,32,0,1,1,0,44,0,0,12,1,56,12,43,45,43,46,
12,11,14,12,18,4,38,19,31,23,22,8,12,0,23,21,26,13,23,3,13,
13,4,31,25,21,23,18,7,19,8,7,9,1,23,0,4,24,7,3,11,4,
14,28,3,8,5,29,5,0,1,0,65,0,56,21,4,0,23,57,63,55,63,
15,15,17,24,33,37,37,17,31,12,26,8,12,26,24,23,0,22,22,31,25,
16,22,3,7,6,29,3,1,1,0,35,0,43,13,7,57,22,0,44,54,43,
17,22,6,19,8,34,5,1,4,0,53,0,45,23,3,63,22,44,0,47,34,
18,26,19,23,20,50,15,0,14,0,32,2,43,3,11,55,31,54,47,0,35,
19,36,5,7,3,33,1,1,0,0,46,0,46,13,4,63,25,43,34,35,0,
0,0,23,14,25,10,12,30,19,23,28,17,26,35,33,21,26,25,8,29,6,
1,23,0,20,27,20,9,36,8,20,64,8,23,27,23,28,24,43,34,30,16,
2,14,20,0,8,19,15,18,20,8,32,17,31,6,28,57,19,11,18,20,13,
3,25,27,8,0,3,1,19,26,49,23,30,33,43,41,5,24,20,7,41,4,
4,10,20,19,3,0,21,25,11,13,20,13,8,12,21,18,8,16,22,11,16,
5,12,9,15,1,21,0,8,1,5,5,7,17,10,11,15,5,8,8,21,35,
6,30,36,18,19,25,8,0,0,17,47,8,6,16,10,24,7,37,40,4,14,
7,19,8,20,26,11,1,0,0,53,21,58,32,34,32,14,34,4,4,19,2,
8,23,20,8,49,13,5,17,53,0,21,44,35,63,41,15,42,23,5,43,1,
9,28,64,32,23,20,5,47,21,21,0,14,23,16,21,34,26,56,26,15,12,
10,17,8,17,30,13,7,8,58,44,14,0,39,53,25,20,46,15,7,30,2,
11,26,23,31,33,8,17,6,32,35,23,39,0,47,54,38,39,24,5,40,3,
12,35,27,6,43,12,10,16,34,63,16,53,47,0,43,8,48,29,6,45,0,
13,33,23,28,41,21,11,10,32,41,21,25,54,43,0,34,50,18,5,60,6,
14,21,28,57,5,18,15,24,14,15,34,20,38,8,34,0,34,16,15,27,8,
15,26,24,19,24,8,5,7,34,42,26,46,39,48,50,34,0,19,4,42,6,
16,25,43,11,20,16,8,37,4,23,56,15,24,29,18,16,19,0,23,17,5,
17,8,34,18,7,22,8,40,4,5,26,7,5,6,5,15,4,23,0,5,13,
18,29,30,20,41,11,21,4,19,43,15,30,40,45,60,27,42,17,5,0,6,
19,6,16,13,4,16,35,14,2,1,12,2,3,0,6,8,6,5,13,6,0,
0,0,10,45,7,16,21,15,21,14,2,13,19,37,32,28,28,6,11,2,1,
1,10,0,9,28,8,10,16,10,28,10,20,13,14,3,7,9,14,21,7,18,
2,45,9,0,0,27,21,10,24,2,0,10,20,54,32,39,31,8,6,0,0,
3,7,28,0,0,16,3,51,20,20,31,11,3,2,2,3,2,13,7,41,33,
4,16,8,27,16,0,12,1,25,18,4,14,19,39,25,22,32,33,33,1,9,
5,21,10,21,3,12,0,13,7,9,0,11,22,35,19,16,25,7,9,0,1,
6,15,16,10,51,1,13,0,2,39,22,15,10,22,9,8,21,6,21,37,24,
7,21,10,24,20,25,7,2,0,12,10,15,13,12,15,12,14,9,21,18,19,
8,14,28,2,20,18,9,39,12,0,20,16,8,5,8,3,14,13,24,18,11,
9,2,10,0,31,4,0,22,10,20,0,1,0,0,0,0,1,0,1,64,49,
10,13,20,10,11,14,11,15,15,16,1,0,16,20,8,9,21,20,36,0,1,
11,19,13,20,3,19,22,10,13,8,0,16,0,31,25,20,40,6,12,1,10,
12,37,14,54,2,39,35,22,12,5,0,20,31,0,39,46,45,12,13,0,0,
13,32,3,32,2,25,19,9,15,8,0,8,25,39,0,37,40,5,14,0,0,
14,28,7,39,3,22,16,8,12,3,0,9,20,46,37,0,34,4,10,1,1,
15,28,9,31,2,32,25,21,14,14,1,21,40,45,40,34,0,16,27,1,0,
16,6,14,8,13,33,7,6,9,13,0,20,6,12,5,4,16,0,25,0,9,
17,11,21,6,7,33,9,21,21,24,1,36,12,13,14,10,27,25,0,0,3,
18,2,7,0,41,1,0,37,18,18,64,0,1,0,0,1,1,0,0,0,58,
19,1,18,0,33,9,1,24,19,11,49,1,10,0,0,1,0,9,3,58,0,
0,0,6,23,4,24,19,32,6,13,24,6,17,33,36,19,13,12,14,7,12,
1,6,0,1,30,6,27,12,34,26,4,34,4,3,0,2,26,8,18,16,14,
2,23,1,0,0,49,0,3,2,5,12,2,22,57,91,50,4,39,27,5,10,
3,4,30,0,0,3,40,8,46,15,6,32,3,1,0,3,22,2,23,21,11,
4,24,6,49,3,0,6,14,6,10,32,5,17,11,63,9,11,10,8,7,10,
5,19,27,0,40,6,0,31,54,35,7,64,6,4,0,14,40,5,33,30,25,
6,32,12,3,8,14,31,0,11,19,31,11,38,9,5,33,19,20,36,11,16,
7,6,34,2,46,6,54,11,0,28,7,48,1,5,0,5,32,5,20,40,20,
8,13,26,5,15,10,35,19,28,0,9,32,8,5,3,8,15,8,15,13,21,
9,24,4,12,6,32,7,31,7,9,0,10,35,24,19,25,21,37,14,14,28,
10,6,34,2,32,5,64,11,48,32,10,0,8,3,1,8,30,8,21,16,15,
11,17,4,22,3,17,6,38,1,8,35,8,0,19,16,27,25,35,21,5,40,
12,33,3,57,1,11,4,9,5,5,24,3,19,0,50,54,15,49,40,5,25,
13,36,0,91,0,63,0,5,0,3,19,1,16,50,0,42,8,38,33,0,2,
14,19,2,50,3,9,14,33,5,8,25,8,27,54,42,0,16,52,61,5,14,
15,13,26,4,22,11,40,19,32,15,21,30,25,15,8,16,0,35,2,20,35,
16,12,8,39,2,10,5,20,5,8,37,8,35,49,38,52,35,0,27,2,24,
17,14,18,27,23,8,33,36,20,15,14,21,21,40,33,61,2,27,0,8,9,
18,7,16,5,21,7,30,11,40,13,14,16,5,5,0,5,20,2,8,0,10,
19,12,14,10,11,10,25,16,20,21,28,15,40,25,2,14,35,24,9,10,0,
0,0,5,39,47,15,11,1,0,46,45,20,18,31,69,0,4,29,23,53,0,
1,5,0,5,1,17,26,27,24,8,5,20,21,2,8,12,20,20,23,4,25,
2,39,5,0,33,9,18,1,0,29,37,24,22,22,51,2,3,21,19,45,4,
3,47,1,33,0,7,22,2,0,38,32,15,12,34,68,0,1,18,17,67,2,
4,15,17,9,7,0,7,43,40,8,6,2,45,5,7,45,21,8,4,16,30,
5,11,26,18,22,7,0,9,12,6,10,30,27,5,20,15,16,4,37,24,10,
6,1,27,1,2,43,9,0,61,5,1,6,49,0,0,54,58,3,1,2,48,
7,0,24,0,0,40,12,61,0,9,2,2,46,1,0,64,47,1,3,1,48,
8,46,8,29,38,8,6,5,9,0,34,28,19,25,58,10,11,29,23,45,5,
9,45,5,37,32,6,10,1,2,34,0,23,6,15,48,3,1,13,21,53,0,
10,20,20,24,15,2,30,6,2,28,23,0,2,13,27,3,3,5,36,35,4,
11,18,21,22,12,45,27,49,46,19,6,2,0,13,13,46,27,12,0,11,40,
12,31,2,22,34,5,5,0,1,25,15,13,13,0,52,0,3,19,10,32,0,
13,69,8,51,68,7,20,0,0,58,48,27,13,52,0,0,6,30,23,63,2,
14,0,12,2,0,45,15,54,64,10,3,3,46,0,0,0,71,0,1,0,52,
15,4,20,3,1,21,16,58,47,11,1,3,27,3,6,71,0,17,7,3,39,
16,29,20,21,18,8,4,3,1,29,13,5,12,19,30,0,17,0,20,29,0,
17,23,23,19,17,4,37,1,3,23,21,36,0,10,23,1,7,20,0,29,7,
18,53,4,45,67,16,24,2,1,45,53,35,11,32,63,0,3,29,29,0,0,
19,0,25,4,2,30,10,48,48,5,0,4,40,0,2,52,39,0,7,0,0,
0,0,1,61,7,0,1,0,30,28,12,0,3,38,9,16,1,0,31,1,13,
1,1,0,2,23,44,20,33,2,8,24,38,37,1,34,24,51,59,4,35,2,
2,61,2,0,9,2,1,0,25,35,4,2,2,40,19,18,3,1,39,4,20,
3,7,23,9,0,22,45,40,17,7,16,28,29,5,16,44,22,20,1,34,1,
4,0,44,2,22,0,33,35,15,3,15,31,36,1,13,22,42,52,1,50,0,
5,1,20,1,45,33,0,68,12,1,10,47,27,1,23,44,37,24,0,55,0,
6,0,33,0,40,35,68,0,25,2,14,40,32,1,20,45,31,28,0,24,0,
7,30,2,25,17,15,12,25,0,5,14,21,10,13,19,20,6,9,7,14,4,
8,28,8,35,7,3,1,2,5,0,14,2,4,19,19,10,3,2,19,1,17,
9,12,24,4,16,15,10,14,14,14,0,10,29,15,32,13,25,22,10,15,1,
10,0,38,2,28,31,47,40,21,2,10,0,29,0,5,34,39,47,0,41,2,
11,3,37,2,29,36,27,32,10,4,29,29,0,1,25,32,34,48,4,30,0,
12,38,1,40,5,1,1,1,13,19,15,0,1,0,20,8,1,3,24,0,14,
13,9,34,19,16,13,23,20,19,19,32,5,25,20,0,11,13,29,4,27,4,
14,16,24,18,44,22,44,45,20,10,13,34,32,8,11,0,25,22,1,23,0,
15,1,51,3,22,42,37,31,6,3,25,39,34,1,13,25,0,39,1,34,1,
16,0,59,1,20,52,24,28,9,2,22,47,48,3,29,22,39,0,4,31,4,
17,31,4,39,1,1,0,0,7,19,10,0,4,24,4,1,1,4,0,0,40,
18,1,35,4,34,50,55,24,14,1,15,41,30,0,27,23,34,31,0,0,1,
19,13,2,20,1,0,0,0,4,17,1,2,0,14,4,0,1,4,40,1,0,
0,0,8,0,3,12,1,7,2,44,50,15,25,2,3,6,2,5,2,30,23,
1,8,0,33,44,14,36,44,47,21,30,37,5,31,13,28,45,35,39,25,20,
2,0,33,0,23,8,24,14,31,8,17,37,5,14,8,17,32,16,9,1,18,
3,3,44,23,0,17,47,59,62,9,18,37,18,44,9,49,46,42,42,3,36,
4,12,14,8,17,0,4,11,18,5,15,8,25,12,17,38,6,19,19,26,19,
5,1,36,24,47,4,0,47,35,9,13,36,13,36,5,27,33,37,33,1,32,
6,7,44,14,59,11,47,0,47,12,16,43,12,49,12,48,42,51,40,6,44,
7,2,47,31,62,18,35,47,0,2,20,48,12,41,16,29,41,41,31,6,26,
8,44,21,8,9,5,9,12,2,0,32,23,25,8,9,1,3,7,9,31,5,
9,50,30,17,18,15,13,16,20,32,0,39,10,14,14,4,9,8,9,29,3,
10,15,37,37,37,8,36,43,48,23,39,0,20,30,3,23,28,20,21,12,26,
11,25,5,5,18,25,13,12,12,25,10,20,0,7,13,25,1,22,3,29,23,
12,2,31,14,44,12,36,49,41,8,14,30,7,0,15,34,23,49,24,3,29,
13,3,13,8,9,17,5,12,16,9,14,3,13,15,0,19,13,14,9,8,6,
14,6,28,17,49,38,27,48,29,1,4,23,25,34,19,0,30,46,52,9,49,
15,2,45,32,46,6,33,42,41,3,9,28,1,23,13,30,0,29,38,3,17,
16,5,35,16,42,19,37,51,41,7,8,20,22,49,14,46,29,0,46,10,27,
17,2,39,9,42,19,33,40,31,9,9,21,3,24,9,52,38,46,0,8,29,
18,30,25,1,3,26,1,6,6,31,29,12,29,3,8,9,3,10,8,0,14,
19,23,20,18,36,19,32,44,26,5,3,26,23,29,6,49,17,27,29,14,0,
0,0,10,4,30,0,2,14,41,1,39,28,28,10,45,21,12,2,37,34,0,
1,10,0,48,7,35,57,54,7,37,5,18,9,42,11,48,32,56,15,13,41,
2,4,48,0,8,29,28,24,4,30,1,11,11,27,5,28,33,44,10,11,25,
3,30,7,8,0,2,2,10,28,0,24,16,17,5,33,9,7,0,25,12,1,
4,0,35,29,2,0,38,31,2,33,0,1,0,12,0,21,18,44,2,2,52,
5,2,57,28,2,38,0,32,4,44,1,2,2,30,1,36,23,44,5,3,49,
6,14,54,24,10,31,32,0,6,26,7,15,7,33,10,26,33,36,15,9,25,
7,41,7,4,28,2,4,6,0,4,41,16,24,17,46,5,7,1,37,25,1,
8,1,37,30,0,33,44,26,4,0,3,1,5,45,6,44,32,31,2,4,49,
9,39,5,1,24,0,1,7,41,3,0,30,24,4,44,10,5,0,39,26,0,
10,28,18,11,16,1,2,15,16,1,30,0,20,20,28,14,13,4,21,22,2,
11,28,9,11,17,0,2,7,24,5,24,20,0,4,33,14,7,2,23,22,1,
12,10,42,27,5,12,30,33,17,45,4,20,4,0,7,37,34,30,5,7,30,
13,45,11,5,33,0,1,10,46,6,44,28,33,7,0,8,9,0,49,29,2,
14,21,48,28,9,21,36,26,5,44,10,14,14,37,8,0,26,21,7,14,31,
15,12,32,33,7,18,23,33,7,32,5,13,7,34,9,26,0,20,6,9,18,
16,2,56,44,0,44,44,36,1,31,0,4,2,30,0,21,20,0,9,4,38,
17,37,15,10,25,2,5,15,37,2,39,21,23,5,49,7,6,9,0,36,1,
18,34,13,11,12,2,3,9,25,4,26,22,22,7,29,14,9,4,36,0,0,
19,0,41,25,1,52,49,25,1,49,0,2,1,30,2,31,18,38,1,0,0,
0,0,23,50,32,36,27,12,32,18,12,9,32,16,33,33,31,17,20,66,34,
1,23,0,15,14,6,33,17,3,9,25,35,22,38,26,17,41,10,9,38,38,
2,50,15,0,42,22,21,8,13,9,20,7,16,7,17,29,24,15,17,56,32,
3,32,14,42,0,23,30,9,14,15,9,1,17,17,17,31,15,10,17,43,16,
4,36,6,22,23,0,15,3,30,21,4,1,15,20,31,30,13,20,13,29,15,
5,27,33,21,30,15,0,10,19,13,15,5,23,8,10,25,26,23,13,29,44,
6,12,17,8,9,3,10,0,2,0,21,33,7,15,17,3,10,4,1,15,21,
7,32,3,13,14,30,19,2,0,32,4,3,22,21,30,28,8,37,32,16,30,
8,18,9,9,15,21,13,0,32,0,1,1,31,11,20,25,21,22,20,22,31,
9,12,25,20,9,4,15,21,4,1,0,35,10,15,9,12,2,5,0,11,11,
10,9,35,7,1,1,5,33,3,1,35,0,10,20,16,8,11,8,2,11,9,
11,32,22,16,17,15,23,7,22,31,10,10,0,12,10,15,25,14,10,20,28,
12,16,38,7,17,20,8,15,21,11,15,20,12,0,34,8,14,14,14,20,3,
13,33,26,17,17,31,10,17,30,20,9,16,10,34,0,21,24,7,14,28,15,
14,33,17,29,31,30,25,3,28,25,12,8,15,8,21,0,17,23,21,41,21,
15,31,41,24,15,13,26,10,8,21,2,11,25,14,24,17,0,14,24,41,36,
16,17,10,15,10,20,23,4,37,22,5,8,14,14,7,23,14,0,17,15,36,
17,20,9,17,17,13,13,1,32,20,0,2,10,14,14,21,24,17,0,23,15,
18,66,38,56,43,29,29,15,16,22,11,11,20,20,28,41,41,15,23,0,40,
19,34,38,32,16,15,44,21,30,31,11,9,28,3,15,21,36,36,15,40,0,
0,0,13,1,2,14,30,10,8,5,21,27,4,11,1,23,9,27,17,20,19,
1,13,0,19,9,29,35,33,34,49,22,9,6,21,27,10,4,13,18,6,9,
2,1,19,0,52,52,3,24,10,28,10,0,74,9,46,6,50,12,11,4,0,
3,2,9,52,0,16,4,15,10,2,4,2,42,20,19,6,32,13,7,1,1,
4,14,29,52,16,0,14,34,6,41,11,4,30,18,40,8,28,13,20,0,4,
5,30,35,3,4,14,0,17,20,23,22,13,8,12,8,10,7,13,15,7,10,
6,10,33,24,15,34,17,0,25,22,16,4,19,25,31,14,19,13,30,2,4,
7,8,34,10,10,6,20,25,0,18,11,1,4,21,15,8,14,12,16,3,4,
8,5,49,28,2,41,23,22,18,0,8,0,3,40,46,7,14,4,27,0,6,
9,21,22,10,4,11,22,16,11,8,0,17,15,7,12,17,6,6,13,15,16,
10,27,9,0,2,4,13,4,1,0,17,0,2,3,3,39,0,27,13,25,29,
11,4,6,74,42,30,8,19,4,3,15,2,0,26,15,11,51,3,5,4,0,
12,11,21,9,20,18,12,25,21,40,7,3,26,0,18,11,21,10,17,1,0,
13,1,27,46,19,40,8,31,15,46,12,3,15,18,0,4,13,7,23,0,0,
14,23,10,6,6,8,10,14,8,7,17,39,11,11,4,0,13,21,25,25,28,
15,9,4,50,32,28,7,19,14,14,6,0,51,21,13,13,0,5,11,3,1,
16,27,13,12,13,13,13,13,12,4,6,27,3,10,7,21,5,0,13,20,22,
17,17,18,11,7,20,15,30,16,27,13,13,5,17,23,25,11,13,0,9,8,
18,20,6,4,1,0,7,2,3,0,15,25,4,1,0,25,3,20,9,0,36,
19,19,9,0,1,4,10,4,4,6,16,29,0,0,0,28,1,22,8,36,0,
0,0,31,38,1,2,0,34,2,0,1,3,0,0,26,16,34,15,1,11,26,
1,31,0,42,0,0,0,46,1,2,1,4,0,0,35,32,34,18,1,6,11,
2,38,42,0,1,3,1,54,0,6,3,1,0,2,22,20,39,18,6,8,12,
3,1,0,1,0,66,77,2,66,47,74,26,71,44,0,0,0,20,62,10,46,
4,2,0,3,66,0,79,11,59,60,67,25,61,39,3,2,3,17,43,17,46,
5,0,0,1,77,79,0,7,64,49,49,26,63,44,0,0,1,14,40,13,31,
6,34,46,54,2,11,7,0,5,13,4,4,2,2,32,22,37,20,9,15,23,
7,2,1,0,66,59,64,5,0,57,65,18,55,41,1,1,2,25,48,11,49,
8,0,2,6,47,60,49,13,57,0,56,35,39,26,7,4,5,15,19,19,44,
9,1,1,3,74,67,49,4,65,56,0,28,63,53,2,1,1,15,34,16,52,
10,3,4,1,26,25,26,4,18,35,28,0,26,26,7,4,3,18,37,28,19,
11,0,0,0,71,61,63,2,55,39,63,26,0,41,7,1,2,18,34,8,30,
12,0,0,2,44,39,44,2,41,26,53,26,41,0,3,1,2,15,28,17,29,
13,26,35,22,0,3,0,32,1,7,2,7,7,3,0,33,35,29,1,17,9,
14,16,32,20,0,2,0,22,1,4,1,4,1,1,33,0,38,8,1,11,15,
15,34,34,39,0,3,1,37,2,5,1,3,2,2,35,38,0,19,3,6,13,
16,15,18,18,20,17,14,20,25,15,15,18,18,15,29,8,19,0,31,12,13,
17,1,1,6,62,43,40,9,48,19,34,37,34,28,1,1,3,31,0,20,13,
18,11,6,8,10,17,13,15,11,19,16,28,8,17,17,11,6,12,20,0,16,
19,26,11,12,46,46,31,23,49,44,52,19,30,29,9,15,13,13,13,16,0,
0,0,0,0,16,53,55,36,3,1,22,11,22,1,26,4,17,18,1,6,33,
1,0,0,13,1,10,0,10,28,26,12,34,4,16,0,29,11,17,34,25,24,
2,0,13,0,1,10,0,4,40,54,1,36,0,18,0,16,0,2,33,12,6,
3,16,1,1,0,43,73,7,0,2,4,2,8,0,75,0,4,24,1,4,10,
4,53,10,10,43,0,64,32,9,17,10,27,18,7,47,21,11,31,5,25,18,
5,55,0,0,73,64,0,17,0,1,9,3,15,3,71,3,4,31,6,5,16,
6,36,10,4,7,32,17,0,5,6,40,7,27,8,6,13,24,20,2,6,50,
7,3,28,40,0,9,0,5,0,70,1,43,0,34,0,40,6,4,41,20,1,
8,1,26,54,2,17,1,6,70,0,7,66,2,21,0,46,3,6,39,41,3,
9,22,12,1,4,10,9,40,1,7,0,8,6,5,1,28,21,20,4,31,69,
10,11,34,36,2,27,3,7,43,66,8,0,7,20,1,20,2,5,31,9,7,
11,22,4,0,8,18,15,27,0,2,6,7,0,4,11,13,18,9,1,8,20,
12,1,16,18,0,7,3,8,34,21,5,20,4,0,0,13,1,6,13,20,7,
13,26,0,0,75,47,71,6,0,0,1,1,11,0,0,1,4,23,0,0,6,
14,4,29,16,0,21,3,13,40,46,28,20,13,13,1,0,14,23,21,56,14,
15,17,11,0,4,11,4,24,6,3,21,2,18,1,4,14,0,20,4,17,29,
16,18,17,2,24,31,31,20,4,6,20,5,9,6,23,23,20,0,3,10,32,
17,1,34,33,1,5,6,2,41,39,4,31,1,13,0,21,4,3,0,15,7,
18,6,25,12,4,25,5,6,20,41,31,9,8,20,0,56,17,10,15,0,17,
19,33,24,6,10,18,16,50,1,3,69,7,20,7,6,14,29,32,7,17,0,
0,0,2,22,8,20,16,18,0,8,12,17,8,0,0,4,11,0,0,0,18,
1,2,0,1,3,8,2,4,62,0,16,9,29,63,38,19,0,41,58,31,9,
2,22,1,0,9,10,7,17,0,20,8,12,5,0,1,5,16,0,0,4,18,
3,8,3,9,0,14,14,34,0,12,8,9,21,1,1,10,10,0,1,3,17,
4,20,8,10,14,0,34,47,8,8,17,7,35,2,4,24,6,4,2,2,20,
5,16,2,7,14,34,0,34,1,2,15,7,37,1,2,28,9,2,1,2,10,
6,18,4,17,34,47,34,0,1,14,18,9,35,2,1,27,15,0,5,10,28,
7,0,62,0,0,8,1,1,0,0,7,4,13,83,53,8,0,49,85,50,1,
8,8,0,20,12,8,2,14,0,0,6,13,9,0,2,14,25,0,0,0,7,
9,12,16,8,8,17,15,18,7,6,0,15,21,10,16,45,9,15,18,13,15,
10,17,9,12,9,7,7,9,4,13,15,0,20,9,13,26,14,7,9,12,3,
11,8,29,5,21,35,37,35,13,9,21,20,0,13,7,35,9,4,4,20,21,
12,0,63,0,1,2,1,2,83,0,10,9,13,0,57,5,0,62,83,43,2,
13,0,38,1,1,4,2,1,53,2,16,13,7,57,0,20,1,41,70,43,3,
14,4,19,5,10,24,28,27,8,14,45,26,35,5,20,0,8,6,10,10,8,
15,11,0,16,10,6,9,15,0,25,9,14,9,0,1,8,0,2,1,7,11,
16,0,41,0,0,4,2,0,49,0,15,7,4,62,41,6,2,0,58,23,1,
17,0,58,0,1,2,1,5,85,0,18,9,4,83,70,10,1,58,0,47,3,
18,0,31,4,3,2,2,10,50,0,13,12,20,43,43,10,7,23,47,0,9,
19,18,9,18,17,20,10,28,1,7,15,3,21,2,3,8,11,1,3,9,0,
0,0,26,15,11,10,12,4,6,14,6,5,10,14,16,13,14,14,28,24,17,
1,26,0,10,3,8,45,2,2,47,13,6,18,13,28,20,40,57,13,14,7,
2,15,10,0,5,1,12,8,9,36,24,34,19,19,30,16,9,31,3,2,11,
3,11,3,5,0,5,4,40,17,12,13,13,20,6,6,12,2,3,20,19,19,
4,10,8,1,5,0,11,15,4,4,5,10,4,4,0,2,18,11,21,12,27,
5,12,45,12,4,11,0,4,5,56,0,6,3,19,22,5,31,53,8,8,7,
6,4,2,8,40,15,4,0,28,12,24,15,20,23,7,26,1,6,9,18,18,
7,6,2,9,17,4,5,28,0,2,15,5,9,11,7,16,1,7,14,15,9,
8,14,47,36,12,4,56,12,2,0,28,36,17,11,40,18,46,77,1,9,2,
9,6,13,24,13,5,0,24,15,28,0,29,32,13,25,23,4,21,7,9,9,
10,5,6,34,13,10,6,15,5,36,29,0,15,18,25,17,6,13,8,4,16,
11,10,18,19,20,4,3,20,9,17,32,15,0,13,12,15,3,22,16,7,7,
12,14,13,19,6,4,19,23,11,11,13,18,13,0,27,10,12,21,3,7,5,
13,16,28,30,6,0,22,7,7,40,25,25,12,27,0,21,17,39,0,5,5,
14,13,20,16,12,2,5,26,16,18,23,17,15,10,21,0,8,22,19,17,15,
15,14,40,9,2,18,31,1,1,46,4,6,3,12,17,8,0,46,10,11,24,
16,14,57,31,3,11,53,6,7,77,21,13,22,21,39,22,46,0,7,11,8,
17,28,13,3,20,21,8,9,14,1,7,8,16,3,0,19,10,7,0,20,23,
18,24,14,2,19,12,8,18,15,9,9,4,7,7,5,17,11,11,20,0,20,
19,17,7,11,19,27,7,18,9,2,9,16,7,5,5,15,24,8,23,20,0,
0,0,0,44,35,19,1,16,34,35,0,0,45,25,40,0,32,0,59,20,17,
1,0,0,0,0,11,39,14,0,0,54,87,1,15,1,59,0,76,0,13,35,
2,44,0,0,32,22,0,19,21,42,0,0,28,18,32,0,35,0,45,26,6,
3,35,0,32,0,8,0,30,26,23,1,1,35,17,36,0,23,1,37,31,34,
4,19,11,22,8,0,10,22,10,24,13,9,9,21,16,8,23,9,26,31,1,
5,1,39,0,0,10,0,12,0,0,26,33,1,15,1,38,1,43,10,17,18,
6,16,14,19,30,22,12,0,12,20,24,19,31,50,13,20,31,27,30,41,5,
7,34,0,21,26,10,0,12,0,26,0,0,30,9,32,0,21,1,46,21,10,
8,35,0,42,23,24,0,20,26,0,0,0,45,23,32,0,26,0,49,38,17,
9,0,54,0,1,13,26,24,0,0,0,64,2,26,0,42,0,67,0,13,37,
10,0,87,0,1,9,33,19,0,0,64,0,0,27,0,53,0,74,0,18,22,
11,45,1,28,35,9,1,31,30,45,2,0,0,20,32,0,37,1,50,24,20,
12,25,15,18,17,21,15,50,9,23,26,27,20,0,8,29,28,32,25,38,3,
13,40,1,32,36,16,1,13,32,32,0,0,32,8,0,1,23,1,51,21,27,
14,0,59,0,0,8,38,20,0,0,42,53,0,29,1,0,0,57,0,14,34,
15,32,0,35,23,23,1,31,21,26,0,0,37,28,23,0,0,0,54,27,7,
16,0,76,0,1,9,43,27,1,0,67,74,1,32,1,57,0,0,1,8,33,
17,59,0,45,37,26,10,30,46,49,0,0,50,25,51,0,54,1,0,41,33,
18,20,13,26,31,31,17,41,21,38,13,18,24,38,21,14,27,8,41,0,1,
19,17,35,6,34,1,18,5,10,17,37,22,20,3,27,34,7,33,33,1,0,
0,0,2,19,34,30,20,17,16,15,6,0,14,25,20,40,1,18,10,30,51,
1,2,0,3,1,0,17,10,1,12,19,58,11,0,2,2,61,6,34,0,2,
2,19,3,0,21,7,21,10,12,19,18,1,21,10,7,11,5,23,13,11,19,
3,34,1,21,0,18,30,8,31,33,17,2,42,17,12,26,4,15,15,19,36,
4,30,0,7,18,0,18,7,27,14,10,0,17,26,31,42,1,13,7,40,31,
5,20,17,21,30,18,0,24,36,29,14,7,28,18,16,34,11,8,11,16,24,
6,17,10,10,8,7,24,0,11,6,1,22,12,13,7,11,16,5,25,5,8,
7,16,1,12,31,27,36,11,0,26,21,0,40,10,17,29,0,5,7,9,19,
8,15,12,19,33,14,29,6,26,0,17,9,42,8,6,6,18,16,15,9,13,
9,6,19,18,17,10,14,1,21,17,0,12,21,9,5,10,16,5,16,3,12,
