Node/Edge,1000,14387
Step/Entity,1600,30
meet_step
0,0,6,7,22,7,29,0,17,14,10,7,5,2,22,22,9,0,6,0,4,0,0,0,0,8,0,1,12,5,8,
1,6,0,9,8,2,7,1,14,5,1,5,68,3,12,4,2,0,7,9,8,3,1,5,9,9,0,6,3,7,3,
2,7,9,0,3,2,17,1,8,7,1,5,12,2,14,5,5,1,3,10,11,3,7,4,0,7,4,4,11,4,6,
3,22,8,3,0,2,26,0,16,17,8,5,7,0,21,38,19,0,4,4,7,2,0,3,1,6,2,1,23,6,19,
4,7,2,2,2,0,17,0,13,17,6,7,6,0,14,8,13,0,5,1,10,1,0,1,1,8,0,0,10,7,12,
5,29,7,17,26,17,0,1,47,47,19,11,16,0,88,42,19,0,8,4,24,0,0,3,0,18,1,2,30,15,33,
6,0,1,1,0,0,1,0,1,0,0,1,1,11,0,0,0,8,0,5,1,23,21,10,25,0,32,14,0,1,0,
7,17,14,8,16,13,47,1,0,43,15,5,23,1,58,27,18,0,10,3,17,0,0,1,0,46,1,2,19,12,27,
8,14,5,7,17,17,47,0,43,0,12,15,8,1,48,26,15,0,5,9,19,0,0,3,1,18,3,2,28,11,17,
9,10,1,1,8,6,19,0,15,12,0,42,4,0,16,4,12,0,8,2,6,0,0,1,0,6,1,1,10,7,21,
10,7,5,5,5,7,11,1,5,15,42,0,2,1,12,8,2,0,4,0,7,0,0,0,0,10,0,0,4,4,9,
11,5,68,12,7,6,16,1,23,8,4,2,0,2,20,11,9,0,7,8,6,0,0,4,0,19,1,4,4,5,14,
12,2,3,2,0,0,0,11,1,1,0,1,2,0,2,0,0,2,1,6,2,15,22,8,11,0,5,19,0,3,1,
13,22,12,14,21,14,88,0,58,48,16,12,20,2,0,52,27,0,6,4,18,0,1,6,0,30,3,2,25,21,35,
14,22,4,5,38,8,42,0,27,26,4,8,11,0,52,0,16,0,4,2,11,0,0,2,0,22,0,3,18,6,19,
15,9,2,5,19,13,19,0,18,15,12,2,9,0,27,16,0,0,5,2,8,0,0,1,1,16,0,2,18,9,12,
16,0,0,1,0,0,0,8,0,0,0,0,0,2,0,0,0,0,0,0,0,16,17,0,5,0,10,4,0,0,0,
17,6,7,3,4,5,8,0,10,5,8,4,7,1,6,4,5,0,0,4,4,1,0,2,1,10,0,3,2,0,7,
18,0,9,10,4,1,4,5,3,9,2,0,8,6,4,2,2,0,4,0,4,6,12,8,5,4,11,6,1,3,4,
19,4,8,11,7,10,24,1,17,19,6,7,6,2,18,11,8,0,4,4,0,1,1,3,2,16,0,1,11,6,13,
20,0,3,3,2,1,0,23,0,0,0,0,0,15,0,0,0,16,1,6,1,0,52,11,27,0,24,25,0,0,0,
21,0,1,7,0,0,0,21,0,0,0,0,0,22,1,0,0,17,0,12,1,52,0,11,28,0,30,17,0,2,1,
22,0,5,4,3,1,3,10,1,3,1,0,4,8,6,2,1,0,2,8,3,11,11,0,8,8,10,12,1,2,2,
23,0,9,0,1,1,0,25,0,1,0,0,0,11,0,0,1,5,1,5,2,27,28,8,0,1,20,12,0,2,1,
24,8,9,7,6,8,18,0,46,18,6,10,19,0,30,22,16,0,10,4,16,0,0,8,1,0,0,1,8,4,12,
25,0,0,4,2,0,1,32,1,3,1,0,1,5,3,0,0,10,0,11,0,24,30,10,20,0,0,12,1,1,0,
26,1,6,4,1,0,2,14,2,2,1,0,4,19,2,3,2,4,3,6,1,25,17,12,12,1,12,0,0,2,2,
27,12,3,11,23,10,30,0,19,28,10,4,4,0,25,18,18,0,2,1,11,0,0,1,0,8,1,0,0,11,11,
28,5,7,4,6,7,15,1,12,11,7,4,5,3,21,6,9,0,0,3,6,0,2,2,2,4,1,2,11,0,10,
29,8,3,6,19,12,33,0,27,17,21,9,14,1,35,19,12,0,7,4,13,0,1,2,1,12,0,2,11,10,0,
0,0,0,3,6,1,23,3,0,6,7,0,15,9,7,3,8,11,5,1,8,7,31,2,6,1,4,3,14,24,7,
1,0,0,22,0,6,4,28,7,8,0,11,0,0,1,16,4,36,0,10,0,0,3,12,0,15,26,1,0,4,12,
2,3,22,0,1,7,13,27,7,7,1,17,1,1,0,14,5,39,1,9,4,1,1,23,0,9,40,1,1,3,25,
3,6,0,1,0,0,0,0,0,1,10,2,36,19,25,0,2,1,23,0,14,22,6,0,8,0,1,13,19,8,1,
4,1,6,7,0,0,1,10,7,8,1,8,0,0,0,10,0,13,0,5,0,0,2,5,0,8,10,0,0,0,7,
5,23,4,13,0,1,0,4,0,6,3,5,2,2,3,1,7,19,2,5,2,1,13,6,0,1,14,3,4,10,13,
6,3,28,27,0,10,4,0,9,5,2,15,1,0,1,13,4,41,1,8,0,1,0,15,0,10,25,0,0,1,15,
7,0,7,7,0,7,0,9,0,3,1,8,0,0,1,15,0,19,0,4,1,0,0,20,0,16,21,0,0,0,4,
8,6,8,7,1,8,6,5,3,0,2,1,1,1,0,10,0,22,0,36,1,0,0,11,0,2,10,0,2,3,8,
9,7,0,1,10,1,3,2,1,2,0,2,18,15,18,1,11,0,14,0,6,8,8,0,8,0,1,6,13,11,1,
10,0,11,17,2,8,5,15,8,1,2,0,0,0,0,15,1,23,1,2,0,0,2,13,0,25,19,0,0,1,2,
11,15,0,1,36,0,2,1,0,1,18,0,0,37,32,0,7,0,31,1,15,19,2,0,12,0,0,16,23,8,0,
12,9,0,1,19,0,2,0,0,1,15,0,37,0,23,0,4,0,41,0,15,22,7,0,17,0,0,22,30,8,0,
13,7,1,0,25,0,3,1,1,0,18,0,32,23,0,1,9,1,41,1,14,12,2,0,7,2,0,19,27,17,0,
14,3,16,14,0,10,1,13,15,10,1,15,0,0,1,0,0,27,0,5,0,0,2,26,0,20,21,0,0,0,7,
15,8,4,5,2,0,7,4,0,0,11,1,7,4,9,0,0,5,8,2,7,7,5,2,1,1,8,6,9,5,2,
16,11,36,39,1,13,19,41,19,22,0,23,0,0,1,27,5,0,0,10,1,0,5,22,0,27,75,0,0,2,36,
17,5,0,1,23,0,2,1,0,0,14,1,31,41,41,0,8,0,0,0,31,29,1,0,21,0,0,31,35,5,1,
18,1,10,9,0,5,5,8,4,36,0,2,1,0,1,5,2,10,0,0,0,0,2,3,0,3,10,0,0,3,13,
19,8,0,4,14,0,2,0,1,1,6,0,15,15,14,0,7,1,31,0,0,10,4,0,6,0,0,19,26,8,1,
20,7,0,1,22,0,1,1,0,0,8,0,19,22,12,0,7,0,29,0,10,0,2,0,22,0,0,18,29,10,0,
21,31,3,1,6,2,13,0,0,0,8,2,2,7,2,2,5,5,1,2,4,2,0,1,1,0,1,2,5,15,4,
22,2,12,23,0,5,6,15,20,11,0,13,0,0,0,26,2,22,0,3,0,0,1,0,0,16,20,0,1,0,2,
23,6,0,0,8,0,0,0,0,0,8,0,12,17,7,0,1,0,21,0,6,22,1,0,0,0,0,20,22,1,0,
24,1,15,9,0,8,1,10,16,2,0,25,0,0,2,20,1,27,0,3,0,0,0,16,0,0,16,0,0,2,5,
25,4,26,40,1,10,14,25,21,10,1,19,0,0,0,21,8,75,0,10,0,0,1,20,0,16,0,0,0,2,23,
26,3,1,1,13,0,3,0,0,0,6,0,16,22,19,0,6,0,31,0,19,18,2,0,20,0,0,0,39,7,0,
27,14,0,1,19,0,4,0,0,2,13,0,23,30,27,0,9,0,35,0,26,29,5,1,22,0,0,39,0,9,0,
28,24,4,3,8,0,10,1,0,3,11,1,8,8,17,0,5,2,5,3,8,10,15,0,1,2,2,7,9,0,3,
29,7,12,25,1,7,13,15,4,8,1,2,0,0,0,7,2,36,1,13,1,0,4,2,0,5,23,0,0,3,0,
0,0,4,24,7,14,24,19,2,3,6,32,25,3,1,37,1,3,7,48,1,21,5,19,4,11,13,3,12,1,4,
1,4,0,2,10,13,1,4,0,7,3,7,3,6,0,5,0,17,6,3,16,3,17,1,7,0,3,14,2,0,20,
2,24,2,0,6,2,17,29,5,2,5,8,9,3,7,18,3,0,6,16,0,10,3,12,0,9,2,2,19,2,3,
3,7,10,6,0,2,4,1,1,2,1,4,1,5,0,3,0,4,4,4,11,3,9,0,13,1,0,11,1,1,13,
4,14,13,2,2,0,3,6,0,2,2,13,9,2,0,13,0,2,16,13,1,5,8,2,1,2,8,3,4,0,8,
5,24,1,17,4,3,0,16,13,0,4,33,12,0,5,30,4,4,5,24,3,14,2,10,2,10,9,0,13,2,0,
6,19,4,29,1,6,16,0,6,3,5,13,15,2,4,26,2,3,3,24,0,16,2,16,2,13,10,1,8,1,4,
7,2,0,5,1,0,13,6,0,0,27,3,1,0,29,4,28,0,1,0,0,3,0,13,0,3,3,0,10,15,1,
8,3,7,2,2,2,0,3,0,0,0,0,1,4,0,4,0,11,5,3,3,1,6,0,4,2,0,4,3,2,7,
9,6,3,5,1,2,4,5,27,0,0,7,2,1,29,8,29,0,3,2,0,2,0,12,0,5,1,2,15,13,2,
10,32,7,8,4,13,33,13,3,0,7,0,16,2,5,43,0,2,5,28,2,18,3,17,2,9,11,3,24,2,2,
11,25,3,9,1,9,12,15,1,1,2,16,0,3,2,33,1,2,6,23,4,13,3,4,2,4,16,3,8,0,2,
12,3,6,3,5,2,0,2,0,4,1,2,3,0,0,2,1,14,1,1,5,3,4,1,24,0,1,7,3,0,2,
13,1,0,7,0,0,5,4,29,0,29,5,2,0,0,7,38,0,0,2,0,3,0,11,0,2,0,0,3,43,2,
14,37,5,18,3,13,30,26,4,4,8,43,33,2,7,0,0,3,12,52,3,19,1,15,1,13,14,4,15,2,3,
15,1,0,3,0,0,4,2,28,0,29,0,1,1,38,0,0,0,0,2,0,2,0,11,0,3,0,0,9,36,0,
16,3,17,0,4,2,4,3,0,11,0,2,2,14,0,3,0,0,3,1,9,2,5,0,15,4,0,27,0,0,9,
17,7,6,6,4,16,5,3,1,5,3,5,6,1,0,12,0,3,0,7,7,6,8,0,2,4,9,9,5,0,1,
18,48,3,16,4,13,24,24,0,3,2,28,23,1,2,52,2,1,7,0,7,25,9,13,3,18,13,3,10,3,3,
19,1,16,0,11,1,3,0,0,3,0,2,4,5,0,3,0,9,7,7,0,1,18,0,6,1,1,5,1,0,19,
20,21,3,10,3,5,14,16,3,1,2,18,13,3,3,19,2,2,6,25,1,0,3,5,2,20,6,2,12,3,2,
21,5,17,3,9,8,2,2,0,6,0,3,3,4,0,1,0,5,8,9,18,3,0,0,8,8,4,8,4,2,13,
22,19,1,12,0,2,10,16,13,0,12,17,4,1,11,15,11,0,0,13,0,5,0,0,1,5,3,0,30,4,2,
23,4,7,0,13,1,2,2,0,4,0,2,2,24,0,1,0,15,2,3,6,2,8,1,0,0,1,12,2,0,6,
24,11,0,9,1,2,10,13,3,2,5,9,4,0,2,13,3,4,4,18,1,20,8,5,0,0,3,1,13,5,3,
25,13,3,2,0,8,9,10,3,0,1,11,16,1,0,14,0,0,9,13,1,6,4,3,1,3,0,2,3,0,8,
26,3,14,2,11,3,0,1,0,4,2,3,3,7,0,4,0,27,9,3,5,2,8,0,12,1,2,0,1,0,12,
27,12,2,19,1,4,13,8,10,3,15,24,8,3,3,15,9,0,5,10,1,12,4,30,2,13,3,1,0,8,2,
28,1,0,2,1,0,2,1,15,2,13,2,0,0,43,2,36,0,0,3,0,3,2,4,0,5,0,0,8,0,1,
29,4,20,3,13,8,0,4,1,7,2,2,2,2,2,3,0,9,1,3,19,2,13,2,6,3,8,12,2,1,0,
0,0,1,0,12,5,25,10,18,4,6,3,0,1,0,2,1,15,9,16,1,11,21,11,12,0,18,2,2,7,12,
1,1,0,2,2,0,0,3,8,2,5,15,7,4,9,20,24,4,3,5,11,1,6,5,1,3,6,22,8,2,2,
2,0,2,0,1,0,1,0,1,0,0,10,43,1,18,8,2,0,1,0,13,1,2,2,0,21,4,7,2,0,1,
3,12,2,1,0,9,10,13,33,7,9,2,0,8,1,2,0,10,6,26,0,5,32,13,10,0,23,3,1,6,16,
4,5,0,0,9,0,7,10,15,7,11,0,0,7,0,2,3,8,10,11,2,10,22,9,9,0,21,1,2,4,12,
5,25,0,1,10,7,0,3,20,11,19,0,0,2,0,2,0,23,8,17,0,5,16,8,8,0,22,0,1,8,14,
6,10,3,0,13,10,3,0,26,12,18,3,2,16,2,5,2,4,11,6,0,4,24,14,11,0,26,6,8,3,10,
7,18,8,1,33,15,20,26,0,21,38,3,1,16,7,17,9,23,53,32,4,23,95,45,24,1,88,14,5,9,39,
8,4,2,0,7,7,11,12,21,0,27,1,0,6,0,4,1,3,16,17,0,7,17,17,7,0,21,2,2,10,13,
9,6,5,0,9,11,19,18,38,27,0,9,2,6,3,11,11,15,46,19,2,5,31,30,11,1,42,4,4,8,22,
10,3,15,10,2,0,0,3,3,1,9,0,11,5,11,32,21,3,5,2,11,1,7,5,0,4,11,26,11,0,0,
11,0,7,43,0,0,0,2,1,0,2,11,0,0,25,10,6,1,0,0,8,0,2,2,0,12,2,8,2,0,1,
12,1,4,1,8,7,2,16,16,6,6,5,0,0,2,8,5,4,14,7,3,9,11,11,3,0,14,5,0,1,6,
13,0,9,18,1,0,0,2,7,0,3,11,25,2,0,16,4,0,2,0,13,0,2,1,0,15,5,13,3,1,1,
14,2,20,8,2,2,2,5,17,4,11,32,10,8,16,0,28,9,12,6,29,1,17,14,3,0,15,53,15,2,7,
15,1,24,2,0,3,0,2,9,1,11,21,6,5,4,28,0,7,6,0,15,2,10,6,1,0,13,10,15,5,5,
16,15,4,0,10,8,23,4,23,3,15,3,1,4,0,9,7,0,10,10,0,3,19,10,7,0,24,2,2,9,17,
17,9,3,1,6,10,8,11,53,16,46,5,0,14,2,12,6,10,0,19,2,5,29,25,6,1,43,3,4,11,32,
18,16,5,0,26,11,17,6,32,17,19,2,0,7,0,6,0,10,19,0,2,9,28,15,8,0,23,4,3,8,23,
19,1,11,13,0,2,0,0,4,0,2,11,8,3,13,29,15,0,2,2,0,0,5,4,0,2,6,27,11,0,2,
20,11,1,1,5,10,5,4,23,7,5,1,0,9,0,1,2,3,5,9,0,0,33,17,1,0,18,1,4,5,12,
21,21,6,2,32,22,16,24,95,17,31,7,2,11,2,17,10,19,29,28,5,33,0,51,24,1,90,8,15,11,44,
22,11,5,2,13,9,8,14,45,17,30,5,2,11,1,14,6,10,25,15,4,17,51,0,8,0,44,1,8,12,24,
23,12,1,0,10,9,8,11,24,7,11,0,0,3,0,3,1,7,6,8,0,1,24,8,0,0,18,1,2,11,12,
24,0,3,21,0,0,0,0,1,0,1,4,12,0,15,0,0,0,1,0,2,0,1,0,0,0,2,3,0,0,0,
25,18,6,4,23,21,22,26,88,21,42,11,2,14,5,15,13,24,43,23,6,18,90,44,18,2,0,14,19,18,53,
26,2,22,7,3,1,0,6,14,2,4,26,8,5,13,53,10,2,3,4,27,1,8,1,1,3,14,0,12,4,6,
27,2,8,2,1,2,1,8,5,2,4,11,2,0,3,15,15,2,4,3,11,4,15,8,2,0,19,12,0,5,4,
28,7,2,0,6,4,8,3,9,10,8,0,0,1,1,2,5,9,11,8,0,5,11,12,11,0,18,4,5,0,7,
29,12,2,1,16,12,14,10,39,13,22,0,1,6,1,7,5,17,32,23,2,12,44,24,12,0,53,6,4,7,0,
0,0,0,0,2,34,67,0,35,0,23,14,0,0,1,0,0,3,5,35,5,3,29,0,49,19,0,32,0,32,0,
1,0,0,9,13,0,1,16,0,2,2,1,13,22,7,17,9,0,1,0,1,17,0,18,1,0,12,0,8,0,5,
2,0,9,0,22,0,0,21,0,11,2,2,16,31,5,24,15,0,2,0,1,16,0,11,0,0,12,0,10,0,26,
3,2,13,22,0,1,1,56,0,15,4,3,14,70,4,24,21,3,2,4,6,42,1,17,0,0,34,2,38,0,10,
4,34,0,0,1,0,23,0,51,0,4,2,0,0,0,0,0,0,5,20,1,1,14,0,17,11,0,19,0,15,0,
5,67,1,0,1,23,0,0,39,1,14,8,1,1,9,0,0,6,7,73,0,5,32,2,69,24,0,52,2,54,0,
6,0,16,21,56,0,0,0,0,20,1,9,25,65,5,36,11,2,8,0,4,64,0,8,0,0,58,1,56,0,24,
7,35,0,0,0,51,39,0,0,0,6,3,0,0,4,0,0,0,3,23,0,1,23,0,20,15,0,15,0,21,0,
8,0,2,11,15,0,1,20,0,0,2,4,8,21,0,12,9,0,4,0,6,7,0,8,0,0,8,0,4,1,12,
9,23,2,2,4,4,14,1,6,2,0,4,1,2,3,5,3,4,11,15,4,5,6,2,7,8,3,7,1,10,0,
10,14,1,2,3,2,8,9,3,4,4,0,0,2,7,3,1,13,2,5,20,5,3,1,4,3,3,8,5,3,2,
11,0,13,16,14,0,1,25,0,8,1,0,0,23,0,16,21,3,5,0,5,18,1,13,2,0,18,0,17,0,10,
12,0,22,31,70,0,1,65,0,21,2,2,23,0,13,49,36,8,5,0,10,46,0,14,0,0,40,1,30,0,21,
13,1,7,5,4,0,9,5,4,0,3,7,0,13,0,5,4,7,11,7,7,6,3,2,3,2,7,4,4,8,4,
14,0,17,24,24,0,0,36,0,12,5,3,16,49,5,0,21,3,3,0,3,21,0,6,0,0,25,0,19,0,14,
15,0,9,15,21,0,0,11,0,9,3,1,21,36,4,21,0,4,3,0,8,19,0,13,0,3,26,0,12,0,17,
16,3,0,0,3,0,6,2,0,0,4,13,3,8,7,3,4,0,6,1,19,6,0,2,1,3,4,0,3,4,10,
17,5,1,2,2,5,7,8,3,4,11,2,5,5,11,3,3,6,0,18,10,12,7,0,10,5,4,3,5,6,2,
18,35,0,0,4,20,73,0,23,0,15,5,0,0,7,0,0,1,18,0,3,1,27,0,37,14,1,33,0,37,0,
19,5,1,1,6,1,0,4,0,6,4,20,5,10,7,3,8,19,10,3,0,12,4,1,2,3,1,4,7,3,2,
20,3,17,16,42,1,5,64,1,7,5,5,18,46,6,21,19,6,12,1,12,0,2,15,1,4,28,7,42,3,16,
21,29,0,0,1,14,32,0,23,0,6,3,1,0,3,0,0,0,7,27,4,2,0,0,28,11,0,17,0,16,0,
22,0,18,11,17,0,2,8,0,8,2,1,13,14,2,6,13,2,0,0,1,15,0,0,0,0,9,1,9,0,8,
23,49,1,0,0,17,69,0,20,0,7,4,2,0,3,0,0,1,10,37,2,1,28,0,0,21,0,29,2,46,0,
24,19,0,0,0,11,24,0,15,0,8,3,0,0,2,0,3,3,5,14,3,4,11,0,21,0,0,14,4,20,0,
25,0,12,12,34,0,0,58,0,8,3,3,18,40,7,25,26,4,4,1,1,28,0,9,0,0,0,0,43,0,15,
26,32,0,0,2,19,52,1,15,0,7,8,0,1,4,0,0,0,3,33,4,7,17,1,29,14,0,0,3,46,0,
27,0,8,10,38,0,2,56,0,4,1,5,17,30,4,19,12,3,5,0,7,42,0,9,2,4,43,3,0,0,17,
28,32,0,0,0,15,54,0,21,1,10,3,0,0,8,0,0,4,6,37,3,3,16,0,46,20,0,46,0,0,0,
29,0,5,26,10,0,0,24,0,12,0,2,10,21,4,14,17,10,2,0,2,16,0,8,0,0,15,0,17,0,0,
0,0,20,9,2,12,5,3,2,7,0,14,8,0,6,2,12,4,0,0,4,2,4,14,0,15,7,1,2,0,2,
1,20,0,17,4,6,4,0,0,17,0,31,4,0,6,0,12,5,0,2,1,3,1,11,0,14,18,0,2,0,2,
2,9,17,0,3,6,3,2,0,2,0,6,4,0,8,0,6,7,0,1,4,3,1,6,0,23,18,0,0,0,2,
3,2,4,3,0,2,4,10,0,4,1,3,3,0,1,1,1,3,15,6,4,12,16,3,0,5,1,0,9,9,4,
4,12,6,6,2,0,3,2,0,9,0,8,0,0,5,0,6,2,0,1,1,0,1,13,0,21,10,0,4,1,3,
5,5,4,3,4,3,0,0,0,2,1,1,1,0,5,0,1,15,5,4,15,5,2,7,0,11,1,0,1,2,6,
6,3,0,2,10,2,0,0,2,0,2,1,8,0,1,3,0,5,8,11,8,13,9,3,1,9,2,2,8,2,11,
7,2,0,0,0,0,0,2,0,0,31,0,6,9,0,63,0,0,5,1,0,5,2,0,12,2,1,56,3,10,2,
8,7,17,2,4,9,2,0,0,0,0,17,1,0,11,0,7,4,0,1,4,2,0,13,0,10,10,0,3,0,1,
9,0,0,0,1,0,1,2,31,0,0,0,1,4,0,26,0,0,2,1,0,0,1,0,4,0,0,26,3,13,1,
10,14,31,6,3,8,1,1,0,17,0,0,2,0,8,0,11,3,3,0,3,6,0,10,0,14,28,0,3,2,1,
11,8,4,4,3,0,1,8,6,1,1,2,0,0,2,1,4,3,13,5,6,11,4,4,0,5,4,0,6,6,7,
12,0,0,0,0,0,0,0,9,0,4,0,0,0,0,16,0,0,0,0,3,0,0,0,52,0,0,10,3,2,1,
13,6,6,8,1,5,5,1,0,11,0,8,2,0,0,0,7,7,0,0,4,2,2,13,0,11,5,0,0,0,1,
14,2,0,0,1,0,0,3,63,0,26,0,1,16,0,0,0,0,5,0,0,0,2,0,5,0,1,24,3,10,2,
15,12,12,6,1,6,1,0,0,7,0,11,4,0,7,0,0,7,2,2,3,0,1,8,0,9,13,0,3,0,1,
16,4,5,7,3,2,15,5,0,4,0,3,3,0,7,0,7,0,3,4,11,1,1,7,0,8,7,1,3,0,2,
17,0,0,0,15,0,5,8,5,0,2,3,13,0,0,5,2,3,0,13,1,10,24,1,2,3,1,3,29,14,7,
18,0,2,1,6,1,4,11,1,1,1,0,5,0,0,0,2,4,13,0,2,12,15,0,0,2,0,1,8,0,4,
19,4,1,4,4,1,15,8,0,4,0,3,6,3,4,0,3,11,1,2,0,2,7,2,1,5,1,2,3,1,9,
20,2,3,3,12,0,5,13,5,2,0,6,11,0,2,0,0,1,10,12,2,0,17,6,0,19,1,0,14,9,12,
21,4,1,1,16,1,2,9,2,0,1,0,4,0,2,2,1,1,24,15,7,17,0,2,0,5,2,3,9,4,7,
22,14,11,6,3,13,7,3,0,13,0,10,4,0,13,0,8,7,1,0,2,6,2,0,0,26,12,0,1,0,6,
23,0,0,0,0,0,0,1,12,0,4,0,0,52,0,5,0,0,2,0,1,0,0,0,0,0,0,6,2,4,0,
24,15,14,23,5,21,11,9,2,10,0,14,5,0,11,0,9,8,3,2,5,19,5,26,0,0,21,0,5,0,4,
25,7,18,18,1,10,1,2,1,10,0,28,4,0,5,1,13,7,1,0,1,1,2,12,0,21,0,0,1,0,5,
26,1,0,0,0,0,0,2,56,0,26,0,0,10,0,24,0,1,3,1,2,0,3,0,6,0,0,0,2,12,0,
27,2,2,0,9,4,1,8,3,3,3,3,6,3,0,3,3,3,29,8,3,14,9,1,2,5,1,2,0,3,6,
28,0,0,0,9,1,2,2,10,0,13,2,6,2,0,10,0,0,14,0,1,9,4,0,4,0,0,12,3,0,1,
29,2,2,2,4,3,6,11,2,1,1,1,7,1,1,2,1,2,7,4,9,12,7,6,0,4,5,0,6,1,0,
0,0,1,14,1,0,1,3,3,10,2,9,6,12,2,14,2,1,1,19,3,1,2,10,26,35,11,0,8,0,1,
1,1,0,3,11,3,6,1,0,0,16,0,12,3,6,3,8,8,9,7,0,10,7,3,6,3,0,4,0,3,15,
2,14,3,0,3,3,0,0,1,5,0,7,8,5,0,11,2,0,1,5,1,0,1,4,10,11,1,0,4,6,7,
3,1,11,3,0,4,12,3,0,3,13,0,18,3,13,2,21,10,10,3,0,15,12,6,3,4,2,11,0,5,26,
4,0,3,3,4,0,3,10,0,0,2,0,3,3,4,2,13,11,12,0,0,15,11,1,0,0,0,14,0,3,21,
5,1,6,0,12,3,0,4,0,0,7,1,10,0,1,1,9,6,1,4,0,5,2,1,2,4,2,3,0,23,8,
6,3,1,0,3,10,4,0,0,0,6,0,4,0,8,0,8,5,2,2,0,16,19,0,0,4,1,9,0,5,12,
7,3,0,1,0,0,0,0,0,10,0,15,0,0,0,3,0,0,0,0,66,0,0,11,0,0,2,0,40,0,1,
8,10,0,5,3,0,0,0,10,0,0,15,0,7,0,10,0,0,1,6,4,0,0,15,4,14,3,1,13,0,0,
9,2,16,0,13,2,7,6,0,0,0,0,9,1,7,4,5,4,9,4,0,8,6,1,0,6,2,9,0,10,13,
10,9,0,7,0,0,1,0,15,15,0,0,0,0,0,3,0,0,0,6,12,0,0,17,4,8,1,0,9,0,0,
11,6,12,8,18,3,10,4,0,0,9,0,0,1,8,1,12,11,1,1,0,5,13,1,1,3,4,6,0,6,11,
12,12,3,5,3,3,0,0,0,7,1,0,1,0,4,14,0,1,2,10,0,1,3,3,13,23,8,0,10,2,8,
13,2,6,0,13,4,1,8,0,0,7,0,8,4,0,0,7,4,7,4,0,11,3,1,3,7,8,2,0,9,23,
14,14,3,11,2,2,1,0,3,10,4,3,1,14,0,0,0,1,2,14,0,0,3,5,13,29,10,6,5,0,3,
15,2,8,2,21,13,9,8,0,0,5,0,12,0,7,0,0,14,10,3,0,19,18,0,4,7,3,27,0,12,19,
16,1,8,0,10,11,6,5,0,0,4,0,11,1,4,1,14,0,6,1,0,10,12,0,4,4,3,16,0,8,12,
17,1,9,1,10,12,1,2,0,1,9,0,1,2,7,2,10,6,0,1,0,11,8,2,0,3,2,7,0,7,13,
18,19,7,5,3,0,4,2,0,6,4,6,1,10,4,14,3,1,1,0,2,2,3,7,21,31,13,0,3,1,9,
19,3,0,1,0,0,0,0,66,4,0,12,0,0,0,0,0,0,0,2,0,0,0,5,0,1,0,0,30,0,0,
20,1,10,0,15,15,5,16,0,0,8,0,5,1,11,0,19,10,11,2,0,0,11,0,5,5,1,9,0,12,20,
21,2,7,1,12,11,2,19,0,0,6,0,13,3,3,3,18,12,8,3,0,11,0,0,1,10,1,17,0,8,18,
22,10,3,4,6,1,1,0,11,15,1,17,1,3,1,5,0,0,2,7,5,0,0,0,4,6,2,2,6,3,3,
23,26,6,10,3,0,2,0,0,4,0,4,1,13,3,13,4,4,0,21,0,5,1,4,0,25,12,3,5,1,3,
24,35,3,11,4,0,4,4,0,14,6,8,3,23,7,29,7,4,3,31,1,5,10,6,25,0,22,0,8,5,14,
25,11,0,1,2,0,2,1,2,3,2,1,4,8,8,10,3,3,2,13,0,1,1,2,12,22,0,2,3,7,6,
26,0,4,0,11,14,3,9,0,1,9,0,6,0,2,6,27,16,7,0,0,9,17,2,3,0,2,0,1,6,10,
27,8,0,4,0,0,0,0,40,13,0,9,0,10,0,5,0,0,0,3,30,0,0,6,5,8,3,1,0,0,5,
28,0,3,6,5,3,23,5,0,0,10,0,6,2,9,0,12,8,7,1,0,12,8,3,1,5,7,6,0,0,13,
29,1,15,7,26,21,8,12,1,0,13,0,11,8,23,3,19,12,13,9,0,20,18,3,3,14,6,10,5,13,0,
0,0,8,2,5,6,24,6,7,10,22,3,19,2,9,3,0,8,24,20,11,11,9,6,1,17,33,24,2,1,12,
1,8,0,0,1,6,15,9,22,12,5,14,10,0,4,8,0,0,26,11,19,12,12,13,0,10,11,28,0,0,6,
2,2,0,0,7,0,0,0,0,3,0,0,0,12,0,0,12,4,0,0,0,1,0,0,7,0,0,0,89,29,0,
3,5,1,7,0,4,7,1,2,0,5,2,5,21,1,3,3,20,8,6,3,4,1,0,1,4,8,8,12,3,2,
4,6,6,0,4,0,22,7,6,13,11,5,21,1,9,3,0,0,21,12,10,6,12,7,0,10,23,20,0,0,9,
5,24,15,0,7,22,0,21,22,10,38,12,16,3,16,8,0,0,57,22,33,15,12,11,1,36,67,57,0,0,30,
6,6,9,0,1,7,21,0,6,4,11,7,12,1,11,3,0,0,14,7,13,12,3,4,0,7,18,17,0,0,6,
7,7,22,0,2,6,22,6,0,3,6,9,13,0,13,7,0,0,23,9,20,9,9,12,0,13,20,26,0,0,10,
8,10,12,3,0,13,10,4,3,0,6,6,6,0,9,11,0,0,8,8,12,3,9,8,0,8,5,10,0,0,5,
9,22,5,0,5,11,38,11,6,6,0,2,31,3,9,5,0,4,38,29,13,6,7,14,0,13,49,48,0,0,15,
10,3,14,0,2,5,12,7,9,6,2,0,7,0,9,5,0,0,14,6,13,2,10,13,0,5,13,12,0,0,0,
11,19,10,0,5,21,16,12,13,6,31,7,0,0,15,18,0,2,28,13,18,10,15,11,0,9,36,36,0,0,14,
12,2,0,12,21,1,3,1,0,0,3,0,0,0,0,0,7,11,1,2,3,2,0,0,6,6,4,1,11,12,4,
13,9,4,0,1,9,16,11,13,9,9,9,15,0,0,18,0,1,24,8,5,11,9,6,0,8,18,23,0,0,2,
14,3,8,0,3,3,8,3,7,11,5,5,18,0,18,0,0,0,11,7,11,7,14,4,0,4,13,18,1,0,4,
15,0,0,12,3,0,0,0,0,0,0,0,0,7,0,0,0,0,0,0,0,0,0,0,43,0,0,0,13,23,0,
16,8,0,4,20,0,0,0,0,0,4,0,2,11,1,0,0,0,1,4,1,1,0,1,0,3,6,5,11,3,0,
17,24,26,0,8,21,57,14,23,8,38,14,28,1,24,11,0,1,0,27,34,16,16,17,0,25,80,73,1,0,23,
18,20,11,0,6,12,22,7,9,8,29,6,13,2,8,7,0,4,27,0,21,11,12,5,0,20,41,45,0,0,22,
19,11,19,0,3,10,33,13,20,12,13,13,18,3,5,11,0,1,34,21,0,9,12,20,0,12,27,43,0,0,11,
20,11,12,1,4,6,15,12,9,3,6,2,10,2,11,7,0,1,16,11,9,0,3,4,0,7,18,16,2,1,10,
21,9,12,0,1,12,12,3,9,9,7,10,15,0,9,14,0,0,16,12,12,3,0,8,0,7,20,18,0,0,8,
22,6,13,0,0,7,11,4,12,8,14,13,11,0,6,4,0,1,17,5,20,4,8,0,0,7,21,32,2,0,14,
23,1,0,7,1,0,1,0,0,0,0,0,0,6,0,0,43,0,0,0,0,0,0,0,0,0,0,0,15,23,0,
24,17,10,0,4,10,36,7,13,8,13,5,9,6,8,4,0,3,25,20,12,7,7,7,0,0,40,41,3,1,20,
25,33,11,0,8,23,67,18,20,5,49,13,36,4,18,13,0,6,80,41,27,18,20,21,0,40,0,84,2,0,28,
26,24,28,0,8,20,57,17,26,10,48,12,36,1,23,18,0,5,73,45,43,16,18,32,0,41,84,0,0,0,34,
27,2,0,89,12,0,0,0,0,0,0,0,0,11,0,1,13,11,1,0,0,2,0,2,15,3,2,0,0,45,0,
28,1,0,29,3,0,0,0,0,0,0,0,0,12,0,0,23,3,0,0,0,1,0,0,23,1,0,0,45,0,0,
29,12,6,0,2,9,30,6,10,5,15,0,14,4,2,4,0,0,23,22,11,10,8,14,0,20,28,34,0,0,0,
0,0,1,6,3,0,8,7,6,1,3,2,0,0,6,0,1,9,10,11,10,7,0,1,3,12,12,0,3,0,2,
1,1,0,13,0,18,0,4,1,24,3,0,18,32,4,7,3,1,2,8,4,4,29,2,1,1,4,17,11,4,1,
2,6,13,0,21,5,29,25,27,7,13,10,5,10,16,0,16,9,28,76,14,11,7,11,20,18,25,10,10,1,15,
3,3,0,21,0,4,5,4,9,1,5,2,1,1,3,0,8,5,8,24,4,12,1,5,4,6,9,5,2,0,5,
4,0,18,5,4,0,0,1,2,15,10,0,13,23,2,1,3,1,0,4,3,3,10,0,3,1,1,19,3,0,0,
5,8,0,29,5,0,0,7,10,2,9,2,0,1,9,0,10,23,15,22,9,6,0,7,15,12,19,2,2,0,11,
6,7,4,25,4,1,7,0,16,4,8,2,6,3,6,0,12,3,4,26,9,6,5,6,11,10,7,2,5,0,3,
7,6,1,27,9,2,10,16,0,7,9,13,1,3,8,0,16,13,19,50,18,14,1,12,17,16,27,0,5,0,7,
8,1,24,7,1,15,2,4,7,0,3,0,27,18,2,5,10,0,0,6,2,0,26,1,2,0,2,31,9,5,1,
9,3,3,13,5,10,9,8,9,3,0,4,0,3,6,0,12,10,10,18,12,4,3,5,16,11,7,2,6,0,4,
10,2,0,10,2,0,2,2,13,0,4,0,0,0,1,0,6,5,7,8,4,4,1,8,13,4,4,1,0,0,9,
11,0,18,5,1,13,0,6,1,27,0,0,0,15,1,10,1,0,1,2,2,3,26,0,2,0,0,22,5,7,0,
12,0,32,10,1,23,1,3,3,18,3,0,15,0,3,3,5,0,2,3,1,3,24,0,6,5,5,30,8,3,0,
13,6,4,16,3,2,9,6,8,2,6,1,1,3,0,1,4,10,12,20,2,21,2,6,11,7,11,0,5,0,4,
14,0,7,0,0,1,0,0,0,5,0,0,10,3,1,0,2,0,1,0,0,0,2,0,0,0,0,10,8,48,0,
15,1,3,16,8,3,10,12,16,10,12,6,1,5,4,2,0,6,4,21,6,10,4,7,4,6,5,5,5,1,4,
16,9,1,9,5,1,23,3,13,0,10,5,0,0,10,0,6,0,15,17,7,3,0,6,8,15,14,0,5,0,8,
17,10,2,28,8,0,15,4,19,0,10,7,1,2,12,1,4,15,0,29,18,10,0,11,17,13,16,2,6,0,10,
18,11,8,76,24,4,22,26,50,6,18,8,2,3,20,0,21,17,29,0,16,21,4,22,42,32,35,4,19,1,19,
19,10,4,14,4,3,9,9,18,2,12,4,2,1,2,0,6,7,18,16,0,3,1,7,6,6,9,4,5,0,9,
20,7,4,11,12,3,6,6,14,0,4,4,3,3,21,0,10,3,10,21,3,0,1,4,11,3,10,1,1,0,3,
21,0,29,7,1,10,0,5,1,26,3,1,26,24,2,2,4,0,0,4,1,1,0,0,4,0,2,26,14,6,0,
22,1,2,11,5,0,7,6,12,1,5,8,0,0,6,0,7,6,11,22,7,4,0,0,6,1,9,2,9,0,17,
23,3,1,20,4,3,15,11,17,2,16,13,2,6,11,0,4,8,17,42,6,11,4,6,0,14,15,1,5,0,7,
24,12,1,18,6,1,12,10,16,0,11,4,0,5,7,0,6,15,13,32,6,3,0,1,14,0,9,0,3,0,2,
25,12,4,25,9,1,19,7,27,2,7,4,0,5,11,0,5,14,16,35,9,10,2,9,15,9,0,0,0,0,11,
26,0,17,10,5,19,2,2,0,31,2,1,22,30,0,10,5,0,2,4,4,1,26,2,1,0,0,0,16,8,1,
27,3,11,10,2,3,2,5,5,9,6,0,5,8,5,8,5,5,6,19,5,1,14,9,5,3,0,16,0,0,4,
28,0,4,1,0,0,0,0,0,5,0,0,7,3,0,48,1,0,0,1,0,0,6,0,0,0,0,8,0,0,0,
29,2,1,15,5,0,11,3,7,1,4,9,0,0,4,0,4,8,10,19,9,3,0,17,7,2,11,1,4,0,0,
0,0,4,4,0,0,0,0,13,14,5,14,2,3,2,12,2,5,3,0,0,2,0,21,7,16,6,12,0,1,1,
1,4,0,9,11,2,1,3,5,3,1,1,23,3,28,18,6,3,27,0,6,62,14,10,2,6,1,3,36,13,33,
2,4,9,0,0,0,0,1,5,4,13,2,2,9,4,17,4,4,6,0,1,5,1,26,7,13,1,9,8,2,5,
3,0,11,0,0,6,12,16,0,2,0,0,3,0,3,0,4,0,4,12,9,7,10,0,0,0,0,0,3,24,7,
4,0,2,0,6,0,122,21,0,0,0,0,2,0,0,1,2,0,1,76,13,0,18,0,0,0,0,0,0,30,1,
5,0,1,0,12,122,0,22,0,0,1,0,1,0,0,0,0,0,1,97,12,0,24,0,0,0,0,0,0,15,3,
6,0,3,1,16,21,22,0,0,0,0,0,1,0,4,1,0,0,3,7,28,2,16,0,1,4,0,0,3,18,1,
7,13,5,5,0,0,0,0,0,18,13,8,1,4,1,17,4,11,0,1,0,2,0,28,9,27,20,9,1,0,0,
8,14,3,4,2,0,0,0,18,0,2,6,5,9,0,20,9,12,1,0,1,1,0,32,5,20,23,16,3,1,3,
9,5,1,13,0,0,1,0,13,2,0,10,2,16,2,21,2,11,1,0,0,1,0,29,16,27,5,10,0,0,1,
10,14,1,2,0,0,0,0,8,6,10,0,1,3,0,3,2,5,2,0,0,4,0,11,3,8,4,3,0,0,2,
11,2,23,2,3,2,1,1,1,5,2,1,0,1,6,7,5,2,13,1,3,21,3,4,0,3,1,2,6,3,16,
12,3,3,9,0,0,0,0,4,9,16,3,1,0,1,9,5,8,5,4,0,7,0,26,11,10,3,16,0,0,0,
13,2,28,4,3,0,0,4,1,0,2,0,6,1,0,4,7,2,15,0,2,18,0,4,2,3,0,1,23,1,11,
14,12,18,17,0,1,0,1,17,20,21,3,7,9,4,0,9,31,3,1,0,11,3,82,19,72,10,31,7,1,3,
15,2,6,4,4,2,0,0,4,9,2,2,5,5,7,9,0,4,2,0,0,6,4,12,1,13,3,10,9,1,2,
16,5,3,4,0,0,0,0,11,12,11,5,2,8,2,31,4,0,4,0,0,2,0,37,10,25,9,25,3,1,3,
17,3,27,6,4,1,1,3,0,1,1,2,13,5,15,3,2,4,0,1,2,19,5,9,1,9,0,4,17,2,16,
18,0,0,0,12,76,97,7,1,0,0,0,1,4,0,1,0,0,1,0,7,0,12,0,0,0,0,1,0,22,1,
19,0,6,1,9,13,12,28,0,1,0,0,3,0,2,0,0,0,2,7,0,2,25,0,0,2,0,0,5,16,7,
20,2,62,5,7,0,0,2,2,1,1,4,21,7,18,11,6,2,19,0,2,0,6,8,2,8,2,6,22,7,9,
21,0,14,1,10,18,24,16,0,0,0,0,3,0,0,3,4,0,5,12,25,6,0,3,0,1,0,0,3,15,3,
22,21,10,26,0,0,0,0,28,32,29,11,4,26,4,82,12,37,9,0,0,8,3,0,20,76,18,41,4,1,0,
23,7,2,7,0,0,0,1,9,5,16,3,0,11,2,19,1,10,1,0,0,2,0,20,0,25,3,12,2,0,1,
24,16,6,13,0,0,0,4,27,20,27,8,3,10,3,72,13,25,9,0,2,8,1,76,25,0,13,33,14,0,7,
25,6,1,1,0,0,0,0,20,23,5,4,1,3,0,10,3,9,0,0,0,2,0,18,3,13,0,11,2,0,0,
26,12,3,9,0,0,0,0,9,16,10,3,2,16,1,31,10,25,4,1,0,6,0,41,12,33,11,0,3,0,1,
27,0,36,8,3,0,0,3,1,3,0,0,6,0,23,7,9,3,17,0,5,22,3,4,2,14,2,3,0,3,13,
28,1,13,2,24,30,15,18,0,1,0,0,3,0,1,1,1,1,2,22,16,7,15,1,0,0,0,0,3,0,6,
29,1,33,5,7,1,3,1,0,3,1,2,16,0,11,3,2,3,16,1,7,9,3,0,1,7,0,1,13,6,0,
0,0,1,2,3,4,0,3,2,8,6,9,4,3,8,6,9,0,0,3,4,6,2,0,4,12,13,0,1,7,7,
1,1,0,10,2,12,4,0,22,0,4,1,1,9,4,4,2,11,10,1,2,0,22,10,30,0,0,8,3,0,9,
2,2,10,0,3,19,6,1,42,1,10,6,2,13,8,0,7,7,7,2,0,7,29,20,52,1,9,5,4,1,17,
3,3,2,3,0,1,1,5,3,9,4,9,4,4,6,7,10,0,1,11,3,3,0,0,0,9,11,0,1,3,5,
4,4,12,19,1,0,6,1,40,0,7,2,7,10,1,0,3,3,7,3,1,13,32,23,44,2,4,8,2,2,17,
5,0,4,6,1,6,0,0,10,0,0,0,0,1,0,0,1,53,43,0,0,0,6,6,2,0,0,79,3,0,1,
6,3,0,1,5,1,0,0,1,19,9,5,5,4,7,3,23,0,0,8,2,4,0,0,1,20,13,0,8,4,8,
7,2,22,42,3,40,10,1,0,4,18,5,8,15,9,5,7,3,8,2,1,9,34,34,78,9,5,6,8,2,16,
8,8,0,1,9,0,0,19,4,0,13,5,1,5,13,2,11,0,0,10,7,18,1,4,2,20,17,0,6,7,19,
9,6,4,10,4,7,0,9,18,13,0,9,9,21,16,11,20,1,1,14,7,16,8,10,22,26,14,0,17,9,18,
10,9,1,6,9,2,0,5,5,5,9,0,12,4,4,9,12,2,1,23,11,8,6,0,6,17,8,0,7,3,11,
11,4,1,2,4,7,0,5,8,1,9,12,0,4,9,5,12,1,2,9,7,7,10,5,7,19,10,0,11,2,11,
12,3,9,13,4,10,1,4,15,5,21,4,4,0,8,9,14,1,4,7,6,17,9,11,12,20,13,0,17,7,10,
13,8,4,8,6,1,0,7,9,13,16,4,9,8,0,3,23,0,0,12,3,15,3,0,5,28,19,0,8,14,6,
14,6,4,0,7,0,0,3,5,2,11,9,5,9,3,0,18,2,1,12,3,13,1,6,3,9,10,0,7,5,11,
15,9,2,7,10,3,1,23,7,11,20,12,12,14,23,18,0,1,3,19,9,26,3,6,16,35,35,1,22,22,26,
16,0,11,7,0,3,53,0,3,0,1,2,1,1,0,2,1,0,21,0,0,2,6,8,4,0,0,52,0,0,2,
17,0,10,7,1,7,43,0,8,0,1,1,2,4,0,1,3,21,0,0,1,3,13,7,9,0,0,37,1,0,4,
18,3,1,2,11,3,0,8,2,10,14,23,9,7,12,12,19,0,0,0,10,14,1,2,1,14,12,0,13,11,9,
19,4,2,0,3,1,0,2,1,7,7,11,7,6,3,3,9,0,1,10,0,6,0,0,0,5,9,0,7,4,4,
20,6,0,7,3,13,0,4,9,18,16,8,7,17,15,13,26,2,3,14,6,0,7,2,8,26,22,1,15,11,15,
21,2,22,29,0,32,6,0,34,1,8,6,10,9,3,1,3,6,13,1,0,7,0,28,52,1,1,7,4,1,20,
22,0,10,20,0,23,6,0,34,4,10,0,5,11,0,6,6,8,7,2,0,2,28,0,39,0,1,7,7,1,15,
23,4,30,52,0,44,2,1,78,2,22,6,7,12,5,3,16,4,9,1,0,8,52,39,0,4,0,1,10,0,18,
24,12,0,1,9,2,0,20,9,20,26,17,19,20,28,9,35,0,0,14,5,26,1,0,4,0,45,0,18,15,16,
25,13,0,9,11,4,0,13,5,17,14,8,10,13,19,10,35,0,0,12,9,22,1,1,0,45,0,0,5,10,19,
26,0,8,5,0,8,79,0,6,0,0,0,0,0,0,0,1,52,37,0,0,1,7,7,1,0,0,0,1,0,0,
27,1,3,4,1,2,3,8,8,6,17,7,11,17,8,7,22,0,1,13,7,15,4,7,10,18,5,1,0,1,10,
28,7,0,1,3,2,0,4,2,7,9,3,2,7,14,5,22,0,0,11,4,11,1,1,0,15,10,0,1,0,1,
29,7,9,17,5,17,1,8,16,19,18,11,11,10,6,11,26,2,4,9,4,15,20,15,18,16,19,0,10,1,0,
0,0,23,6,22,7,12,2,5,5,0,11,1,9,10,2,0,15,3,6,4,6,2,7,10,3,11,1,21,9,16,
1,23,0,17,32,6,32,1,3,6,3,12,5,9,14,1,1,33,12,8,7,11,1,5,4,3,23,4,12,12,17,
2,6,17,0,9,4,16,1,0,1,2,3,39,2,7,25,0,10,44,4,1,45,22,1,36,2,11,14,8,3,1,
3,22,32,9,0,9,44,1,2,4,2,10,2,9,19,2,0,33,4,9,21,2,0,7,6,4,15,1,18,14,16,
4,7,6,4,9,0,13,7,10,3,9,20,0,3,8,0,5,16,2,13,38,0,0,9,2,1,6,2,12,3,3,
5,12,32,16,44,13,0,1,1,10,3,11,1,11,18,1,0,34,1,2,14,2,0,1,4,5,15,2,13,22,18,
6,2,1,1,1,7,1,0,8,0,11,7,1,1,1,1,12,10,1,7,10,1,0,3,0,2,1,1,0,3,2,
7,5,3,0,2,10,1,8,0,2,11,14,0,4,3,1,8,6,0,4,14,0,0,10,0,16,1,0,2,0,3,
8,5,6,1,4,3,10,0,2,0,0,0,3,5,11,2,3,5,2,3,3,6,0,5,1,1,5,0,5,28,8,
9,0,3,2,2,9,3,11,11,0,0,10,0,3,0,0,18,3,0,2,13,0,0,5,0,5,1,0,0,2,2,
10,11,12,3,10,20,11,7,14,0,10,0,0,12,6,0,14,21,1,11,30,1,0,12,1,7,7,0,5,9,5,
11,1,5,39,2,0,1,1,0,3,0,0,0,0,2,44,0,0,56,0,4,78,28,1,47,0,8,22,6,0,2,
12,9,9,2,9,3,11,1,4,5,3,12,0,0,11,0,2,22,3,8,15,0,0,3,1,5,2,0,8,8,13,
13,10,14,7,19,8,18,1,3,11,0,6,2,11,0,4,2,15,1,5,3,9,0,1,6,2,11,0,5,13,6,
14,2,1,25,2,0,1,1,1,2,0,0,44,0,4,0,0,1,36,0,1,42,12,0,45,0,12,23,3,2,0,
15,0,1,0,0,5,0,12,8,3,18,14,0,2,2,0,0,3,0,8,8,0,0,6,0,3,0,0,2,4,1,
16,15,33,10,33,16,34,10,6,5,3,21,0,22,15,1,3,0,5,12,26,1,1,7,4,8,15,0,16,11,16,
17,3,12,44,4,2,1,1,0,2,0,1,56,3,1,36,0,5,0,0,5,84,37,1,65,0,15,24,2,2,2,
18,6,8,4,9,13,2,7,4,3,2,11,0,8,5,0,8,12,0,0,15,0,0,6,0,5,2,0,5,5,6,
19,4,7,1,21,38,14,10,14,3,13,30,4,15,3,1,8,26,5,15,0,3,0,14,2,14,4,1,4,11,0,
20,6,11,45,2,0,2,1,0,6,0,1,78,0,9,42,0,1,84,0,3,0,64,3,60,0,12,48,5,0,3,
21,2,1,22,0,0,0,0,0,0,0,0,28,0,0,12,0,1,37,0,0,64,0,0,26,0,6,14,1,0,5,
22,7,5,1,7,9,1,3,10,5,5,12,1,3,1,0,6,7,1,6,14,3,0,0,1,3,4,0,3,7,2,
23,10,4,36,6,2,4,0,0,1,0,1,47,1,6,45,0,4,65,0,2,60,26,1,0,1,11,20,4,1,0,
24,3,3,2,4,1,5,2,16,1,5,7,0,5,2,0,3,8,0,5,14,0,0,3,1,0,2,0,5,3,4,
25,11,23,11,15,6,15,1,1,5,1,7,8,2,11,12,0,15,15,2,4,12,6,4,11,2,0,6,9,10,6,
26,1,4,14,1,2,2,1,0,0,0,0,22,0,0,23,0,0,24,0,1,48,14,0,20,0,6,0,3,0,2,
27,21,12,8,18,12,13,0,2,5,0,5,6,8,5,3,2,16,2,5,4,5,1,3,4,5,9,3,0,1,15,
28,9,12,3,14,3,22,3,0,28,2,9,0,8,13,2,4,11,2,5,11,0,0,7,1,3,10,0,1,0,6,
29,16,17,1,16,3,18,2,3,8,2,5,2,13,6,0,1,16,2,6,0,3,5,2,0,4,6,2,15,6,0,
0,0,0,2,67,0,46,1,23,35,38,0,0,10,0,7,0,11,0,0,0,4,18,3,3,4,0,37,18,0,0,
1,0,0,1,0,8,0,1,0,0,0,3,4,0,2,0,3,0,4,7,1,2,0,0,1,1,4,0,0,4,6,
2,2,1,0,2,2,1,4,1,2,0,8,9,3,4,1,6,5,31,12,35,5,2,2,11,6,6,0,0,22,27,
3,67,0,2,0,0,35,1,28,28,35,0,1,17,0,13,0,5,0,0,0,5,10,2,3,1,0,47,19,1,0,
4,0,8,2,0,0,0,3,0,0,0,2,3,1,7,0,1,2,8,7,9,4,0,1,2,1,9,0,1,0,6,
5,46,0,1,35,0,0,2,26,28,22,0,0,14,0,9,0,4,6,1,0,8,17,1,0,2,0,34,12,2,2,
6,1,1,4,1,3,2,0,2,0,0,4,2,6,0,6,0,10,3,4,9,8,7,21,6,18,1,0,4,5,5,
7,23,0,1,28,0,26,2,0,30,8,0,2,12,0,4,0,8,1,1,0,10,11,1,3,6,0,18,11,0,0,
8,35,0,2,28,0,28,0,30,0,15,0,2,13,0,8,0,8,1,1,1,6,21,4,5,4,1,23,22,1,3,
9,38,0,0,35,0,22,0,8,15,0,0,2,11,0,7,0,2,2,0,1,6,12,2,7,5,0,23,9,0,1,
10,0,3,8,0,2,0,4,0,0,0,0,1,0,10,0,12,1,3,3,6,1,0,1,3,0,9,0,0,5,7,
11,0,4,9,1,3,0,2,2,2,2,1,0,6,2,13,3,15,15,6,18,13,2,3,15,6,6,2,3,10,18,
12,10,0,3,17,1,14,6,12,13,11,0,6,0,0,47,0,44,9,0,6,23,66,8,12,22,1,22,46,5,1,
13,0,2,4,0,7,0,0,0,0,0,10,2,0,0,0,8,0,8,7,7,1,0,1,0,1,6,0,0,6,10,
14,7,0,1,13,0,9,6,4,8,7,0,13,47,0,0,0,27,4,0,6,11,23,10,10,16,2,12,21,6,3,
15,0,3,6,0,1,0,0,0,0,0,12,3,0,8,0,0,4,4,13,10,2,1,1,2,0,4,1,0,2,7,
16,11,0,5,5,2,4,10,8,8,2,1,15,44,0,27,4,0,13,6,20,14,36,3,15,18,0,10,27,11,10,
17,0,4,31,0,8,6,3,1,1,2,3,15,9,8,4,4,13,0,21,65,9,1,4,17,9,4,4,2,36,60,
18,0,7,12,0,7,1,4,1,1,0,3,6,0,7,0,13,6,21,0,26,4,3,1,11,2,5,0,2,9,16,
19,0,1,35,0,9,0,9,0,1,1,6,18,6,7,6,10,20,65,26,0,10,5,5,21,10,3,0,5,35,64,
20,4,2,5,5,4,8,8,10,6,6,1,13,23,1,11,2,14,9,4,10,0,13,15,8,15,0,8,10,8,14,
21,18,0,2,10,0,17,7,11,21,12,0,2,66,0,23,1,36,1,3,5,13,0,6,12,15,1,15,37,3,1,
22,3,0,2,2,1,1,21,1,4,2,1,3,8,1,10,1,3,4,1,5,15,6,0,3,18,1,5,5,3,0,
23,3,1,11,3,2,0,6,3,5,7,3,15,12,0,10,2,15,17,11,21,8,12,3,0,6,6,1,6,12,17,
24,4,1,6,1,1,2,18,6,4,5,0,6,22,1,16,0,18,9,2,10,15,15,18,6,0,0,3,12,6,5,
25,0,4,6,0,9,0,1,0,1,0,9,6,1,6,2,4,0,4,5,3,0,1,1,6,0,0,0,0,3,3,
26,37,0,0,47,0,34,0,18,23,23,0,2,22,0,12,1,10,4,0,0,8,15,5,1,3,0,0,16,0,1,
27,18,0,0,19,1,12,4,11,22,9,0,3,46,0,21,0,27,2,2,5,10,37,5,6,12,0,16,0,2,1,
28,0,4,22,1,0,2,5,0,1,0,5,10,5,6,6,2,11,36,9,35,8,3,3,12,6,3,0,2,0,29,
29,0,6,27,0,6,2,5,0,3,1,7,18,1,10,3,7,10,60,16,64,14,1,0,17,5,3,1,1,29,0,
0,0,27,1,3,6,6,1,0,18,10,19,6,1,5,19,0,5,5,8,12,10,17,18,6,11,12,1,47,0,14,
1,27,0,0,5,9,9,0,0,11,3,30,2,9,4,13,0,7,4,3,18,17,11,13,6,15,9,0,40,0,11,
2,1,0,0,0,1,13,22,13,1,0,2,6,3,8,0,14,3,17,9,0,1,0,0,0,0,1,32,2,13,1,
3,3,5,0,0,2,5,0,0,3,2,0,1,3,3,4,0,1,1,2,13,3,2,17,3,7,2,1,8,0,5,
4,6,9,1,2,0,0,0,0,5,6,6,1,0,0,20,1,1,0,0,13,0,13,9,7,10,10,0,8,2,17,
5,6,9,13,5,0,0,9,5,2,5,3,17,15,21,3,6,22,5,19,1,19,4,7,4,0,2,9,5,7,1,
6,1,0,22,0,0,9,0,24,0,0,1,4,1,4,0,24,7,31,8,0,1,0,0,1,0,0,31,0,21,0,
7,0,0,13,0,0,5,24,0,0,0,0,5,3,5,0,25,2,18,5,0,1,0,0,0,0,1,19,0,17,0,
8,18,11,1,3,5,2,0,0,0,5,5,3,3,2,18,0,0,0,2,6,3,12,7,6,9,14,0,17,0,5,
9,10,3,0,2,6,5,0,0,5,0,3,4,0,3,8,0,2,0,3,14,1,6,11,2,7,11,0,5,0,15,
10,19,30,2,0,6,3,1,0,5,3,0,6,5,5,7,1,9,4,3,8,12,10,11,4,5,4,1,18,2,7,
11,6,2,6,1,1,17,4,5,3,4,6,0,10,11,0,6,12,7,8,0,11,2,4,0,0,0,5,8,3,3,
12,1,9,3,3,0,15,1,3,3,0,5,10,0,16,3,2,10,2,9,1,7,1,0,5,2,1,2,2,0,0,
13,5,4,8,3,0,21,4,5,2,3,5,11,16,0,0,0,9,5,17,0,10,5,0,2,0,3,9,5,5,1,
14,19,13,0,4,20,3,0,0,18,8,7,0,3,0,0,0,0,1,2,17,3,19,6,3,16,4,0,15,0,25,
15,0,0,14,0,1,6,24,25,0,0,1,6,2,0,0,0,5,24,4,0,1,0,1,0,0,0,21,0,19,0,
16,5,7,3,1,1,22,7,2,0,2,9,12,10,9,0,5,0,10,12,1,14,1,2,3,0,2,8,1,3,1,
17,5,4,17,1,0,5,31,18,0,0,4,7,2,5,1,24,10,0,8,1,2,0,0,0,3,0,25,0,16,0,
18,8,3,9,2,0,19,8,5,2,3,3,8,9,17,2,4,12,8,0,1,13,4,4,4,2,4,9,5,5,0,
19,12,18,0,13,13,1,0,0,6,14,8,0,1,0,17,0,1,1,1,0,1,21,10,4,7,16,0,21,0,21,
20,10,17,1,3,0,19,1,1,3,1,12,11,7,10,3,1,14,2,13,1,0,4,6,3,1,4,5,4,3,2,
21,17,11,0,2,13,4,0,0,12,6,10,2,1,5,19,0,1,0,4,21,4,0,7,2,14,20,1,7,0,27,
22,18,13,0,17,9,7,0,0,7,11,11,4,0,0,6,1,2,0,4,10,6,7,0,6,9,7,0,16,0,10,
23,6,6,0,3,7,4,1,0,6,2,4,0,5,2,3,0,3,0,4,4,3,2,6,0,1,6,1,11,0,3,
24,11,15,0,7,10,0,0,0,9,7,5,0,2,0,16,0,0,3,2,7,1,14,9,1,0,15,0,11,0,17,
25,12,9,1,2,10,2,0,1,14,11,4,0,1,3,4,0,2,0,4,16,4,20,7,6,15,0,1,9,0,6,
26,1,0,32,1,0,9,31,19,0,0,1,5,2,9,0,21,8,25,9,0,5,1,0,1,0,1,0,0,20,2,
27,47,40,2,8,8,5,0,0,17,5,18,8,2,5,15,0,1,0,5,21,4,7,16,11,11,9,0,0,0,22,
28,0,0,13,0,2,7,21,17,0,0,2,3,0,5,0,19,3,16,5,0,3,0,0,0,0,0,20,0,0,0,
29,14,11,1,5,17,1,0,0,5,15,7,3,0,1,25,0,1,0,0,21,2,27,10,3,17,6,2,22,0,0,
0,0,5,0,18,3,14,9,4,0,0,4,0,13,4,0,3,3,0,0,4,19,2,10,0,2,12,1,4,6,2,
1,5,0,0,2,0,2,7,2,0,0,28,0,23,0,0,0,2,0,0,36,3,2,12,0,48,7,1,0,25,30,
2,0,0,0,0,7,1,0,3,7,15,0,1,1,1,17,13,1,5,11,0,0,4,0,14,0,0,12,0,0,0,
3,18,2,0,0,1,17,14,9,0,0,3,2,19,4,0,0,4,0,0,2,34,5,16,1,1,21,2,10,7,6,
4,3,0,7,1,0,1,0,3,4,2,0,5,0,3,7,8,0,3,5,0,0,11,0,10,0,2,13,1,0,0,
5,14,2,1,17,1,0,9,11,0,3,2,10,22,12,0,0,15,5,1,0,28,7,13,3,1,21,2,10,6,0,
6,9,7,0,14,0,9,0,5,0,0,11,2,20,4,0,0,8,0,0,12,17,2,13,0,12,5,0,3,10,8,
7,4,2,3,9,3,11,5,0,1,1,1,2,5,25,1,0,3,7,0,1,12,39,6,7,1,5,3,9,1,1,
8,0,0,7,0,4,0,0,1,0,13,0,3,0,3,24,4,0,14,8,0,0,1,0,6,0,1,10,0,0,0,
9,0,0,15,0,2,3,0,1,13,0,0,2,0,2,18,5,0,5,13,0,0,3,0,10,0,0,5,2,0,0,
10,4,28,0,3,0,2,11,1,0,0,0,0,13,5,0,0,4,1,0,31,12,3,12,0,38,4,1,1,29,41,
11,0,0,1,2,5,10,2,2,3,2,0,0,2,5,0,0,9,1,0,1,2,12,5,1,2,1,1,29,0,0,
12,13,23,1,19,0,22,20,5,0,0,13,2,0,11,0,0,11,0,1,17,39,7,27,1,21,26,0,9,17,18,
13,4,0,1,4,3,12,4,25,3,2,5,5,11,0,3,2,5,3,1,1,19,31,6,8,1,14,6,6,1,3,
14,0,0,17,0,7,0,0,1,24,18,0,0,0,3,0,8,1,16,10,0,0,0,0,7,0,0,9,0,0,0,
15,3,0,13,0,8,0,0,0,4,5,0,0,0,2,8,0,0,7,6,0,0,0,0,10,0,0,11,5,0,0,
16,3,2,1,4,0,15,8,3,0,0,4,9,11,5,1,0,0,0,0,1,13,4,11,2,3,6,4,6,5,2,
17,0,0,5,0,3,5,0,7,14,5,1,1,0,3,16,7,0,0,18,0,1,1,0,3,0,0,5,1,0,0,
18,0,0,11,0,5,1,0,0,8,13,0,0,1,1,10,6,0,18,0,0,0,1,0,4,0,0,2,0,0,0,
19,4,36,0,2,0,0,12,1,0,0,31,1,17,1,0,0,1,0,0,0,4,2,9,0,31,2,0,0,21,34,
20,19,3,0,34,0,28,17,12,0,0,12,2,39,19,0,0,13,1,0,4,0,12,21,0,4,32,1,11,12,2,
21,2,2,4,5,11,7,2,39,1,3,3,12,7,31,0,0,4,1,1,2,12,0,6,4,0,5,7,14,2,0,
22,10,12,0,16,0,13,13,6,0,0,12,5,27,6,0,0,11,0,0,9,21,6,0,3,10,16,2,4,12,7,
23,0,0,14,1,10,3,0,7,6,10,0,1,1,8,7,10,2,3,4,0,0,4,3,0,0,1,17,1,0,0,
24,2,48,0,1,0,1,12,1,0,0,38,2,21,1,0,0,3,0,0,31,4,0,10,0,0,5,0,0,25,26,
25,12,7,0,21,2,21,5,5,1,0,4,1,26,14,0,0,6,0,0,2,32,5,16,1,5,0,1,2,5,6,
26,1,1,12,2,13,2,0,3,10,5,1,1,0,6,9,11,4,5,2,0,1,7,2,17,0,1,0,4,2,0,
27,4,0,0,10,1,10,3,9,0,2,1,29,9,6,0,5,6,1,0,0,11,14,4,1,0,2,4,0,1,0,
28,6,25,0,7,0,6,10,1,0,0,29,0,17,1,0,0,5,0,0,21,12,2,12,0,25,5,2,1,0,18,
29,2,30,0,6,0,0,8,1,0,0,41,0,18,3,0,0,2,0,0,34,2,0,7,0,26,6,0,0,18,0,
0,0,15,4,1,2,12,6,9,6,1,6,7,3,1,18,3,3,4,0,1,7,4,0,1,0,2,16,9,2,7,
1,15,0,0,7,3,9,18,17,15,3,45,2,0,3,38,2,14,5,0,27,9,1,5,6,0,6,57,21,2,1,
2,4,0,0,0,30,3,1,1,3,0,1,26,8,0,3,6,0,0,0,0,0,0,0,0,0,0,1,3,4,8,
3,1,7,0,0,0,0,3,8,2,32,4,0,0,20,5,0,31,10,6,4,9,5,24,21,6,31,10,4,0,0,
4,2,3,30,0,0,2,3,1,1,0,3,14,3,1,3,3,0,0,1,3,3,0,0,0,0,1,1,0,6,8,
5,12,9,3,0,2,0,4,5,9,6,5,5,1,0,14,1,0,1,2,4,5,2,1,0,0,2,12,8,2,0,
6,6,18,1,3,3,4,0,16,8,19,6,1,1,9,12,0,12,4,7,16,7,0,12,5,3,13,30,9,0,2,
7,9,17,1,8,1,5,16,0,14,5,17,3,1,5,18,1,1,3,1,14,8,2,4,4,3,7,29,17,0,1,
8,6,15,3,2,1,9,8,14,0,2,9,2,2,3,12,0,4,2,4,8,9,0,5,3,3,3,15,12,1,0,
9,1,3,0,32,0,6,19,5,2,0,8,2,0,49,10,0,93,33,14,9,12,3,56,35,13,61,6,6,0,1,
10,6,45,1,4,3,5,6,17,9,8,0,9,1,2,30,1,10,8,4,28,10,0,4,5,2,1,43,18,0,6,
11,7,2,26,0,14,5,1,3,2,2,9,0,6,0,2,18,1,2,3,6,5,0,2,0,0,0,4,1,23,28,
12,3,0,8,0,3,1,1,1,2,0,1,6,0,1,1,3,0,0,0,0,0,0,0,0,0,0,3,1,8,10,
13,1,3,0,20,1,0,9,5,3,49,2,0,1,0,3,0,27,19,10,7,1,6,27,24,15,38,7,2,0,0,
14,18,38,3,5,3,14,12,18,12,10,30,2,1,3,0,0,6,6,4,26,17,2,4,11,3,4,42,16,2,3,
15,3,2,6,0,3,1,0,1,0,0,1,18,3,0,0,0,0,0,0,1,0,0,0,0,0,0,0,1,10,20,
16,3,14,0,31,0,0,12,1,4,93,10,1,0,27,6,0,0,33,15,11,3,7,50,32,15,48,9,7,1,2,
17,4,5,0,10,0,1,4,3,2,33,8,2,0,19,6,0,33,0,18,7,4,4,21,17,13,20,11,9,0,0,
18,0,0,0,6,1,2,7,1,4,14,4,3,0,10,4,0,15,18,0,4,4,33,17,21,37,15,5,3,0,0,
19,1,27,0,4,3,4,16,14,8,9,28,6,0,7,26,1,11,7,4,0,20,1,7,4,1,8,37,24,1,0,
20,7,9,0,9,3,5,7,8,9,12,10,5,0,1,17,0,3,4,4,20,0,3,5,5,2,7,33,27,0,0,
21,4,1,0,5,0,2,0,2,0,3,0,0,0,6,2,0,7,4,33,1,3,0,7,8,48,13,0,0,0,0,
22,0,5,0,24,0,1,12,4,5,56,4,2,0,27,4,0,50,21,17,7,5,7,0,16,15,45,10,10,0,1,
23,1,6,0,21,0,0,5,4,3,35,5,0,0,24,11,0,32,17,21,4,5,8,16,0,16,31,8,4,0,0,
24,0,0,0,6,0,0,3,3,3,13,2,0,0,15,3,0,15,13,37,1,2,48,15,16,0,15,1,2,0,1,
25,2,6,0,31,1,2,13,7,3,61,1,0,0,38,4,0,48,20,15,8,7,13,45,31,15,0,15,4,0,0,
26,16,57,1,10,1,12,30,29,15,6,43,4,3,7,42,0,9,11,5,37,33,0,10,8,1,15,0,27,2,4,
27,9,21,3,4,0,8,9,17,12,6,18,1,1,2,16,1,7,9,3,24,27,0,10,4,2,4,27,0,0,3,
28,2,2,4,0,6,2,0,0,1,0,0,23,8,0,2,10,1,0,0,1,0,0,0,0,0,0,2,0,0,4,
29,7,1,8,0,8,0,2,1,0,1,6,28,10,0,3,20,2,0,0,0,0,0,1,0,1,0,4,3,4,0,
0,0,4,0,1,0,0,5,0,0,10,25,0,23,0,4,8,10,0,3,7,0,6,2,2,0,1,0,5,0,2,
1,4,0,1,14,12,24,0,1,0,4,2,16,1,6,17,1,3,1,3,0,3,0,23,24,2,13,2,3,22,16,
2,0,1,0,0,3,3,0,17,21,0,0,0,0,26,0,2,0,27,0,1,38,0,1,10,25,3,26,1,14,0,
3,1,14,0,0,18,5,3,3,0,4,1,5,2,2,7,0,1,0,3,0,1,0,5,7,0,13,0,1,2,3,
4,0,12,3,18,0,7,4,2,0,3,0,6,1,1,10,1,0,4,0,1,0,0,12,10,0,18,4,0,10,3,
5,0,24,3,5,7,0,0,0,0,4,2,4,3,2,20,4,3,7,3,2,2,0,12,19,3,9,3,0,9,16,
6,5,0,0,3,4,0,0,0,0,15,17,0,16,0,0,20,18,1,8,14,0,5,0,0,0,0,0,5,0,1,
7,0,1,17,3,2,0,0,0,6,0,0,0,0,28,0,0,0,19,0,0,32,0,0,9,14,3,33,0,12,1,
8,0,0,21,0,0,0,0,6,0,1,0,0,0,6,0,0,0,7,0,0,15,0,0,3,50,3,11,0,5,0,
9,10,4,0,4,3,4,15,0,1,0,17,0,18,0,1,19,28,0,8,15,0,16,4,0,0,6,0,22,1,1,
10,25,2,0,1,0,2,17,0,0,17,0,1,32,0,2,8,10,0,5,8,0,5,2,0,0,2,0,3,1,3,
11,0,16,0,5,6,4,0,0,0,0,1,0,0,2,16,1,3,3,8,7,1,0,11,9,5,19,0,0,11,11,
12,23,1,0,2,1,3,16,0,0,18,32,0,0,0,5,12,29,0,9,8,0,7,0,3,1,1,0,15,0,1,
13,0,6,26,2,1,2,0,28,6,0,0,2,0,0,3,0,0,30,0,0,29,0,3,8,20,6,43,0,13,2,
14,4,17,0,7,10,20,0,0,0,1,2,16,5,3,0,1,1,1,4,1,2,0,25,14,0,15,0,3,21,19,
15,8,1,2,0,1,4,20,0,0,19,8,1,12,0,1,0,19,1,16,23,0,5,2,1,0,0,0,16,0,2,
16,10,3,0,1,0,3,18,0,0,28,10,3,29,0,1,19,0,0,20,16,0,6,0,4,0,1,0,14,1,2,
17,0,1,27,0,4,7,1,19,7,0,0,3,0,30,1,1,0,0,0,1,33,0,3,8,6,1,31,2,21,3,
18,3,3,0,3,0,3,8,0,0,8,5,8,9,0,4,16,20,0,0,30,2,8,3,0,0,2,0,7,1,3,
19,7,0,1,0,1,2,14,0,0,15,8,7,8,0,1,23,16,1,30,0,0,6,0,0,0,0,0,8,0,2,
20,0,3,38,1,0,2,0,32,15,0,0,1,0,29,2,0,0,33,2,0,0,0,0,8,11,1,49,0,29,1,
21,6,0,0,0,0,0,5,0,0,16,5,0,7,0,0,5,6,0,8,6,0,0,0,0,1,0,0,11,0,0,
22,2,23,1,5,12,12,0,0,0,4,2,11,0,3,25,2,0,3,3,0,0,0,0,13,2,23,5,3,23,13,
23,2,24,10,7,10,19,0,9,3,0,0,9,3,8,14,1,4,8,0,0,8,0,13,0,6,14,12,0,31,5,
24,0,2,25,0,0,3,0,14,50,0,0,5,1,20,0,0,0,6,0,0,11,1,2,6,0,0,14,0,5,1,
25,1,13,3,13,18,9,0,3,3,6,2,19,1,6,15,0,1,1,2,0,1,0,23,14,0,0,0,1,18,14,
26,0,2,26,0,4,3,0,33,11,0,0,0,0,43,0,0,0,31,0,0,49,0,5,12,14,0,0,0,11,2,
27,5,3,1,1,0,0,5,0,0,22,3,0,15,0,3,16,14,2,7,8,0,11,3,0,0,1,0,0,3,2,
28,0,22,14,2,10,9,0,12,5,1,1,11,0,13,21,0,1,21,1,0,29,0,23,31,5,18,11,3,0,8,
29,2,16,0,3,3,16,1,1,0,1,3,11,1,2,19,2,2,3,3,2,1,0,13,5,1,14,2,2,8,0,
0,0,3,1,2,9,9,16,14,24,3,2,14,2,22,3,27,7,11,3,8,2,1,0,3,1,7,36,8,13,0,
1,3,0,7,6,1,5,6,0,5,14,1,5,14,3,19,1,18,4,7,12,15,0,0,0,0,18,5,8,7,0,
2,1,7,0,10,2,0,14,0,1,10,0,0,8,5,4,1,15,2,12,13,10,0,0,0,0,1,1,0,0,0,
3,2,6,10,0,1,1,10,2,1,14,0,1,14,2,12,2,8,0,10,11,10,0,0,0,0,12,2,11,1,0,
4,9,1,2,1,0,14,4,5,17,2,0,6,0,5,4,4,8,10,1,5,2,0,0,2,3,2,10,4,7,0,
5,9,5,0,1,14,0,7,6,14,6,1,13,2,16,1,4,4,12,3,2,0,1,0,2,2,2,16,6,6,0,
6,16,6,14,10,4,7,0,5,14,25,0,11,6,8,17,9,42,21,7,13,6,0,0,1,2,5,12,10,7,1,
7,14,0,0,2,5,6,5,0,10,0,5,10,1,11,1,3,3,11,0,2,1,5,0,2,3,0,11,2,4,1,
8,24,5,1,1,17,14,14,10,0,10,2,29,4,15,1,21,7,15,4,6,2,1,1,4,0,4,22,10,21,1,
9,3,14,10,14,2,6,25,0,10,0,0,5,28,7,11,5,46,6,17,29,7,1,0,0,0,11,6,4,1,0,
10,2,1,0,0,0,1,0,5,2,0,0,4,1,5,0,0,0,3,0,0,0,31,28,68,14,0,3,0,0,19,
11,14,5,0,1,6,13,11,10,29,5,4,0,2,32,2,12,2,26,2,4,2,4,0,8,0,4,30,5,21,5,
12,2,14,8,14,0,2,6,1,4,28,1,2,0,4,21,3,26,1,7,7,22,0,0,0,0,9,3,3,1,0,
13,22,3,5,2,5,16,8,11,15,7,5,32,4,0,1,17,8,15,3,4,1,3,1,3,0,2,33,6,14,7,
14,3,19,4,12,4,1,17,1,1,11,0,2,21,1,0,5,17,1,4,6,7,0,0,2,1,7,3,1,3,0,
15,27,1,1,2,4,4,9,3,21,5,0,12,3,17,5,0,12,13,1,9,3,2,0,1,0,5,18,3,3,1,
16,7,18,15,8,8,4,42,3,7,46,0,2,26,8,17,12,0,11,17,23,20,2,0,1,0,18,16,4,4,0,
17,11,4,2,0,10,12,21,11,15,6,3,26,1,15,1,13,11,0,3,9,4,2,0,8,2,3,29,7,16,5,
18,3,7,12,10,1,3,7,0,4,17,0,2,7,3,4,1,17,3,0,13,7,0,0,0,0,12,5,2,0,0,
19,8,12,13,11,5,2,13,2,6,29,0,4,7,4,6,9,23,9,13,0,9,0,0,1,0,6,9,4,2,1,
20,2,15,10,10,2,0,6,1,2,7,0,2,22,1,7,3,20,4,7,9,0,0,0,0,0,4,2,2,1,0,
21,1,0,0,0,0,1,0,5,1,1,31,4,0,3,0,2,2,2,0,0,0,0,15,28,18,0,3,0,2,11,
22,0,0,0,0,0,0,0,0,1,0,28,0,0,1,0,0,0,0,0,0,0,15,0,35,15,0,0,0,0,52,
23,3,0,0,0,2,2,1,2,4,0,68,8,0,3,2,1,1,8,0,1,0,28,35,0,25,0,5,1,3,23,
24,1,0,0,0,3,2,2,3,0,0,14,0,0,0,1,0,0,2,0,0,0,18,15,25,0,0,6,0,4,4,
25,7,18,1,12,2,2,5,0,4,11,0,4,9,2,7,5,18,3,12,6,4,0,0,0,0,0,2,2,3,0,
26,36,5,1,2,10,16,12,11,22,6,3,30,3,33,3,18,16,29,5,9,2,3,0,5,6,2,0,8,13,1,
27,8,8,0,11,4,6,10,2,10,4,0,5,3,6,1,3,4,7,2,4,2,0,0,1,0,2,8,0,3,1,
28,13,7,0,1,7,6,7,4,21,1,0,21,1,14,3,3,4,16,0,2,1,2,0,3,4,3,13,3,0,1,
29,0,0,0,0,0,0,1,1,1,0,19,5,0,7,0,1,0,5,0,1,0,11,52,23,4,0,1,1,1,0,
0,0,6,0,2,0,0,31,57,2,11,38,32,6,1,15,5,4,1,0,5,37,75,0,2,2,5,2,5,32,4,
1,6,0,10,0,18,18,4,5,18,24,5,4,21,20,32,37,1,16,28,13,6,4,5,11,7,26,12,20,6,0,
2,0,10,0,0,11,5,1,5,13,6,3,0,5,8,18,20,0,7,10,5,2,3,7,7,8,10,8,5,5,0,
3,2,0,0,0,0,0,3,0,2,1,2,4,2,0,0,0,39,0,0,0,0,1,1,0,0,0,2,0,1,36,
4,0,18,11,0,0,19,0,2,15,3,4,1,6,10,18,19,0,5,16,6,3,2,5,6,5,15,8,5,6,0,
5,0,18,5,0,19,0,1,0,9,5,0,2,8,7,11,12,2,4,7,2,4,5,15,4,4,10,2,2,4,1,
6,31,4,1,3,0,1,0,28,2,5,17,11,10,0,4,4,4,2,0,0,16,22,0,1,2,4,6,1,10,4,
7,57,5,5,0,2,0,28,0,4,6,26,30,9,2,8,2,3,1,1,0,20,66,2,1,2,8,6,4,22,4,
8,2,18,13,2,15,9,2,4,0,16,3,1,5,27,31,26,1,5,19,7,2,4,6,6,16,17,5,7,6,0,
9,11,24,6,1,3,5,5,6,16,0,9,7,16,10,32,24,6,3,17,5,11,5,5,7,9,28,6,11,10,4,
10,38,5,3,2,4,0,17,26,3,9,0,26,11,9,8,9,3,1,3,0,33,43,2,7,3,8,10,11,23,1,
11,32,4,0,4,1,2,11,30,1,7,26,0,8,0,8,5,10,0,0,1,16,35,1,2,1,0,5,5,17,9,
12,6,21,5,2,6,8,10,9,5,16,11,8,0,12,25,26,0,0,8,6,6,10,1,5,9,19,16,11,7,1,
13,1,20,8,0,10,7,0,2,27,10,9,0,12,0,20,28,0,5,16,7,8,3,3,5,14,12,4,12,2,0,
14,15,32,18,0,18,11,4,8,31,32,8,8,25,20,0,47,0,12,25,4,13,7,8,10,8,33,10,19,15,1,
15,5,37,20,0,19,12,4,2,26,24,9,5,26,28,47,0,1,17,34,8,12,4,10,12,17,28,13,20,7,0,
16,4,1,0,39,0,2,4,3,1,6,3,10,0,0,0,1,0,0,0,0,5,4,1,0,0,0,3,0,2,81,
17,1,16,7,0,5,4,2,1,5,3,1,0,0,5,12,17,0,0,11,27,4,1,3,5,10,1,1,8,0,0,
